Wall time,Step,Value
1648780244.520875,4,0.04000097140669823
1648780244.7371087,17,0.04001256823539734
1648780244.9842312,32,0.040042243897914886
1648780245.0932755,39,0.040062066167593
1648780245.1242194,41,0.040068428963422775
1648780245.2480614,49,0.04009697586297989
1648780245.5722399,70,0.0401955172419548
1648780245.6020026,72,0.04020668566226959
1648780245.6625125,76,0.04022995010018349
1648780245.9265401,93,0.040342651307582855
1648780246.548338,133,0.04069602116942406
1648780246.6932695,142,0.040792565792798996
1648780246.95315,159,0.040991973131895065
1648780247.4618678,192,0.04144258052110672
1648780247.5246198,196,0.04150288924574852
1648780247.5837746,200,0.041564423590898514
1648780247.8605928,218,0.041856516152620316
1648780248.2907515,246,0.04236016795039177
1648780248.4265475,255,0.04253476485610008
1648780248.730474,275,0.04294484481215477
1648780248.8068554,280,0.04305211827158928
1648780249.248828,309,0.04371165856719017
1648780249.370403,317,0.04390479251742363
1648780249.9985728,358,0.04497021436691284
1648780250.0747318,363,0.045108772814273834
1648780250.151384,368,0.045249197632074356
1648780250.5038471,391,0.04591916874051094
1648780250.5207136,392,0.045949190855026245
1648780250.655307,401,0.04622273147106171
1648780250.6846364,403,0.04628433659672737
1648780253.4936912,485,0.04906364157795906
1648780253.7998772,504,0.04977764934301376
1648780253.8146586,505,0.04981594905257225
1648780253.860725,508,0.04993129149079323
1648780254.0323982,519,0.05035974830389023
1648780254.047613,520,0.05039913207292557
1648780254.4651344,547,0.05148952826857567
1648780254.7269256,564,0.0522027425467968
1648780255.206626,595,0.053555916994810104
1648780255.2219806,596,0.05360069498419762
1648780255.331482,603,0.053916085511446
1648780255.3772633,606,0.05405230075120926
1648780255.5673947,618,0.054603442549705505
1648780255.787753,632,0.055259086191654205
1648780255.9615583,643,0.055783744901418686
1648780256.0869699,651,0.05617054924368858
1648780256.102131,652,0.056219205260276794
1648780256.1819963,657,0.05646353214979172
1648780256.2439408,661,0.05666022747755051
1648780256.2745388,663,0.05675898492336273
1648780256.654196,687,0.05796531215310097
1648780256.765115,694,0.05832451581954956
1648780256.7802892,695,0.05837609991431236
1648780256.953956,706,0.05894797295331955
1648780257.2042456,722,0.059794265776872635
1648780257.2820857,727,0.060062237083911896
1648780257.4224703,736,0.06054876744747162
1648780257.850064,763,0.06204044446349144
1648780257.9454176,769,0.0623784214258194
1648780258.1158159,780,0.06300413608551025
1648780258.1921964,785,0.06329114735126495
1648780258.2507706,789,0.06352192908525467
1648780258.356542,796,0.0639282613992691
1648780258.557798,809,0.06469124555587769
1648780258.5729644,810,0.06475038826465607
1648780258.6835492,817,0.06516615301370621
1648780258.7298322,820,0.06534528732299805
1648780259.0586271,841,0.06661522388458252
1648780259.4372818,865,0.06810048967599869
1648780259.4529245,866,0.06816315650939941
1648780259.5171819,870,0.06841443479061127
1648780259.5973432,875,0.06872992217540741
1648780259.7253466,883,0.06923791021108627
1648780260.3178942,921,0.0717041939496994
1648780262.1466494,944,0.07323917001485825
1648780262.3516645,957,0.07412064075469971
1648780262.3997183,960,0.07432546466588974
1648780262.5870807,972,0.0751500353217125
1648780263.2026765,1011,0.07788733392953873
1648780263.3628283,1021,0.07860316336154938
1648780263.559925,1034,0.0795421376824379
1648780263.840231,1052,0.0808577686548233
1648780263.965637,1060,0.08144821971654892
1648780264.2142935,1076,0.08263958990573883
1648780264.2778478,1080,0.08293960243463516
1648780264.373221,1086,0.0833912268280983
1648780265.3046746,1146,0.0880119800567627
1648780265.35274,1149,0.08824791014194489
1648780265.4613085,1156,0.08880019932985306
1648780266.161533,1199,0.09224659204483032
1648780266.647739,1228,0.09462188929319382
1648780266.725181,1233,0.09503547847270966
1648780266.863279,1242,0.09578289836645126
1648780267.0814543,1256,0.09695304930210114
1648780267.1744742,1262,0.09745731204748154
1648780267.2374609,1266,0.09779440611600876
1648780267.5673044,1287,0.09957602620124817
1648780267.6284764,1291,0.09991762787103653
1648780267.9075575,1309,0.10146355628967285
1648780268.0619576,1319,0.10232852399349213
1648780268.2599826,1332,0.10345940291881561
1648780268.3355618,1337,0.10389627516269684
1648780268.3652103,1339,0.10407131910324097
1648780268.4577515,1345,0.10459745675325394
1648780268.4726522,1346,0.10468529164791107
1648780268.716879,1362,0.10609631985425949
1648780268.8880596,1373,0.10707248747348785
1648780268.9981303,1380,0.10769624263048172
1648780269.1686873,1391,0.10868038237094879
1648780269.2905905,1399,0.10939913243055344
1648780271.0516353,1419,0.11120689660310745
1648780271.1599667,1426,0.11184323579072952
1648780271.5306308,1450,0.11403892934322357
1648780271.9781554,1479,0.11672008037567139
1648780272.055082,1484,0.11718536168336868
1648780272.5620089,1517,0.1202777549624443
1648780272.6399753,1522,0.12074949592351913
1648780273.195931,1558,0.12416981905698776
1648780273.2891111,1564,0.12474384158849716
1648780273.3196757,1566,0.12493542581796646
1648780274.0661983,1614,0.12956911325454712
1648780274.1137774,1617,0.12986092269420624
1648780274.1762652,1621,0.13025037944316864
1648780274.3328822,1631,0.13122595846652985
1648780274.970465,1672,0.13525351881980896
1648780275.3470635,1696,0.13763068616390228
1648780275.5790546,1711,0.13912333548069
1648780275.7806344,1724,0.1404210925102234
1648780276.6710737,1782,0.1462545543909073
1648780276.7332873,1786,0.14665929973125458
1648780276.7803302,1789,0.14696305990219116
1648780277.0477018,1806,0.1486874222755432
1648780277.1892486,1815,0.14960236847400665
1648780277.3153017,1823,0.1504167914390564
1648780277.7849941,1853,0.15348002314567566
1648780279.7785642,1884,0.15665923058986664
1648780279.956546,1895,0.157790407538414
1648780280.1971142,1910,0.15933531522750854
1648780280.3689132,1921,0.1604698896408081
1648780281.0544794,1960,0.16450253129005432
1648780281.1641989,1967,0.16522781550884247
1648780281.503843,1989,0.16750980913639069
1648780281.8468535,2011,0.16979515552520752
1648780281.9400544,2017,0.17041893303394318
1648780282.0653253,2025,0.17125093936920166
1648780282.0984783,2027,0.17145898938179016
1648780282.2389147,2036,0.17239543795585632
1648780282.5365455,2055,0.17437344789505005
1648780282.7232225,2067,0.1756233274936676
1648780282.957937,2082,0.17718616127967834
1648780283.178593,2096,0.17864511907100677
1648780283.257833,2101,0.17916621267795563
1648780283.7084327,2130,0.18218860030174255
1648780283.9101772,2143,0.18354322016239166
1648780283.958637,2146,0.1838557869195938
1648780284.5445774,2184,0.1878127008676529
1648780284.6216917,2189,0.1883329451084137
1648780284.6663053,2192,0.18864504992961884
1648780284.896881,2207,0.19020484387874603
1648780285.1583843,2224,0.1919710636138916
1648780285.2808158,2232,0.1928015798330307
1648780285.3405473,2236,0.19321666657924652
1648780285.5397356,2249,0.19456487894058228
1648780285.5545907,2250,0.19466853141784668
1648780286.0900202,2285,0.1982908844947815
1648780286.1368923,2288,0.19860082864761353
1648780286.260355,2296,0.19942688941955566
1648780286.3379774,2301,0.19994282722473145
1648780286.948695,2338,0.20375172793865204
1648780288.6757824,2355,0.2054958939552307
1648780288.690528,2356,0.2055983692407608
1648780288.9388413,2372,0.20723597705364227
1648780289.092067,2382,0.2082575261592865
1648780289.7354763,2424,0.21253031492233276
1648780290.077863,2446,0.21475601196289062
1648780290.4079826,2467,0.21687185764312744
1648780290.5364635,2475,0.21767553687095642
1648780290.5522146,2476,0.21777591109275818
1648780290.6172125,2480,0.2181771695613861
1648780290.8824494,2497,0.21987871825695038
1648780291.25562,2521,0.2222699671983719
1648780291.3485355,2527,0.22286570072174072
1648780291.5135763,2537,0.22385667264461517
1648780291.5288637,2538,0.2239556461572647
1648780291.5443132,2539,0.22405458986759186
1648780291.7458832,2552,0.22533857822418213
1648780292.4262788,2596,0.22965218126773834
1648780292.8901672,2626,0.23256300389766693
1648780293.2020328,2646,0.2344890832901001
1648780293.3280842,2654,0.235256165266037
1648780293.373918,2657,0.23554331064224243
1648780293.4825506,2664,0.23621223866939545
1648780294.041432,2700,0.23962795734405518
1648780294.1340778,2706,0.24019314348697662
1648780294.2119358,2711,0.24066323041915894
1648780294.7362726,2745,0.24383710324764252
1648780294.7971573,2749,0.24420784413814545
1648780294.967772,2760,0.2452244609594345
1648780295.061006,2766,0.24577713012695312
1648780295.1840622,2774,0.24651199579238892
1648780295.2923372,2781,0.24715305864810944
1648780295.4150105,2789,0.24788346886634827
1648780295.6632297,2805,0.24933704733848572
1648780295.7707527,2812,0.24996991455554962
1648780298.0003815,2859,0.2541690468788147
1648780298.0976372,2865,0.2546986937522888
1648780298.1954403,2871,0.25522682070732117
1648780298.3089504,2878,0.25584110617637634
1648780298.3902304,2883,0.2562786042690277
1648780298.5495694,2893,0.25715044140815735
1648780298.5813086,2895,0.2573242783546448
1648780298.7246828,2904,0.25810450315475464
1648780298.7723827,2907,0.2583637833595276
1648780299.00184,2921,0.2595686614513397
1648780299.182261,2932,0.2605092525482178
1648780299.5489419,2955,0.262458473443985
1648780299.7859702,2970,0.2637167274951935
1648780299.9259458,2979,0.26446667313575745
1648780300.1146894,2991,0.26546069979667664
1648780300.270035,3001,0.2662838399410248
1648780300.5419037,3019,0.2677534222602844
1648780300.6794007,3028,0.2684822976589203
1648780300.6965835,3029,0.26856306195259094
1648780300.8058155,3036,0.26912689208984375
1648780300.89681,3042,0.2696082293987274
1648780301.2390075,3064,0.27135786414146423
1648780301.689772,3093,0.2736266255378723
1648780302.2375312,3128,0.2763066291809082
1648780302.5140202,3146,0.2776595652103424
1648780302.545509,3148,0.27780881524086
1648780303.056833,3181,0.28023985028266907
1648780303.275769,3195,0.28125301003456116
1648780303.3077216,3197,0.2813968360424042
1648780303.541118,3212,0.2824684679508209
1648780303.74396,3225,0.28338685631752014
1648780303.8196623,3230,0.28373754024505615
1648780304.179028,3253,0.28533199429512024
1648780304.5087519,3274,0.2867608368396759
1648780304.5846863,3279,0.2870972156524658
1648780306.887354,3331,0.29050663113594055
1648780306.963929,3336,0.29082581400871277
1648780306.979357,3337,0.2908894419670105
1648780307.0717187,3343,0.29127007722854614
1648780307.2911568,3357,0.29214954376220703
1648780307.3847165,3363,0.29252272844314575
1648780307.5081365,3371,0.29301682114601135
1648780307.5864406,3376,0.2933236062526703
1648780307.7108548,3384,0.293811172246933
1648780307.7262602,3385,0.29387184977531433
1648780308.3117,3422,0.29607173800468445
1648780308.5607495,3438,0.2969958484172821
1648780309.1554797,3476,0.2991239130496979
1648780309.3883147,3491,0.29993775486946106
1648780309.6987538,3511,0.30099964141845703
1648780309.8889375,3523,0.3016239106655121
1648780309.985486,3529,0.3019323945045471
1648780310.471904,3560,0.3034873902797699
1648780310.5814452,3567,0.30382946133613586
1648780311.1573431,3604,0.30558139085769653
1648780311.3734477,3618,0.3062194883823395
1648780311.4641159,3624,0.3064887821674347
1648780312.0315497,3661,0.30809342861175537
1648780312.2942832,3678,0.3087981641292572
1648780312.603366,3698,0.3096008598804474
1648780312.8175652,3712,0.31014567613601685
1648780313.201733,3737,0.3110833466053009
1648780315.128585,3766,0.3121141195297241
1648780315.385869,3781,0.31262317299842834
1648780315.5032136,3788,0.312855064868927
1648780315.5183744,3789,0.31288790702819824
1648780315.6403222,3797,0.3131479024887085
1648780315.7471592,3804,0.31337153911590576
1648780316.1719875,3832,0.314229816198349
1648780316.4615064,3851,0.31477904319763184
1648780317.0132794,3887,0.31574562191963196
1648780317.087802,3892,0.3158721625804901
1648780317.6621602,3929,0.31675001978874207
1648780317.7223055,3933,0.31683871150016785
1648780317.7696972,3936,0.3169044554233551
1648780318.258287,3968,0.317562997341156
1648780318.2733371,3969,0.31758230924606323
1648780318.3988454,3977,0.31773415207862854
1648780318.9047248,4010,0.31830883026123047
1648780319.2404613,4032,0.31864556670188904
1648780319.3460538,4039,0.3187449276447296
1648780319.518053,4050,0.3188934326171875
1648780319.60858,4056,0.31897053122520447
1648780319.6853244,4061,0.3190326392650604
1648780319.8374763,4071,0.3191511034965515
1648780319.929788,4077,0.3192184567451477
1648780320.006842,4082,0.3192724883556366
1648780320.3627734,4105,0.31949612498283386
1648780320.3785431,4106,0.31950491666793823
1648780320.6958008,4126,0.3196645975112915
1648780320.8214574,4134,0.3197197914123535
1648780320.9329243,4141,0.31976404786109924
1648780321.2208297,4159,0.3198603689670563
1648780321.716346,4190,0.3199673891067505
1648780321.8537834,4199,0.319984495639801
1648780323.6916366,4223,0.3199998736381531
1648780324.4409032,4271,0.3199779987335205
1648780324.5196588,4276,0.31997355818748474
1648780324.691539,4287,0.31996235251426697
1648780324.8005915,4294,0.3199542164802551
1648780324.8309734,4296,0.31995174288749695
1648780325.0326526,4309,0.31993407011032104
1648780325.6881037,4351,0.319858193397522
1648780325.8451061,4361,0.319835901260376
1648780325.9840488,4370,0.31981444358825684
1648780326.5974426,4409,0.3197062611579895
1648780326.6720097,4414,0.3196905851364136
1648780327.3401415,4457,0.3195391595363617
1648780328.1388292,4509,0.31931594014167786
1648780328.6326861,4541,0.31915679574012756
1648780328.9283123,4560,0.3190544545650482
1648780329.3444636,4587,0.3188989758491516
1648780329.7020528,4610,0.31875723600387573
1648780329.7168412,4611,0.31875088810920715
1648780329.8892457,4622,0.31867989897727966
1648780330.0912092,4635,0.31859347224235535
1648780330.3389719,4651,0.3184833824634552
1648780330.4325101,4657,0.3184410035610199
1648780330.7614434,4678,0.3182882070541382
1648780332.5367045,4698,0.3181360960006714
1648780332.614388,4703,0.3180970549583435
1648780333.004058,4728,0.3178958296775818
1648780333.0191827,4729,0.3178875744342804
1648780333.177756,4739,0.31780409812927246
1648780333.1927588,4740,0.31779566407203674
1648780333.4218037,4755,0.31766724586486816
1648780333.4514525,4757,0.31764984130859375
1648780333.5281513,4762,0.3176060616970062
1648780333.5726018,4765,0.31757959723472595
1648780334.3226614,4814,0.3171270489692688
1648780334.49395,4825,0.31702014803886414
1648780334.9005919,4851,0.31675985455513
1648780335.7316499,4905,0.3161848187446594
1648780335.8249748,4911,0.316118061542511
1648780335.9481854,4919,0.3160281777381897
1648780336.121145,4930,0.3159028887748718
1648780336.185236,4934,0.3158568739891052
1648780336.480249,4953,0.31563475728034973
1648780336.9821978,4985,0.3152477741241455
1648780336.9972634,4986,0.315235435962677
1648780337.0619237,4990,0.3151858448982239
1648780337.0922863,4992,0.31516098976135254
1648780337.1538365,4996,0.3151110112667084
1648780337.4199514,5013,0.314895898103714
1648780338.0218644,5052,0.31438520550727844
1648780338.038588,5053,0.314371794462204
1648780338.1903946,5063,0.3142368495464325
1648780338.2517178,5067,0.31418243050575256
1648780338.4668434,5081,0.3139899671077728
1648780338.821233,5104,0.3136671185493469
1648780339.2980287,5135,0.3132189214229584
1648780339.4688404,5146,0.31305626034736633
1648780339.5135388,5149,0.3130115866661072
1648780339.5461714,5151,0.3129817247390747
1648780339.6058607,5155,0.31292179226875305
1648780341.6088734,5188,0.3124179244041443
1648780342.1128097,5220,0.31191322207450867
1648780342.2856631,5231,0.3117360770702362
1648780342.3648007,5236,0.3116549253463745
1648780343.0532002,5280,0.3109242618083954
1648780343.2422912,5292,0.3107198476791382
1648780343.4445403,5305,0.31049588322639465
1648780343.6629267,5319,0.31025177240371704
1648780343.723642,5323,0.31018149852752686
1648780343.7899284,5327,0.3101109564304352
1648780343.8350034,5330,0.3100579082965851
1648780343.9943018,5340,0.3098800480365753
1648780344.2578154,5357,0.309574156999588
1648780345.1545465,5413,0.3085355758666992
1648780345.5756664,5439,0.3080372214317322
1648780345.591948,5440,0.3080178499221802
1648780345.6750174,5445,0.30792078375816345
1648780346.097322,5471,0.3074099123477936
1648780346.2743487,5482,0.3071907162666321
1648780346.4500453,5493,0.30696970224380493
1648780346.596518,5502,0.30678755044937134
1648780346.7583632,5512,0.3065837323665619
1648780347.099707,5533,0.3061508238315582
1648780347.212276,5540,0.3060050904750824
1648780347.422815,5553,0.30573245882987976
1648780347.6816006,5569,0.3053934872150421
1648780347.82483,5578,0.3052011728286743
1648780350.073364,5628,0.30411091446876526
1648780350.1050138,5630,0.30406653881073
1648780350.510556,5656,0.30348432064056396
1648780350.6968322,5668,0.3032122850418091
1648780351.2748868,5705,0.30236029624938965
1648780351.3055573,5707,0.3023136854171753
1648780351.6656203,5730,0.30177339911460876
1648780352.145833,5761,0.3010331392288208
1648780353.061858,5820,0.2995862066745758
1648780353.5922897,5854,0.29872989654541016
1648780353.883923,5873,0.29824426770210266
1648780353.9596844,5878,0.298115611076355
1648780354.3199122,5901,0.297519326210022
1648780354.3641074,5904,0.2974410057067871
1648780354.81575,5933,0.2966774106025696
1648780354.8642035,5936,0.29659774899482727
1648780355.2231574,5959,0.29598286747932434
1648780355.3484335,5967,0.29576727747917175
1648780355.3963528,5970,0.29568618535995483
1648780355.6308866,5985,0.29527896642684937
1648780355.645516,5986,0.2952516973018646
1648780355.784595,5995,0.295005738735199
1648780355.8478491,5999,0.29489606618881226
1648780356.0135067,6010,0.29459336400032043
1648780356.199645,6022,0.29426121711730957
1648780356.2628305,6026,0.29415008425712585
1648780359.3237321,6129,0.29121333360671997
1648780359.513563,6141,0.29086190462112427
1648780359.7319105,6155,0.29044950008392334
1648780359.9032154,6166,0.2901236116886139
1648780360.1647284,6183,0.2896168529987335
1648780360.179809,6184,0.2895869314670563
1648780360.2266796,6187,0.2894970774650574
1648780360.461846,6202,0.2890459895133972
1648780360.650534,6214,0.2886829674243927
1648780360.7543874,6220,0.2885007858276367
1648780361.0851667,6240,0.2878900170326233
1648780361.1008403,6241,0.28785935044288635
1648780361.3215368,6255,0.28742852807044983
1648780362.3456476,6320,0.28539517521858215
1648780362.3774226,6322,0.28533175587654114
1648780362.408115,6324,0.28526827692985535
1648780362.5338802,6332,0.285013884305954
1648780362.7897694,6348,0.28450262546539307
1648780362.821356,6350,0.28443849086761475
1648780362.9483042,6358,0.2841814458370209
1648780363.2341237,6376,0.2836001217365265
1648780364.0284915,6426,0.2819640636444092
1648780364.285533,6441,0.28146716952323914
1648780364.5676186,6459,0.28086724877357483
1648780364.814017,6474,0.2803642451763153
1648780365.4228723,6513,0.279043585062027
1648780365.6765301,6529,0.2784964442253113
1648780365.8188362,6538,0.2781873345375061
1648780366.2273512,6564,0.2772888243198395
1648780367.7643821,6568,0.27714988589286804
1648780367.9454925,6579,0.2767668068408966
1648780368.1195965,6590,0.2763822674751282
1648780368.884598,6638,0.27468764781951904
1648780369.0418615,6648,0.2743311822414398
1648780369.3057098,6665,0.2737225592136383
1648780369.4146872,6672,0.27347099781036377
1648780369.8347979,6699,0.272495299577713
1648780369.8973198,6703,0.2723500430583954
1648780370.1624134,6720,0.2717306613922119
1648780370.763975,6759,0.2702973484992981
1648780370.905734,6768,0.26996415853500366
1648780370.9825168,6773,0.26977866888046265
1648780371.4347887,6802,0.26869726181030273
1648780371.6525395,6816,0.26817187666893005
1648780371.7125564,6820,0.2680213749408722
1648780371.8356202,6828,0.2677198350429535
1648780372.3407435,6860,0.2665066719055176
1648780372.843912,6891,0.2653208374977112
1648780373.088576,6906,0.2647433280944824
1648780373.347762,6922,0.26412469148635864
1648780373.7326093,6946,0.26319167017936707
1648780373.991744,6962,0.2625662684440613
1648780374.2198935,6976,0.2620168626308441
1648780374.3167188,6982,0.2617807984352112
1648780374.8111145,7013,0.26055511832237244
1648780374.8266716,7014,0.26051539182662964
1648780374.8728611,7017,0.26039624214172363
1648780375.0012486,7025,0.2600780129432678
1648780377.4261932,7079,0.2579129934310913
1648780377.490383,7083,0.25775146484375
1648780377.5219097,7085,0.25767064094543457
1648780377.7937214,7102,0.2569819986820221
1648780377.9219432,7110,0.2566569447517395
1648780377.986013,7114,0.2564941942691803
1648780378.1456485,7124,0.2560866177082062
1648780378.1635604,7125,0.25604578852653503
1648780378.3699317,7138,0.25551432371139526
1648780378.4340796,7142,0.2553504705429077
1648780378.5142634,7147,0.25514546036720276
1648780378.5458376,7149,0.25506335496902466
1648780378.5616717,7150,0.2550223171710968
1648780378.8804717,7170,0.25419917702674866
1648780379.13972,7186,0.2535378932952881
1648780379.212012,7190,0.2533721923828125
1648780379.318128,7196,0.25312337279319763
1648780379.34957,7198,0.2530403435230255
1648780379.5252633,7209,0.2525830566883087
1648780379.5411963,7210,0.2525414228439331
1648780379.6026504,7214,0.2523747980594635
1648780379.7768316,7225,0.2519158720970154
1648780380.1669285,7250,0.25086861848831177
1648780380.1849966,7251,0.2508265972137451
1648780380.2766728,7257,0.2505743205547333
1648780380.656506,7278,0.24968881905078888
1648780380.7539294,7284,0.24943506717681885
1648780381.3288355,7318,0.24799102544784546
1648780381.4575155,7326,0.24764972925186157
1648780381.5570354,7332,0.247393399477005
1648780381.9166372,7354,0.2464507520198822
1648780381.997736,7359,0.2462359219789505
1648780382.0790617,7364,0.2460208684206009
1648780382.4717994,7389,0.2449423372745514
1648780382.488678,7390,0.24489907920360565
1648780382.6159499,7398,0.24455273151397705
1648780382.6780798,7402,0.24437935650348663
1648780382.822219,7411,0.2439887523651123
1648780383.45353,7451,0.2422444075345993
1648780383.630714,7462,0.24176235496997833
1648780383.772882,7471,0.24136720597743988
1648780383.8543875,7476,0.24114738404750824
1648780383.9170907,7480,0.2409713715314865
1648780383.9991345,7485,0.24075119197368622
1648780386.162491,7528,0.23884911835193634
1648780386.2723608,7535,0.23853805661201477
1648780386.5221093,7551,0.23782561719417572
1648780386.7282438,7564,0.23724526166915894
1648780387.0558047,7585,0.23630495369434357
1648780387.695355,7626,0.2344593107700348
1648780387.8541934,7636,0.23400719463825226
1648780387.9148629,7640,0.233826145529747
1648780387.9629936,7643,0.2336902767419815
1648780388.0238776,7647,0.23350901901721954
1648780388.1336071,7654,0.23319151997566223
1648780388.1493747,7655,0.23314613103866577
1648780388.2437057,7661,0.23287366330623627
1648780388.7579372,7694,0.23137030005455017
1648780389.2774806,7727,0.22985903918743134
1648780389.3379061,7731,0.2296753227710724
1648780389.4008622,7735,0.22949150204658508
1648780389.7745252,7759,0.22838616371154785
1648780389.8705664,7765,0.228109210729599
1648780390.8859575,7830,0.2250930368900299
1648780391.1036587,7844,0.22443969547748566
1648780391.3082528,7857,0.22383186221122742
1648780391.68123,7881,0.2227068394422531
1648780391.742637,7885,0.22251898050308228
1648780391.8683887,7893,0.22214294970035553
1648780391.9625764,7899,0.22186066210269928
1648780392.1178432,7909,0.22138968110084534
1648780392.8330245,7955,0.21921518445014954
1648780392.8646078,7957,0.2191203534603119
1648780392.9438057,7962,0.21888315677642822
1648780394.906369,7992,0.2174568623304367
1648780395.0016394,7998,0.21717098355293274
1648780395.3699937,8021,0.21607312560081482
1648780395.573366,8034,0.21545125544071198
1648780395.7348528,8044,0.21497224271297455
1648780395.814378,8049,0.21473252773284912
1648780396.093023,8067,0.2138684093952179
1648780396.4345005,8089,0.21280986070632935
1648780396.4496596,8090,0.21276168525218964
1648780396.5761878,8098,0.21237605810165405
1648780396.7491229,8109,0.2118452787399292
1648780397.415546,8149,0.2099098265171051
1648780397.8926907,8176,0.208598792552948
1648780397.9095664,8177,0.20855015516281128
1648780398.262252,8197,0.20757658779621124
1648780398.7319155,8224,0.20625920593738556
1648780398.838008,8230,0.20596599578857422
1648780399.0315616,8241,0.20542798936367035
1648780399.1913579,8250,0.20498737692832947
1648780399.6439025,8276,0.20371244847774506
1648780399.732024,8281,0.20346692204475403
1648780399.8362274,8287,0.20317214727401733
1648780399.9747944,8295,0.2027788609266281
1648780400.0618863,8300,0.20253293216228485
1648780400.166538,8306,0.20223765075206757
1648780400.5160778,8326,0.2012522965669632
1648780400.5338485,8327,0.20120298862457275
1648780401.1534183,8367,0.19922710955142975
1648780401.3541634,8380,0.19858355820178986
1648780401.7607675,8406,0.1972944736480713
1648780401.8224125,8410,0.19709593057632446
1648780401.838003,8411,0.19704627990722656
1648780401.9014385,8415,0.19684766232967377
1648780402.0712821,8426,0.19630113244056702
1648780404.0931938,8463,0.19445957243442535
1648780404.1392088,8466,0.1943100392818451
1648780404.2332816,8472,0.1940108835697174
1648780404.669267,8500,0.19261321425437927
1648780404.764257,8506,0.19231337308883667
1648780405.0447981,8524,0.19141313433647156
1648780405.204017,8534,0.19091254472732544
1648780405.2823715,8539,0.19066213071346283
1648780405.800254,8572,0.18900750577449799
1648780406.002665,8585,0.18835479021072388
1648780406.2391875,8600,0.18760105967521667
1648780406.2546217,8601,0.18755078315734863
1648780406.4163158,8611,0.18704791367053986
1648780406.5134614,8617,0.18674606084823608
1648780406.6247709,8624,0.18639376759529114
1648780406.6894202,8628,0.18619239330291748
1648780406.7054467,8629,0.18614205718040466
1648780406.8365731,8637,0.1857391744852066
1648780406.9803674,8646,0.18528573215007782
1648780407.123304,8655,0.18483206629753113
1648780407.1743443,8658,0.18468080461025238
1648780407.730708,8692,0.18296495079994202
1648780407.9603183,8706,0.18225762248039246
1648780408.0091825,8709,0.18210600316524506
1648780408.0565019,8712,0.18195435404777527
1648780408.2150693,8722,0.18144871294498444
1648780408.5386217,8743,0.18038615584373474
1648780408.5719833,8745,0.18028491735458374
1648780408.7628238,8757,0.17967729270458221
1648780408.8490262,8762,0.17942401766777039
1648780408.9964929,8770,0.17901869118213654
1648780409.0893776,8775,0.17876529693603516
1648780409.1071248,8776,0.17871461808681488
1648780409.1253102,8777,0.1786639243364334
1648780409.2190533,8782,0.17841047048568726
1648780409.237289,8783,0.1783597767353058
1648780409.3266833,8788,0.17810626327991486
1648780409.5374994,8800,0.17749764025211334
1648780409.825493,8818,0.17658422887325287
1648780410.6061237,8868,0.1740441918373108
1648780410.7673295,8878,0.17353573441505432
1648780410.864564,8884,0.1732305884361267
1648780412.8415463,8917,0.17155148088932037
1648780413.3298514,8948,0.1699729710817337
1648780413.3762865,8951,0.1698201596736908
1648780413.5510836,8962,0.16925977170467377
1648780413.7569146,8975,0.16859734058380127
1648780414.097076,8995,0.16757793724536896
1648780414.128886,8997,0.16747598350048065
1648780414.4335408,9016,0.16650722920894623
1648780414.7576137,9037,0.16543623805046082
1648780415.0684361,9057,0.16441601514816284
1648780415.2088048,9066,0.16395685076713562
1648780415.3624222,9076,0.16344663500785828
1648780415.3949301,9078,0.1633445769548416
1648780415.455918,9082,0.16314047574996948
1648780415.5034745,9085,0.16298739612102509
1648780415.8796833,9109,0.16176268458366394
1648780415.9096558,9111,0.16166062653064728
1648780416.223044,9131,0.1606399416923523
1648780416.4711487,9147,0.15982337296009064
1648780416.644119,9158,0.15926198661327362
1648780416.7223332,9163,0.15900681912899017
1648780416.8902721,9174,0.15844544768333435
1648780417.1203136,9189,0.1576799601316452
1648780417.1971426,9194,0.15742482244968414
1648780417.5957794,9220,0.1560981720685959
1648780417.6260502,9222,0.15599612891674042
1648780417.6409724,9223,0.15594510734081268
1648780418.0221107,9247,0.15472078323364258
1648780418.5170622,9278,0.15313982963562012
1648780418.6472654,9285,0.15278293192386627
1648780418.8088856,9295,0.15227313339710236
1648780419.1200664,9315,0.15125377476215363
1648780419.170017,9318,0.15110090374946594
1648780419.513198,9340,0.1499800980091095
1648780419.653894,9349,0.14952170848846436
1648780419.7983859,9358,0.14906342327594757
1648780419.953161,9368,0.14855432510375977
1648780421.996686,9404,0.14672255516052246
1648780422.1850417,9416,0.1461123377084732
1648780422.43328,9432,0.145299032330513
1648780422.5719614,9441,0.14484171569347382
1648780422.5895133,9442,0.144790917634964
1648780423.3639188,9488,0.14245563745498657
1648780423.5720038,9501,0.14179633557796478
1648780423.9606903,9526,0.1405293196439743
1648780424.129798,9537,0.13997222483158112
1648780424.221591,9543,0.13966846466064453
1648780424.3899689,9554,0.1391117423772812
1648780424.4044034,9555,0.13906115293502808
1648780425.0981295,9600,0.1367865353822708
1648780425.713352,9639,0.13481907546520233
1648780426.0419133,9660,0.13376125693321228
1648780426.0725834,9662,0.13366056978702545
1648780426.547673,9692,0.13215163350105286
1648780426.8221831,9708,0.1313478946685791
1648780427.0370543,9721,0.1306954026222229
1648780427.1159363,9726,0.13044458627700806
1648780427.2583947,9735,0.1299932897090912
1648780427.2897446,9737,0.12989303469657898
1648780427.540231,9751,0.12919160723686218
1648780427.6220133,9756,0.12894125282764435
1648780427.8145323,9768,0.1283407062292099
1648780428.5959609,9813,0.1260928511619568
1648780428.7205226,9821,0.12569396197795868
1648780428.8345196,9828,0.1253451108932495
1648780428.852034,9829,0.12529528141021729
1648780430.8328645,9858,0.12385199964046478
1648780430.9436805,9865,0.12350407987833023
1648780431.16221,9879,0.1228087916970253
1648780431.3329177,9890,0.12226300686597824
1648780431.3780258,9893,0.12211424112319946
1648780431.7365954,9914,0.12107383459806442
1648780431.7918153,9917,0.12092534452676773
1648780432.0169423,9931,0.12023288011550903
1648780432.1283011,9938,0.11988694220781326
1648780432.1924474,9942,0.11968935281038284
1648780432.3359034,9951,0.1192450150847435
1648780432.5782897,9965,0.1185545027256012
1648780432.9526541,9986,0.1175202801823616
1648780433.467722,10014,0.11614428460597992
1648780433.7484381,10032,0.11526156216859818
1648780434.0280142,10050,0.11438031494617462
1648780434.159167,10058,0.11398912966251373
1648780434.3134627,10067,0.11354940384626389
1648780434.6088789,10084,0.11271985620260239
1648780434.7958105,10095,0.1121838316321373
1648780435.0429688,10109,0.11150246858596802
1648780435.5075133,10136,0.11019115895032883
1648780435.6104786,10142,0.10990025103092194
1648780435.789735,10153,0.10936740785837173
1648780436.3017614,10186,0.10777263343334198
1648780436.8124528,10219,0.10618364810943604
1648780437.2337961,10246,0.10488799214363098
1648780437.9709456,10293,0.10264240205287933
1648780438.0490787,10298,0.10240425914525986
1648780440.1778424,10337,0.10055182874202728
1648780440.2111235,10339,0.1004570722579956
1648780440.4450078,10354,0.09974721819162369
1648780440.540621,10360,0.09946365654468536
1648780440.7890527,10376,0.09870859235525131
1648780440.835153,10379,0.09856719523668289
1648780440.8826065,10382,0.09842585027217865
1648780440.9768927,10388,0.09814333915710449
1648780441.0077999,10390,0.09804921597242355
1648780441.0382545,10392,0.0979551151394844
1648780441.1949348,10402,0.0974850207567215
1648780441.6623647,10432,0.0960785523056984
1648780442.417817,10480,0.09384043514728546
1648780442.4495919,10482,0.09374751150608063
1648780442.5307093,10487,0.09351532906293869
1648780442.7502668,10501,0.09286610782146454
1648780443.0006373,10517,0.0921257808804512
1648780443.2848055,10535,0.091295026242733
1648780443.4244502,10544,0.09088049829006195
1648780443.7905686,10567,0.08982374519109726
1648780443.8557096,10571,0.08964034169912338
1648780444.4044046,10605,0.0880860984325409
1648780444.8856256,10635,0.08672172576189041
1648780445.3751967,10666,0.08531893044710159
1648780445.6403737,10683,0.08455274254083633
1648780445.7010322,10687,0.08437278121709824
1648780446.9713576,10767,0.0807998776435852
1648780448.8337657,10792,0.07969381660223007
1648780449.1411726,10812,0.07881263643503189
1648780449.2034152,10816,0.07863679528236389
1648780449.218339,10817,0.07859285175800323
1648780449.3722553,10827,0.07815391570329666
1648780449.9411466,10863,0.07658066600561142
1648780450.2540312,10883,0.07571138441562653
1648780450.3023992,10886,0.07558128237724304
1648780450.3178744,10887,0.07553793489933014
1648780450.5059502,10899,0.07501842081546783
1648780450.6665528,10909,0.07458644360303879
1648780450.760343,10915,0.07432767003774643
1648780450.8548076,10921,0.07406921684741974
1648780450.8854964,10923,0.07398313283920288
1648780451.0100272,10931,0.0736391544342041
1648780452.0973628,11000,0.0706959217786789
1648780452.2056487,11007,0.07039972394704819
1648780452.4209216,11021,0.06980867683887482
1648780452.512745,11027,0.06955591589212418
1648780454.6466877,11160,0.06403986364603043
1648780454.7615032,11167,0.06375424563884735
1648780454.955941,11179,0.06326572597026825
1648780455.2142107,11195,0.06261657178401947
1648780455.6188862,11220,0.06160735711455345
1648780455.6977646,11225,0.06140626221895218
1648780455.8433015,11234,0.061044927686452866
1648780455.9082577,11238,0.06088459491729736
1648780455.9407148,11240,0.06080448627471924
1648780457.8635702,11264,0.05984637513756752
1648780458.4218683,11299,0.05845966562628746
1648780458.5922527,11310,0.058026447892189026
1648780458.7137694,11318,0.057712167501449585
1648780458.9004543,11330,0.05724199861288071
1648780459.105293,11343,0.056734349578619
1648780459.2722955,11354,0.05630618333816528
1648780459.4262683,11364,0.05591805279254913
1648780460.1901915,11414,0.053993355482816696
1648780460.2369914,11417,0.053878724575042725
1648780460.267747,11419,0.053802359849214554
1648780460.4401202,11430,0.05338312312960625
1648780460.5179925,11435,0.053192995488643646
1648780461.1066234,11473,0.051756929606199265
1648780461.1998856,11479,0.051531631499528885
1648780461.4627259,11496,0.05089544504880905
1648780461.714373,11512,0.050299614667892456
1648780461.9134877,11525,0.04981760308146477
1648780461.9442377,11527,0.049743615090847015
1648780462.4344423,11558,0.04860256612300873
1648780462.513437,11563,0.048419542610645294
1648780462.6549575,11572,0.04809081554412842
1648780463.1755404,11605,0.0468933992087841
1648780463.272201,11611,0.04667702689766884
1648780463.3826265,11618,0.046425122767686844
1648780463.8657055,11649,0.04531635716557503
1648780463.899224,11651,0.0452452078461647
1648780464.4694386,11688,0.043937403708696365
1648780464.746835,11706,0.04330701008439064
1648780466.75027,11740,0.04212677478790283
1648780466.8098896,11744,0.041988831013441086
1648780467.1231244,11764,0.04130200669169426
1648780467.3559864,11779,0.04079005494713783
1648780467.4051325,11782,0.04068799316883087
1648780467.6263788,11796,0.040213145315647125
1648780467.7219806,11802,0.040010370314121246
1648780467.9716628,11818,0.039471786469221115
1648780468.003227,11820,0.03940468281507492
1648780468.099632,11826,0.039203669875860214
1648780468.74189,11867,0.03784196451306343
1648780468.757116,11868,0.03780901059508324
1648780468.9785478,11882,0.03734898567199707
1648780469.182663,11895,0.036924008280038834
1648780469.3074174,11903,0.03666353598237038
1648780469.322526,11904,0.036631032824516296
1648780469.5105884,11916,0.036241982132196426
1648780469.6509857,11925,0.03595138341188431
1648780470.0072522,11948,0.03521339222788811
1648780470.2939782,11967,0.034608811140060425
1648780470.309294,11968,0.03457711637020111
1648780470.3574147,11971,0.034482117742300034
1648780470.3865557,11973,0.034418847411870956
1648780470.5583205,11984,0.034071773290634155
1648780470.7409647,11996,0.03369491547346115
1648780470.926444,12008,0.03331990912556648
1648780471.004627,12013,0.03316420316696167
1648780471.099123,12019,0.03297778218984604
1648780471.221781,12027,0.032729946076869965
1648780471.646144,12054,0.031899627298116684
1648780471.6767342,12056,0.03183849900960922
1648780471.9094412,12071,0.03138170391321182
1648780471.9406884,12073,0.03132101893424988
1648780472.010765,12077,0.031199809163808823
1648780472.3583379,12097,0.030596906319260597
1648780473.1887002,12146,0.029142100363969803
1648780473.7092297,12179,0.028180325403809547
1648780475.5062373,12201,0.02754724957048893
1648780475.5524597,12204,0.027461426332592964
1648780475.5828617,12206,0.02740427851676941
1648780475.6312573,12209,0.02731865644454956
1648780475.8728528,12224,0.026892373338341713
1648780476.111941,12239,0.026469137519598007
1648780476.2860494,12250,0.02616070583462715
1648780476.316723,12252,0.026104804128408432
1648780476.3318539,12253,0.026076875627040863
1648780476.5510774,12267,0.025687282904982567
1648780476.5992286,12270,0.02560414746403694
1648780476.6143794,12271,0.025576462969183922
1648780477.0147347,12297,0.024861473590135574
1648780477.0317469,12298,0.02483415976166725
1648780477.2656674,12313,0.02442609705030918
1648780477.4524548,12325,0.024101881310343742
1648780477.688166,12340,0.023699412122368813
1648780478.029004,12362,0.023114770650863647
1648780478.0761204,12365,0.023035569116473198
1648780478.207102,12373,0.022824976593255997
1648780478.465311,12390,0.022380435839295387
1648780478.6639993,12403,0.022043222561478615
1648780478.831828,12414,0.02175973914563656
1648780479.1854527,12437,0.021172508597373962
1648780479.3713439,12449,0.020869091153144836
1648780479.4195282,12452,0.020793555304408073
1648780479.6963701,12470,0.02034301869571209
1648780479.8965466,12483,0.020020494237542152
1648780480.0338337,12492,0.01979861781001091
1648780480.2176166,12504,0.01950458064675331
1648780480.2617607,12507,0.01943139173090458
1648780480.7070994,12536,0.01873055286705494
1648780480.8168817,12543,0.018563194200396538
1648780480.8613539,12546,0.018491685390472412
1648780480.9842935,12554,0.018301626667380333
1648780481.2180622,12569,0.017947755753993988
1648780481.3275864,12576,0.01778372935950756
1648780481.4506521,12584,0.0175971370190382
1648780481.544185,12590,0.01745780184864998
1648780482.1621282,12630,0.01654226705431938
1648780482.2227137,12634,0.016451995819807053
1648780484.219888,12667,0.0157161857932806
1648780484.2732131,12670,0.015650086104869843
1648780484.499623,12683,0.015365180559456348
1648780484.6390088,12692,0.015169394202530384
1648780484.7319002,12698,0.015039533376693726
1648780484.7863586,12701,0.014974801801145077
1648780485.1083546,12721,0.014546656049787998
1648780485.1233783,12722,0.014525403268635273
1648780485.3788602,12738,0.014187385328114033
1648780485.5329766,12748,0.013978051953017712
1648780485.718646,12760,0.013728813268244267
1648780485.8741279,12770,0.01352275162935257
1648780485.952043,12775,0.013420279137790203
1648780486.0622468,12782,0.013277444988489151
1648780486.3526707,12801,0.012893440201878548
1648780486.7388113,12826,0.012396404519677162
1648780486.9951231,12842,0.012083226814866066
1648780487.2132096,12856,0.011812355369329453
1648780487.337413,12864,0.011658898554742336
1648780487.3830402,12867,0.011601601727306843
1648780487.4284403,12870,0.011544439941644669
1648780487.5667086,12879,0.011373771354556084
1648780488.9420087,12969,0.00973468367010355
1648780489.862253,13029,0.008710675872862339
1648780489.924373,13033,0.008644375018775463
1648780490.0002384,13038,0.008561844937503338
1648780490.1271918,13046,0.008430598303675652
1648780490.850433,13093,0.0076794871129095554
1648780491.0232763,13104,0.007508632726967335
1648780491.0690463,13107,0.007462361827492714
1648780491.1771681,13114,0.0073549398221075535
1648780491.2239003,13117,0.00730913458392024
1648780491.2390609,13118,0.007293897680938244
1648780491.2542086,13119,0.007278675679117441
1648780492.919679,13132,0.007082207594066858
1648780492.9694488,13135,0.007037241943180561
1648780493.0005696,13137,0.007007342763245106
1648780493.3505375,13159,0.0066825635731220245
1648780493.4610295,13166,0.006580807268619537
1648780493.5862098,13174,0.00646545086055994
1648780493.6797438,13180,0.006379589904099703
1648780493.9306407,13196,0.006153378635644913
1648780494.1341586,13209,0.00597253255546093
1648780494.261837,13217,0.005862558726221323
1648780494.308523,13220,0.005821577273309231
1648780494.495561,13232,0.005659063812345266
1648780494.5888228,13238,0.005578654818236828
1648780495.0690076,13269,0.005172226577997208
1648780495.9785876,13327,0.004452500492334366
1648780496.071013,13333,0.004381080623716116
1648780496.1823692,13340,0.004298477899283171
1648780496.3247263,13349,0.004193414933979511
1648780496.4661398,13358,0.004089636262506247
1648780496.7193458,13374,0.003908313810825348
1648780496.7514274,13376,0.0038859343621879816
1648780496.828598,13381,0.0038302636239677668
1648780497.206451,13405,0.0035685759503394365
1648780497.5894082,13430,0.003305733436718583
1648780497.839321,13446,0.003142742672935128
1648780498.0063481,13457,0.0030330561567097902
1648780498.1150405,13464,0.002964261919260025
1648780498.1963835,13469,0.002915602410212159
1648780498.8221605,13509,0.002540720859542489
1648780499.006727,13521,0.002433252288028598
1648780499.0542834,13524,0.0024067459162324667
1648780499.0698407,13525,0.0023979423567652702
1648780499.3787634,13545,0.0022252423223108053
1648780499.4388957,13549,0.0021914727985858917
1648780499.531685,13555,0.0021412998903542757
1648780499.6394525,13562,0.002083495957776904
1648780500.1020286,13592,0.001844684942625463
1648780500.2254655,13600,0.0017834471073001623
1648780501.9380906,13612,0.0016935222083702683
1648780502.0503285,13619,0.0016421370673924685
1648780502.8052092,13668,0.001304561155848205
1648780502.881466,13673,0.0012722930405288935
1648780503.0044165,13681,0.0012215039459988475
1648780503.0983248,13687,0.0011840907391160727
1648780503.1616628,13691,0.0011594716925173998
1648780503.2707756,13698,0.0011170106008648872
1648780503.300794,13700,0.0011050243629142642
1648780503.5944858,13719,0.0009943810291588306
1648780503.9625175,13743,0.0008629695512354374
1648780504.1616364,13756,0.0007956819608807564
1648780504.2523844,13762,0.000765549368225038
1648780504.5266469,13780,0.0006786516169086099
1648780504.588723,13784,0.0006600541528314352
1648780504.6037488,13785,0.0006554453284479678
1648780504.8171334,13799,0.0005926241865381598
1648780504.894418,13804,0.0005709584220312536
1648780504.9099102,13805,0.000566673930734396
1648780505.0027251,13811,0.0005413076723925769
1648780505.04848,13814,0.0005288435495458543
1648780505.310753,13831,0.000460972310975194
1648780505.8039525,13863,0.00034594241878949106
1648780505.8656037,13867,0.00033273306326009333
1648780505.880886,13868,0.0003294713096693158
1648780505.8957598,13869,0.0003262258251197636
1648780505.9408832,13872,0.0003165868401993066
1648780505.9581,13873,0.0003134063445031643
1648780505.9735646,13874,0.00031024208874441683
1648780506.0962942,13882,0.0002855130296666175
1648780506.3105543,13896,0.0002447398437652737
1648780506.737141,13924,0.0001727518974803388
1648780506.7521086,13925,0.0001704166643321514
1648780506.9826114,13940,0.00013733975356444716
1648780507.1385589,13950,0.00011732162238331512
1648780507.2919977,13960,9.893024252960458e-05
1648780507.371986,13965,9.034464892465621e-05
1648780507.6036477,13980,6.702848622808233e-05
1648780507.6186647,13981,6.560424662893638e-05
1648780507.7897713,13992,5.101169881527312e-05
1648780507.820303,13994,4.857006933889352e-05
1648780507.8502135,13996,4.6193537855288014e-05
1648780508.1912239,14018,2.4348426450160332e-05
1648780508.268706,14023,2.0482291802181862e-05
1648780508.284296,14024,1.975789746211376e-05
1648780508.2997146,14025,1.9049779439228587e-05
1648780508.5181627,14039,1.0845306860574055e-05
1648780508.5963922,14044,8.688353773322888e-06
1648780508.6269367,14046,7.93952312960755e-06
1648780508.8283877,14059,4.659302703657886e-06
1648780508.9795632,14069,4.008139512734488e-06
