Wall time,Step,Value
1648780244.5208123,4,2.313699722290039
1648780244.737032,17,2.23173451423645
1648780244.9841735,32,1.296496868133545
1648780245.0931797,39,0.6910190582275391
1648780245.124161,41,0.7707982659339905
1648780245.248002,49,0.6014628410339355
1648780245.5721107,70,0.38457733392715454
1648780245.601944,72,0.40236201882362366
1648780245.6624537,76,0.48880866169929504
1648780245.926465,93,0.20031799376010895
1648780246.5482621,133,0.15808850526809692
1648780246.693193,142,0.24832715094089508
1648780246.9530623,159,0.0955251082777977
1648780247.4617941,192,0.18315155804157257
1648780247.5245385,196,0.2170790582895279
1648780247.583688,200,0.11632740497589111
1648780247.8605182,218,0.10742305964231491
1648780248.2906804,246,0.20608386397361755
1648780248.4264762,255,0.10996769368648529
1648780248.730416,275,0.15175439417362213
1648780248.8067465,280,0.10540623962879181
1648780249.2487383,309,0.07940225303173065
1648780249.3703454,317,0.14583471417427063
1648780249.9984822,358,0.1252449005842209
1648780250.0746562,363,0.10283163189888
1648780250.151312,368,0.16756437718868256
1648780250.5037866,391,0.04709425941109657
1648780250.5206413,392,0.10233303159475327
1648780250.6552405,401,0.12087763845920563
1648780250.6845772,403,0.12671782076358795
1648780253.4936335,485,0.04210260137915611
1648780253.7997954,504,0.11499802768230438
1648780253.8145523,505,0.06734935939311981
1648780253.8606372,508,0.08946504443883896
1648780254.0323374,519,0.04123397916555405
1648780254.047553,520,0.0658663734793663
1648780254.4650757,547,0.06206662207841873
1648780254.7268696,564,0.14847640693187714
1648780255.2065551,595,0.059797681868076324
1648780255.2219236,596,0.022779813036322594
1648780255.3314245,603,0.06583692878484726
1648780255.377174,606,0.15984812378883362
1648780255.5673351,618,0.030702756717801094
1648780255.7876933,632,0.08203615993261337
1648780255.9614816,643,0.09952007234096527
1648780256.086911,651,0.10113868862390518
1648780256.102071,652,0.06656266003847122
1648780256.1819167,657,0.20630760490894318
1648780256.2438812,661,0.07129771262407303
1648780256.2744794,663,0.09218651801347733
1648780256.6541374,687,0.013684640638530254
1648780256.7650568,694,0.091668039560318
1648780256.7802322,695,0.06918714940547943
1648780256.9538844,706,0.05627478286623955
1648780257.2041547,722,0.1045975536108017
1648780257.282023,727,0.17363369464874268
1648780257.422414,736,0.12548775970935822
1648780257.8499863,763,0.028376134112477303
1648780257.9453561,769,0.1290464848279953
1648780258.1157584,780,0.10143756866455078
1648780258.192137,785,0.0864037349820137
1648780258.2507112,789,0.036224424839019775
1648780258.3564532,796,0.08603837341070175
1648780258.55774,809,0.07051339745521545
1648780258.572889,810,0.08185070008039474
1648780258.6834888,817,0.16451632976531982
1648780258.7297566,820,0.11357197165489197
1648780259.0585668,841,0.014592199586331844
1648780259.4371953,865,0.04125908762216568
1648780259.4528353,866,0.07412939518690109
1648780259.5171251,870,0.0697496086359024
1648780259.5972724,875,0.0524747297167778
1648780259.7252896,883,0.03655638173222542
1648780260.3178372,921,0.10992945730686188
1648780262.1465557,944,0.01619633659720421
1648780262.3515725,957,0.05346106365323067
1648780262.399659,960,0.03712669014930725
1648780262.5870194,972,0.08673389256000519
1648780263.202603,1011,0.03933119773864746
1648780263.3627625,1021,0.06726448982954025
1648780263.5598648,1034,0.1025221198797226
1648780263.840108,1052,0.08082763850688934
1648780263.9655766,1060,0.10650207102298737
1648780264.214233,1076,0.08859286457300186
1648780264.2777915,1080,0.06589335203170776
1648780264.3731623,1086,0.05602514371275902
1648780265.304618,1146,0.034590814262628555
1648780265.35268,1149,0.08904013782739639
1648780265.4612184,1156,0.031120331957936287
1648780266.1614525,1199,0.1154552698135376
1648780266.6476662,1228,0.08158697187900543
1648780266.7251244,1233,0.04791029170155525
1648780266.863219,1242,0.12962692975997925
1648780267.0813794,1256,0.03403609246015549
1648780267.1744149,1262,0.030706344172358513
1648780267.237384,1266,0.03278232738375664
1648780267.5672474,1287,0.10134285688400269
1648780267.6284025,1291,0.04915393143892288
1648780267.9074829,1309,0.06980312615633011
1648780268.0618832,1319,0.033681973814964294
1648780268.2599258,1332,0.03959451615810394
1648780268.3355029,1337,0.05155668780207634
1648780268.3651533,1339,0.05998407304286957
1648780268.4576597,1345,0.05324187129735947
1648780268.4725604,1346,0.09620551764965057
1648780268.7168028,1362,0.06519724428653717
1648780268.8879995,1373,0.08341723680496216
1648780268.9980726,1380,0.04895367473363876
1648780269.1686091,1391,0.17246727645397186
1648780269.2905135,1399,0.15003980696201324
1648780271.0515597,1419,0.030930638313293457
1648780271.1599052,1426,0.005327396560460329
1648780271.530541,1450,0.06600140035152435
1648780271.9780934,1479,0.012562841176986694
1648780272.0550184,1484,0.030906494706869125
1648780272.5619168,1517,0.024686895310878754
1648780272.6399145,1522,0.05903058871626854
1648780273.1958735,1558,0.049038760364055634
1648780273.2890477,1564,0.06523538380861282
1648780273.3196175,1566,0.05566716939210892
1648780274.066123,1614,0.08242760598659515
1648780274.1137037,1617,0.04129652678966522
1648780274.1761606,1621,0.07283163070678711
1648780274.3328063,1631,0.10028008371591568
1648780274.970406,1672,0.01094895415008068
1648780275.3470035,1696,0.0915922001004219
1648780275.5789635,1711,0.1231113001704216
1648780275.780558,1724,0.012137006036937237
1648780276.6710138,1782,0.037742991000413895
1648780276.7332265,1786,0.06951814889907837
1648780276.780241,1789,0.025734080001711845
1648780277.0476444,1806,0.055675528943538666
1648780277.1891778,1815,0.053111154586076736
1648780277.3152423,1823,0.08577972650527954
1648780277.7849035,1853,0.06700211763381958
1648780279.7785056,1884,0.04318356513977051
1648780279.9564686,1895,0.02202240750193596
1648780280.1970477,1910,0.032785460352897644
1648780280.3688173,1921,0.04494772478938103
1648780281.0544143,1960,0.06561309844255447
1648780281.1640947,1967,0.019940996542572975
1648780281.5037847,1989,0.02113165333867073
1648780281.8467777,2011,0.019737862050533295
1648780281.9399962,2017,0.021899672225117683
1648780282.0652485,2025,0.04286378622055054
1648780282.0983984,2027,0.010204484686255455
1648780282.2388499,2036,0.025966351851820946
1648780282.5364523,2055,0.022664915770292282
1648780282.7231627,2067,0.01078327652066946
1648780282.9578621,2082,0.06433640420436859
1648780283.1785328,2096,0.03992098942399025
1648780283.2577744,2101,0.05748457461595535
1648780283.7083418,2130,0.03002331405878067
1648780283.9101183,2143,0.09077179431915283
1648780283.9585414,2146,0.04465428739786148
1648780284.54452,2184,0.04609527811408043
1648780284.6215997,2189,0.0223398357629776
1648780284.6662292,2192,0.04152262583374977
1648780284.8967905,2207,0.03106876276433468
1648780285.1582947,2224,0.007129277102649212
1648780285.280757,2232,0.01972319185733795
1648780285.340472,2236,0.007970834150910378
1648780285.5396774,2249,0.06310942023992538
1648780285.5544999,2250,0.015263654291629791
1648780286.0899625,2285,0.040179524570703506
1648780286.1368327,2288,0.1196136623620987
1648780286.2602813,2296,0.049163464456796646
1648780286.337886,2301,0.036456212401390076
1648780286.948584,2338,0.05111541971564293
1648780288.6757185,2355,0.07197035104036331
1648780288.6904666,2356,0.05194125697016716
1648780288.9387412,2372,0.06209799274802208
1648780289.0920093,2382,0.008172797970473766
1648780289.735386,2424,0.05951167643070221
1648780290.077806,2446,0.10670530796051025
1648780290.4079256,2467,0.0429048091173172
1648780290.5364037,2475,0.02474713698029518
1648780290.5521545,2476,0.012207601219415665
1648780290.6171377,2480,0.06489966064691544
1648780290.8823915,2497,0.03633282706141472
1648780291.2555423,2521,0.08207108825445175
1648780291.3484602,2527,0.07507368177175522
1648780291.5135028,2537,0.041547562927007675
1648780291.5287895,2538,0.1353188455104828
1648780291.5442376,2539,0.026708755642175674
1648780291.7458074,2552,0.060400914400815964
1648780292.4261982,2596,0.007232473231852055
1648780292.8901079,2626,0.0051056500524282455
1648780293.2019556,2646,0.04605788365006447
1648780293.3280094,2654,0.04696173965930939
1648780293.373843,2657,0.1381639987230301
1648780293.482462,2664,0.0880594253540039
1648780294.0413723,2700,0.053923703730106354
1648780294.1340208,2706,0.04211092367768288
1648780294.211859,2711,0.019372763112187386
1648780294.7362127,2745,0.05512046068906784
1648780294.7970679,2749,0.05689004808664322
1648780294.9677145,2760,0.0074944267980754375
1648780295.0609305,2766,0.06933628767728806
1648780295.1839733,2774,0.028370821848511696
1648780295.2922668,2781,0.12031042575836182
1648780295.4149535,2789,0.10006695240736008
1648780295.6631594,2805,0.01370810903608799
1648780295.7706769,2812,0.035658881068229675
1648780298.000324,2859,0.010921931825578213
1648780298.0975442,2865,0.08349226415157318
1648780298.1953835,2871,0.02554234117269516
1648780298.308874,2878,0.010460343211889267
1648780298.390154,2883,0.02851734310388565
1648780298.5494943,2893,0.025603240355849266
1648780298.5812163,2895,0.039016980677843094
1648780298.7246068,2904,0.002369643421843648
1648780298.7723255,2907,0.03325733542442322
1648780299.0017805,2921,0.008714679628610611
1648780299.1821876,2932,0.003599227871745825
1648780299.548885,2955,0.0508258193731308
1648780299.7858932,2970,0.03413482382893562
1648780299.925869,2979,0.06386946141719818
1648780300.114616,2991,0.08033610135316849
1648780300.269941,3001,0.05740632116794586
1648780300.5418475,3019,0.030175892636179924
1648780300.679324,3028,0.026284197345376015
1648780300.6965246,3029,0.012338170781731606
1648780300.805753,3036,0.018317731097340584
1648780300.8967185,3042,0.021791545674204826
1648780301.2389412,3064,0.0724908784031868
1648780301.689713,3093,0.014517394825816154
1648780302.237472,3128,0.06795397400856018
1648780302.5139616,3146,0.07150725275278091
1648780302.5454023,3148,0.09607623517513275
1648780303.056776,3181,0.017920149490237236
1648780303.2757115,3195,0.06724642962217331
1648780303.3076596,3197,0.07934863865375519
1648780303.5410414,3212,0.048348814249038696
1648780303.7438993,3225,0.018275989219546318
1648780303.8195872,3230,0.0509486049413681
1648780304.1789489,3253,0.021563464775681496
1648780304.508673,3274,0.029766950756311417
1648780304.5846019,3279,0.004393767565488815
1648780306.8872595,3331,0.023013344034552574
1648780306.9638405,3336,0.006756885442882776
1648780306.9792652,3337,0.00407754210755229
1648780307.0716162,3343,0.015030247159302235
1648780307.2910786,3357,0.0349697545170784
1648780307.3846264,3363,0.07990797609090805
1648780307.5080369,3371,0.031125012785196304
1648780307.5863645,3376,0.008003326132893562
1648780307.7107944,3384,0.03939111903309822
1648780307.726202,3385,0.018420185893774033
1648780308.3116388,3422,0.003871180582791567
1648780308.560674,3438,0.013079354539513588
1648780309.155423,3476,0.045176491141319275
1648780309.3882387,3491,0.07376755774021149
1648780309.6986794,3511,0.012864932417869568
1648780309.8888445,3523,0.015990402549505234
1648780309.9853976,3529,0.06481634825468063
1648780310.4718451,3560,0.010441725142300129
1648780310.5813508,3567,0.025047780945897102
1648780311.1572504,3604,0.0369812473654747
1648780311.37337,3618,0.04282061383128166
1648780311.464009,3624,0.07293154299259186
1648780312.0314732,3661,0.004232787527143955
1648780312.294206,3678,0.04765141382813454
1648780312.6032977,3698,0.015555065125226974
1648780312.8174772,3712,0.0407528430223465
1648780313.20167,3737,0.1585579365491867
1648780315.1284757,3766,0.0712013840675354
1648780315.385762,3781,0.08986421674489975
1648780315.5031548,3788,0.0262612197548151
1648780315.518315,3789,0.02874424308538437
1648780315.6402643,3797,0.004176485817879438
1648780315.7471035,3804,0.00620308518409729
1648780316.171929,3832,0.03382282331585884
1648780316.4614298,3851,0.026339685544371605
1648780317.0131898,3887,0.07424134761095047
1648780317.0877442,3892,0.006066604983061552
1648780317.662102,3929,0.031465064734220505
1648780317.7222302,3933,0.02124948799610138
1648780317.7696207,3936,0.011404179036617279
1648780318.2582297,3968,0.0023978441022336483
1648780318.2732475,3969,0.052806202322244644
1648780318.3987832,3977,0.0645674392580986
1648780318.9046514,4010,0.01291306409984827
1648780319.2403884,4032,0.02267603762447834
1648780319.3459783,4039,0.06510820984840393
1648780319.517979,4050,0.004706081002950668
1648780319.6084917,4056,0.07512475550174713
1648780319.6852639,4061,0.040989767760038376
1648780319.8374195,4071,0.04879574105143547
1648780319.9297335,4077,0.00422804756090045
1648780320.0067642,4082,0.00947658997029066
1648780320.3627007,4105,0.006747137289494276
1648780320.3784673,4106,0.03967372700572014
1648780320.695728,4126,0.04168359935283661
1648780320.8213713,4134,0.041962478309869766
1648780320.9328508,4141,0.0016764518804848194
1648780321.2207396,4159,0.10347573459148407
1648780321.7162895,4190,0.0931263417005539
1648780321.8536952,4199,0.00441763224080205
1648780323.6915615,4223,0.005007951054722071
1648780324.4408264,4271,0.020244363695383072
1648780324.5195665,4276,0.009519766084849834
1648780324.6914515,4287,0.05203917250037193
1648780324.800516,4294,0.03240608423948288
1648780324.8308983,4296,0.010174800641834736
1648780325.0325782,4309,0.00980382226407528
1648780325.6880054,4351,0.01414744183421135
1648780325.8450172,4361,0.030888579785823822
1648780325.9839501,4370,0.0026570099871605635
1648780326.5973468,4409,0.04125739634037018
1648780326.6719327,4414,0.016200341284275055
1648780327.3400722,4457,0.0019187135621905327
1648780328.1387393,4509,0.04184698686003685
1648780328.6326113,4541,0.008718403987586498
1648780328.9282203,4560,0.02486477978527546
1648780329.3443902,4587,0.0063535976223647594
1648780329.7019956,4610,0.01784372888505459
1648780329.7167478,4611,0.007392452098429203
1648780329.889156,4622,0.00836867094039917
1648780330.0911036,4635,0.01847757212817669
1648780330.3388832,4651,0.03622664883732796
1648780330.4324343,4657,0.03003418631851673
1648780330.761387,4678,0.017126042395830154
1648780332.536629,4698,0.0374981127679348
1648780332.6143267,4703,0.01127988938242197
1648780333.0039992,4728,0.001200519734993577
1648780333.0191252,4729,0.020560743287205696
1648780333.1776965,4739,0.030760476365685463
1648780333.192681,4740,0.014654835686087608
1648780333.4217277,4755,0.03178763389587402
1648780333.4513752,4757,0.002414564834907651
1648780333.5280428,4762,0.003909170161932707
1648780333.5725148,4765,0.004282827954739332
1648780334.3225868,4814,0.004678876139223576
1648780334.4938602,4825,0.010512731969356537
1648780334.9005144,4851,0.010675123892724514
1648780335.7315924,4905,0.018338236957788467
1648780335.8249187,4911,0.011141995899379253
1648780335.9481106,4919,0.009531357325613499
1648780336.12107,4930,0.023255035281181335
1648780336.18516,4934,0.015239369124174118
1648780336.480146,4953,0.07494382560253143
1648780336.9821215,4985,0.07728703320026398
1648780336.9971743,4986,0.012046486139297485
1648780337.0618272,4990,0.008027222007513046
1648780337.0921922,4992,0.012124421074986458
1648780337.1537595,4996,0.01946653425693512
1648780337.4198754,5013,0.0017401846125721931
1648780338.0217884,5052,0.043265316635370255
1648780338.0385213,5053,0.04084517061710358
1648780338.1903338,5063,0.009886163286864758
1648780338.2516472,5067,0.04816838353872299
1648780338.4667525,5081,0.038084983825683594
1648780338.8211408,5104,0.008413237519562244
1648780339.2979374,5135,0.06526602059602737
1648780339.4687512,5146,0.017269734293222427
1648780339.513482,5149,0.07623090595006943
1648780339.5461113,5151,0.08125360310077667
1648780339.6058056,5155,0.08555365353822708
1648780341.6087842,5188,0.036303285509347916
1648780342.1127336,5220,0.02469032257795334
1648780342.285589,5231,0.0014229301596060395
1648780342.364724,5236,0.04980796203017235
1648780343.0531108,5280,0.0020713740959763527
1648780343.2422142,5292,0.001079216948710382
1648780343.444463,5305,0.023913875222206116
1648780343.6628363,5319,0.07192200422286987
1648780343.7235677,5323,0.006912318058311939
1648780343.7898517,5327,0.010463876649737358
1648780343.834928,5330,0.01985996775329113
1648780343.9942243,5340,0.03323456272482872
1648780344.2577267,5357,0.0011212907265871763
1648780345.154488,5413,0.009414272382855415
1648780345.5755877,5439,0.014165323227643967
1648780345.5918667,5440,0.04324834421277046
1648780345.674935,5445,0.010915804654359818
1648780346.097247,5471,0.020116057246923447
1648780346.2742722,5482,0.021749531850218773
1648780346.4499674,5493,0.0020564121659845114
1648780346.5964408,5502,0.009780921041965485
1648780346.758286,5512,0.02476864866912365
1648780347.0996487,5533,0.09497343748807907
1648780347.2122023,5540,0.0026357928290963173
1648780347.4227579,5553,0.002007267903536558
1648780347.6815083,5569,0.0028065156657248735
1648780347.824734,5578,0.02909695729613304
1648780350.0732355,5628,0.022536594420671463
1648780350.104924,5630,0.02365259639918804
1648780350.5104847,5656,0.011729111894965172
1648780350.696769,5668,0.03378470614552498
1648780351.2748098,5705,0.005302936304360628
1648780351.305481,5707,0.010354770347476006
1648780351.6655443,5730,0.011707036755979061
1648780352.1457567,5761,0.018324818462133408
1648780353.0617535,5820,0.0029199551790952682
1648780353.5922003,5854,0.02970912680029869
1648780353.8838477,5873,0.035377923399209976
1648780353.9595914,5878,0.011185429990291595
1648780354.3198352,5901,0.004109559115022421
1648780354.3640118,5904,0.0026796290185302496
1648780354.8156548,5933,0.008498597890138626
1648780354.8640676,5936,0.055366355925798416
1648780355.2230995,5959,0.0008215014240704477
1648780355.3483758,5967,0.04627009481191635
1648780355.3962448,5970,0.02503049373626709
1648780355.6307917,5985,0.012929859571158886
1648780355.6454215,5986,0.041489552706480026
1648780355.7845373,5995,0.0031611190643161535
1648780355.8477883,5999,0.0194439385086298
1648780356.0134485,6010,0.00428140489384532
1648780356.199584,6022,0.03835242614150047
1648780356.2627158,6026,0.03423818573355675
1648780359.3236716,6129,0.002808830002322793
1648780359.513505,6141,0.060737572610378265
1648780359.7318466,6155,0.013817981816828251
1648780359.9031494,6166,0.0030504653695970774
1648780360.164653,6183,0.012099680490791798
1648780360.1797378,6184,0.016672827303409576
1648780360.226601,6187,0.002565497299656272
1648780360.4617887,6202,0.002092304639518261
1648780360.6504557,6214,0.032470379024744034
1648780360.754311,6220,0.0050015621818602085
1648780361.0851092,6240,0.03480786830186844
1648780361.1007843,6241,0.001242204918526113
1648780361.32148,6255,0.0016581278759986162
1648780362.3455877,6320,0.018233198672533035
1648780362.3773658,6322,0.010475671850144863
1648780362.4080317,6324,0.0025851817335933447
1648780362.533822,6332,0.0010391995310783386
1648780362.7896755,6348,0.0008903850102797151
1648780362.821264,6350,0.03844515234231949
1648780362.9482145,6358,0.003654284868389368
1648780363.2340264,6376,0.011182530783116817
1648780364.0284023,6426,0.011977002024650574
1648780364.285437,6441,0.003015596652403474
1648780364.5675333,6459,0.01158599741756916
1648780364.813952,6474,0.027241894975304604
1648780365.4228146,6513,0.0007260279962792993
1648780365.6764371,6529,0.006966434884816408
1648780365.8187592,6538,0.02604006789624691
1648780366.2272933,6564,0.020520204678177834
1648780367.7643042,6568,0.0009120797622017562
1648780367.9454,6579,0.04884200543165207
1648780368.1195362,6590,0.0075873504392802715
1648780368.8845043,6638,0.00261446344666183
1648780369.0417845,6648,0.002765146316960454
1648780369.305636,6665,0.12489578872919083
1648780369.414626,6672,0.0006660597864538431
1648780369.8346937,6699,0.0023034855257719755
1648780369.8972287,6703,0.0010520289652049541
1648780370.1623366,6720,0.009930146858096123
1648780370.7639148,6759,0.002409188309684396
1648780370.9056265,6768,0.01702684722840786
1648780370.9824576,6773,0.0206773579120636
1648780371.434704,6802,0.0001238560362253338
1648780371.6524434,6816,0.009326613508164883
1648780371.7124636,6820,0.034342389553785324
1648780371.8355286,6828,0.0004181021358817816
1648780372.340653,6860,0.01058139093220234
1648780372.843852,6891,0.009130042977631092
1648780373.0884995,6906,0.007620630785822868
1648780373.3477037,6922,0.0009153338614851236
1648780373.7325337,6946,0.00264026690274477
1648780373.9916549,6962,0.0484832264482975
1648780374.219804,6976,0.003237710101529956
1648780374.3166435,6982,0.027592426165938377
1648780374.811057,7013,0.006165945902466774
1648780374.8265867,7014,0.013452479615807533
1648780374.8727868,7017,0.013827024959027767
1648780375.0011914,7025,0.0035572336055338383
1648780377.4260964,7079,0.0010858018649742007
1648780377.490321,7083,0.02924167364835739
1648780377.5218196,7085,0.029473192989826202
1648780377.793661,7102,0.0021335375495254993
1648780377.9218674,7110,0.00019375394913367927
1648780377.9859562,7114,0.005749620031565428
1648780378.1455464,7124,0.004027141258120537
1648780378.163481,7125,0.008416716009378433
1648780378.3698366,7138,0.007667809724807739
1648780378.4340217,7142,0.011000702157616615
1648780378.5142038,7147,0.001187854795716703
1648780378.5457792,7149,0.0014199805445969105
1648780378.5616133,7150,0.0003994633152615279
1648780378.8803775,7170,0.029654012992978096
1648780379.1396425,7186,0.04177225008606911
1648780379.211931,7190,0.00016618668450973928
1648780379.3180315,7196,0.005037037655711174
1648780379.349511,7198,0.002981654368340969
1648780379.5251973,7209,0.037174466997385025
1648780379.541102,7210,0.001286764396354556
1648780379.6025572,7214,0.0007657928508706391
1648780379.77674,7225,0.009651174768805504
1648780380.1668658,7250,0.0012477455893531442
1648780380.18493,7251,0.019650176167488098
1648780380.2766094,7257,0.002030378906056285
1648780380.6564136,7278,0.000521219102665782
1648780380.7538514,7284,0.006843641400337219
1648780381.3287756,7318,0.0018295850604772568
1648780381.4574544,7326,0.015553023666143417
1648780381.556979,7332,0.025574099272489548
1648780381.9165745,7354,0.03079640492796898
1648780381.997674,7359,0.006600827444344759
1648780382.0789964,7364,0.009713355451822281
1648780382.47174,7389,0.0032868136186152697
1648780382.488617,7390,0.006310750264674425
1648780382.6158721,7398,0.00546271214261651
1648780382.6780028,7402,0.003466709516942501
1648780382.8221421,7411,0.0052766515873372555
1648780383.4534533,7451,0.021888425573706627
1648780383.6306527,7462,0.011032734997570515
1648780383.7727914,7471,0.0015464454190805554
1648780383.8543136,7476,0.007315555587410927
1648780383.9170005,7480,0.03251666575670242
1648780383.9990437,7485,0.0005573412636294961
1648780386.1624005,7528,0.007703580427914858
1648780386.2722888,7535,0.0017978261457756162
1648780386.5220335,7551,0.0005611170781776309
1648780386.728172,7564,0.005022468511015177
1648780387.0557046,7585,0.0004973229370079935
1648780387.6952975,7626,0.0021609009709209204
1648780387.8541315,7636,0.0697784498333931
1648780387.9148052,7640,0.00045864557614549994
1648780387.962933,7643,0.000386824831366539
1648780388.0238206,7647,0.027828242629766464
1648780388.133551,7654,0.008871423080563545
1648780388.1493185,7655,0.004925643093883991
1648780388.2436485,7661,0.006107468158006668
1648780388.757879,7694,0.007979759015142918
1648780389.2774198,7727,0.0005307717947289348
1648780389.3378353,7731,0.00011592060036491603
1648780389.4008033,7735,0.00031635991763323545
1648780389.7744682,7759,0.0008762388024479151
1648780389.8704941,7765,0.00039001519326120615
1648780390.8858678,7830,0.0003610212588682771
1648780391.1035843,7844,0.0015492730308324099
1648780391.3081965,7857,0.0035533951595425606
1648780391.681157,7881,0.010251772589981556
1648780391.7425807,7885,0.0015470938524231315
1648780391.8683321,7893,0.00203316961415112
1648780391.962486,7899,0.0010128519497811794
1648780392.117745,7909,0.0005158426356501877
1648780392.8329315,7955,0.0014227498322725296
1648780392.864533,7957,0.0002826537820510566
1648780392.9437313,7962,0.0007781053427606821
1648780394.9063096,7992,0.0004948974819853902
1648780395.0015645,7998,0.00112846028059721
1648780395.3698447,8021,0.0021327915601432323
1648780395.5732749,8034,0.006358630955219269
1648780395.734793,8044,0.0002592534583527595
1648780395.814314,8049,0.0005776162724941969
1648780396.0929613,8067,0.001016870024614036
1648780396.4344296,8089,0.00027197389863431454
1648780396.4495888,8090,0.028502797707915306
1648780396.5760837,8098,0.0016290941275656223
1648780396.749034,8109,0.0024926597252488136
1648780397.4154313,8149,0.005621538497507572
1648780397.8926144,8176,0.005994987674057484
1648780397.9094849,8177,0.0009942840551957488
1648780398.262142,8197,8.749321568757296e-05
1648780398.731836,8224,0.0006472683162428439
1648780398.8378975,8230,0.0016157586360350251
1648780399.0314653,8241,0.0007290301728062332
1648780399.1912389,8250,0.0012574983993545175
1648780399.6437888,8276,0.0009695602348074317
1648780399.7319257,8281,0.00035803220816887915
1648780399.8361342,8287,0.00023297597363125533
1648780399.974682,8295,0.0015827054157853127
1648780400.0617757,8300,0.0006378860562108457
1648780400.1664248,8306,0.002233953680843115
1648780400.5159557,8326,0.0060135251842439175
1648780400.5337715,8327,0.0029511833563447
1648780401.1533425,8367,0.0002978969132527709
1648780401.3541062,8380,0.0011801784858107567
1648780401.7606914,8406,0.0014347708784043789
1648780401.8223426,8410,0.01595144532620907
1648780401.837946,8411,0.0008560261339880526
1648780401.901354,8415,0.005590455140918493
1648780402.0712152,8426,0.0036477488465607166
1648780404.09309,8463,0.00027543114265426993
1648780404.1391532,8466,0.0004793449479620904
1648780404.2332227,8472,0.0013083575759083033
1648780404.6691785,8500,0.0009612044668756425
1648780404.764162,8506,0.00034083312493748963
1648780405.0447397,8524,0.00014054066559765488
1648780405.2039583,8534,0.0004937233170494437
1648780405.2822866,8539,0.002227832330390811
1648780405.8001795,8572,0.00321005005389452
1648780406.002578,8585,0.001309393672272563
1648780406.2391105,8600,0.0002950402849819511
1648780406.2545457,8601,0.00034841865999624133
1648780406.416236,8611,0.0006650070426985621
1648780406.513386,8617,0.0049124970100820065
1648780406.624675,8624,0.00010633481724653393
1648780406.6893437,8628,0.0004185775469522923
1648780406.705371,8629,0.0006442529847845435
1648780406.8364964,8637,0.0016256097005680203
1648780406.980291,8646,0.0031645488925278187
1648780407.1232271,8655,0.010155257768929005
1648780407.174259,8658,0.0042039742693305016
1648780407.7306166,8692,7.11204411345534e-05
1648780407.9602253,8706,0.01077909767627716
1648780408.0090866,8709,0.002126909326761961
1648780408.0564258,8712,0.0008961981511674821
1648780408.2149796,8722,0.0002972391084767878
1648780408.5385473,8743,0.0005087752360850573
1648780408.571892,8745,0.03420199081301689
1648780408.7627642,8757,0.00021275269682519138
1648780408.8488631,8762,0.00030968969804234803
1648780408.9964213,8770,0.0012039202265441418
1648780409.0892897,8775,0.004655827302485704
1648780409.1070056,8776,0.0004971936577931046
1648780409.1252012,8777,0.0003328427847009152
1648780409.2189574,8782,0.00014983827713876963
1648780409.2372234,8783,0.002953920979052782
1648780409.3265975,8788,6.387544999597594e-05
1648780409.5373964,8800,0.0030039199627935886
1648780409.8254046,8818,0.0005145029281266034
1648780410.6060667,8868,0.0002220647584181279
1648780410.767246,8878,0.00028770911740139127
1648780410.8644776,8884,0.0002774977183435112
1648780412.8414693,8917,0.003422509878873825
1648780413.3297746,8948,0.00018497927521821111
1648780413.3761978,8951,0.006499005015939474
1648780413.5510056,8962,0.0010399178136140108
1648780413.756856,8975,0.00012653903104364872
1648780414.096998,8995,0.0002184331970056519
1648780414.1288095,8997,0.0010276219109073281
1648780414.433451,9016,0.00026304135099053383
1648780414.7575357,9037,0.0015412255888804793
1648780415.0683546,9057,0.00022474558500107378
1648780415.2087293,9066,0.0022392128594219685
1648780415.3623486,9076,0.0017030248418450356
1648780415.3948395,9078,0.00030928669730201364
1648780415.455844,9082,0.00010225044388789684
1648780415.5033977,9085,0.0003470716765150428
1648780415.8796248,9109,0.00026234949473291636
1648780415.9095798,9111,0.0008834499167278409
1648780416.2229848,9131,0.00012249582505319268
1648780416.4710908,9147,0.00011899787932634354
1648780416.6440036,9158,0.0023642994929105043
1648780416.7222743,9163,0.00040109618566930294
1648780416.8901782,9174,0.0004940269864164293
1648780417.1202545,9189,0.0002441639662720263
1648780417.197067,9194,0.0005205975030548871
1648780417.5957208,9220,0.0034235678613185883
1648780417.6259933,9222,0.0005043428973294795
1648780417.6408958,9223,0.0019970531575381756
1648780418.022038,9247,0.00015320355305448174
1648780418.5169034,9278,0.00024639052571728826
1648780418.6471982,9285,0.00016029704420361668
1648780418.8087888,9295,0.006041469983756542
1648780419.1199782,9315,0.000228462100494653
1648780419.1699147,9318,0.00023172402870841324
1648780419.51314,9340,0.0006801131530664861
1648780419.6538224,9349,0.0004781127208843827
1648780419.7983234,9358,0.00011811810691142455
1648780419.953105,9368,0.00015243812231346965
1648780421.9966097,9404,0.00013822870096191764
1648780422.1849647,9416,0.00019042121130041778
1648780422.433189,9432,5.547200271394104e-05
1648780422.5719023,9441,7.60380135034211e-05
1648780422.589455,9442,8.56508850120008e-05
1648780423.3638573,9488,0.00013441196642816067
1648780423.5719442,9501,0.0002940442936960608
1648780423.960633,9526,0.0002663411432877183
1648780424.1297398,9537,0.00013097224291414022
1648780424.2215142,9543,0.00028256193036213517
1648780424.3898895,9554,0.00010683864820748568
1648780424.404327,9555,0.0008287185919471085
1648780425.0980554,9600,0.0001469000562792644
1648780425.7132611,9639,0.00015703050303272903
1648780426.041854,9660,0.0006268105353228748
1648780426.072524,9662,0.00022688580793328583
1648780426.5475903,9692,0.00091894919751212
1648780426.8220916,9708,0.00026933784829452634
1648780427.0369585,9721,5.864564445801079e-05
1648780427.1158562,9726,0.0001767366484273225
1648780427.2583313,9735,0.0003413505619391799
1648780427.289684,9737,0.00012929194781463593
1648780427.5401535,9751,0.0007480339845642447
1648780427.6219432,9756,0.000359468802344054
1648780427.8144696,9768,0.00010934678721241653
1648780428.595876,9813,0.0004857324529439211
1648780428.7204642,9821,0.0005944243166595697
1648780428.8343956,9828,0.0004282381269149482
1648780428.8519228,9829,0.00024329214647877961
1648780430.8327892,9858,0.00011116889800177887
1648780430.9436047,9865,0.00019300272106193006
1648780431.1621337,9879,0.00012057378626195714
1648780431.3328266,9890,6.37649791315198e-05
1648780431.3779368,9893,0.00020076388318557292
1648780431.7365034,9914,6.265233241720125e-05
1648780431.791748,9917,0.00023493415210396051
1648780432.0168853,9931,0.0002606690104585141
1648780432.1282434,9938,0.00046648099669255316
1648780432.192392,9942,6.64735198370181e-05
1648780432.3358467,9951,9.770849283086136e-05
1648780432.5781498,9965,7.84154690336436e-05
1648780432.9525783,9986,0.0003014866670127958
1648780433.467658,10014,5.269519169814885e-05
1648780433.748379,10032,0.0005350165301933885
1648780434.0279412,10050,0.00019728420011233538
1648780434.1590562,10058,0.00039885990554466844
1648780434.313355,10067,0.00019385540508665144
1648780434.6087978,10084,0.00012526368664111942
1648780434.7957017,10095,3.914855915354565e-05
1648780435.0428195,10109,0.0003099774767179042
1648780435.5074363,10136,8.915082435123622e-05
1648780435.6104028,10142,0.00014867399295326322
1648780435.7896743,10153,0.00015664473176002502
1648780436.301685,10186,0.00011666599311865866
1648780436.812378,10219,0.0001550515298731625
1648780437.2337222,10246,6.583157664863393e-05
1648780437.970887,10293,0.00013841981126461178
1648780438.048966,10298,0.00040075427386909723
1648780440.177784,10337,5.805481123388745e-05
1648780440.2110503,10339,0.0003842145961243659
1648780440.444951,10354,0.00023975264048203826
1648780440.5405488,10360,0.00021930929506197572
1648780440.788995,10376,0.00018411902419757098
1648780440.835094,10379,5.176724516786635e-05
1648780440.882546,10382,0.00023907147988211364
1648780440.976816,10388,7.5873191235587e-05
1648780441.007742,10390,6.6524968133308e-05
1648780441.0381784,10392,4.437270763446577e-05
1648780441.1948364,10402,0.00019975111354142427
1648780441.6623073,10432,0.00018896193068940192
1648780442.417759,10480,9.002205479191616e-05
1648780442.4495354,10482,0.0005197535501793027
1648780442.530617,10487,0.000579444516915828
1648780442.7501745,10501,0.00028799407300539315
1648780443.0005686,10517,0.00011876912321895361
1648780443.2847462,10535,5.276161391520873e-05
1648780443.4243612,10544,0.00013963470701128244
1648780443.7905116,10567,0.00014190058573149145
1648780443.855652,10571,3.8239071727730334e-05
1648780444.4043489,10605,2.0908828446408734e-05
1648780444.885566,10635,0.00010276238026563078
1648780445.3751183,10666,0.00012862698349636048
1648780445.6403105,10683,0.00012738067016471177
1648780445.7009716,10687,0.00023563763534184545
1648780446.971296,10767,0.00019727044855244458
1648780448.8336895,10792,3.2657073461450636e-05
1648780449.141096,10812,0.00020496950310189277
1648780449.2033513,10816,8.86814232217148e-05
1648780449.2182758,10817,4.437478492036462e-05
1648780449.372191,10827,7.012346031842753e-05
1648780449.9410772,10863,0.000324595021083951
1648780450.2539573,10883,1.1292183444311377e-05
1648780450.302339,10886,0.0001942659291671589
1648780450.3178155,10887,0.00010697240213630721
1648780450.5058727,10899,0.000219284716877155
1648780450.666493,10909,9.063046309165657e-05
1648780450.760254,10915,0.0001911652070702985
1648780450.8547149,10921,8.60211075632833e-05
1648780450.8854368,10923,8.126770990202203e-05
1648780451.009952,10931,0.00012356428487692028
1648780452.0973005,11000,0.00029379696934483945
1648780452.2055864,11007,0.000276051985565573
1648780452.420848,11021,0.0001017718022922054
1648780452.5126545,11027,5.4879052186151966e-05
1648780454.6466281,11160,0.00024697522167116404
1648780454.7614443,11167,5.181688175071031e-05
1648780454.9558835,11179,9.897806739900261e-05
1648780455.2141519,11195,0.0001603592245373875
1648780455.618823,11220,0.00032058017677627504
1648780455.6976905,11225,9.825178130995482e-05
1648780455.843221,11234,8.029428136069328e-05
1648780455.9082005,11238,0.00041622237768024206
1648780455.9406557,11240,0.00012284252443350852
1648780457.863457,11264,5.771651558461599e-05
1648780458.4218106,11299,0.00011371822620276362
1648780458.592195,11310,0.0003333355125505477
1648780458.7136803,11318,0.00015726052515674382
1648780458.900361,11330,0.000139751544338651
1648780459.1052,11343,6.015328108333051e-05
1648780459.2722087,11354,0.000129596795886755
1648780459.4261923,11364,0.00010087151167681441
1648780460.1901302,11414,5.2178220357745886e-05
1648780460.2369282,11417,0.0003469047078397125
1648780460.2676866,11419,0.00025454722344875336
1648780460.4400337,11430,0.0001681769936112687
1648780460.5179267,11435,0.0002962518483400345
1648780461.1065629,11473,0.00021055678371340036
1648780461.1998248,11479,0.0002560608845669776
1648780461.4626648,11496,0.00022828888904768974
1648780461.7143128,11512,0.00021189259132370353
1648780461.9134216,11525,0.0001560542150400579
1648780461.9441762,11527,9.976354340324178e-05
1648780462.4343686,11558,0.00010386920621385798
1648780462.5133789,11563,6.605011731153354e-05
1648780462.654897,11572,0.00023107120068743825
1648780463.1754665,11605,7.831475522834808e-05
1648780463.272098,11611,0.0001423870853614062
1648780463.3825676,11618,0.0001086005286197178
1648780463.8656335,11649,8.950282062869519e-05
1648780463.8991287,11651,0.0002543425071053207
1648780464.469365,11688,8.269360841950402e-05
1648780464.7467694,11706,8.191760571207851e-05
1648780466.7501802,11740,8.240679562732112e-06
1648780466.8098142,11744,0.00012948803487233818
1648780467.1230505,11764,0.000436182803241536
1648780467.3559122,11779,0.00015463729505427182
1648780467.4050741,11782,0.00024927573394961655
1648780467.6263213,11796,7.642784476047382e-05
1648780467.721905,11802,0.00021185945661272854
1648780467.9715722,11818,7.992654718691483e-05
1648780468.0031161,11820,0.00010561371891526505
1648780468.0995758,11826,0.00018587040540296584
1648780468.7418158,11867,0.00011602151789702475
1648780468.7570412,11868,0.00021947229106444865
1648780468.9784758,11882,0.00014825441758148372
1648780469.1826074,11895,7.603475387440994e-05
1648780469.3073473,11903,0.00019803336181212217
1648780469.3224692,11904,0.00010817904694704339
1648780469.5105128,11916,0.00019607762806117535
1648780469.6508942,11925,0.0001391983823850751
1648780470.007175,11948,6.609317642869428e-05
1648780470.2939038,11967,0.0001756472047418356
1648780470.3092165,11968,8.240394527092576e-05
1648780470.357339,11971,0.0002221268805442378
1648780470.3864834,11973,0.0001259840646525845
1648780470.5582447,11984,0.000165764446137473
1648780470.740875,11996,0.0003329359460622072
1648780470.9263556,12008,7.326420018216595e-05
1648780471.0045342,12013,0.00022670037287753075
1648780471.0989954,12019,0.00048624310875311494
1648780471.2216923,12027,2.7077760023530573e-05
1648780471.6460662,12054,0.0001033791049849242
1648780471.6766753,12056,0.00011790941789513454
1648780471.9093497,12071,0.00021142304467502981
1648780471.9405787,12073,0.00029251151136122644
1648780472.010657,12077,0.00023016113846097142
1648780472.3582258,12097,0.00016889757534954697
1648780473.1886091,12146,0.00015501733287237585
1648780473.7091398,12179,0.00032885707332752645
1648780475.5061605,12201,3.6708130210172385e-05
1648780475.5523841,12204,7.017849566182122e-05
1648780475.5827854,12206,0.00011200422159163281
1648780475.631198,12209,0.00035252433735877275
1648780475.8727963,12224,0.00019671385234687477
1648780476.111884,12239,7.250667840708047e-05
1648780476.2859914,12250,0.000189276528544724
1648780476.3166654,12252,0.0005330675048753619
1648780476.3317964,12253,0.00012361495464574546
1648780476.5510201,12267,0.00019307316688355058
1648780476.5991688,12270,9.719774243421853e-05
1648780476.6143036,12271,0.00037776160752400756
1648780477.0146613,12297,0.00015888866619206965
1648780477.0316532,12298,6.36302720522508e-05
1648780477.2655914,12313,0.00030308865825645626
1648780477.452398,12325,0.00014920796093065292
1648780477.6880293,12340,6.204012606758624e-05
1648780478.0289273,12362,0.00029411131981760263
1648780478.076024,12365,0.00012293492909520864
1648780478.207026,12373,0.00014938150707166642
1648780478.4652383,12390,0.0001290175860049203
1648780478.663923,12403,8.590301149524748e-05
1648780478.8317537,12414,8.644782064948231e-05
1648780479.1853654,12437,0.0003050068626180291
1648780479.3712683,12449,0.0001782910112524405
1648780479.4194374,12452,7.437599560944363e-05
1648780479.696297,12470,0.00014282936172094196
1648780479.896477,12483,0.00014227665087673813
1648780480.0337415,12492,3.987747186329216e-05
1648780480.2175598,12504,0.0002896474616136402
1648780480.2617018,12507,0.00015099966549314559
1648780480.7070055,12536,0.00023491457977797836
1648780480.8168218,12543,9.476994455326349e-05
1648780480.8612628,12546,3.8568556192331016e-05
1648780480.984202,12554,0.00017240566376131028
1648780481.2180037,12569,7.671857747482136e-05
1648780481.3275294,12576,9.211413998855278e-05
1648780481.450592,12584,0.00012007873738184571
1648780481.5441265,12590,0.0002655618591234088
1648780482.1620681,12630,0.0002607923233881593
1648780482.2226305,12634,0.00022824273037258536
1648780484.2198234,12667,0.00015887101471889764
1648780484.2731106,12670,0.00010940733773168176
1648780484.4995596,12683,0.0001915479078888893
1648780484.6389434,12692,0.00012860911374446005
1648780484.7318392,12698,0.00010426720837131143
1648780484.786266,12701,0.00016519552445970476
1648780485.1082988,12721,0.0002702767960727215
1648780485.123295,12722,5.803619933431037e-05
1648780485.3787663,12738,0.00018991809338331223
1648780485.5328865,12748,0.00010358586587244645
1648780485.7185447,12760,7.701900176471099e-05
1648780485.8740554,12770,0.00014978177205193788
1648780485.951985,12775,2.6643536330084316e-05
1648780486.0621688,12782,4.991911191609688e-05
1648780486.3526075,12801,0.000305543071590364
1648780486.73872,12826,0.000197857734747231
1648780486.995064,12842,5.447550574899651e-05
1648780487.2131207,12856,0.00015874138625804335
1648780487.3373008,12864,7.152862235670909e-05
1648780487.3829813,12867,3.131814082735218e-05
1648780487.4283636,12870,0.00015514598635490984
1648780487.566651,12879,0.00040091932169161737
1648780488.9419289,12969,0.00013706515892408788
1648780489.8621783,13029,0.000478986999951303
1648780489.9242961,13033,4.9264133849646896e-05
1648780490.0001469,13038,0.00011439077206887305
1648780490.1270998,13046,0.0001396213483531028
1648780490.8503435,13093,0.00015097652794793248
1648780491.0232,13104,0.00010605459101498127
1648780491.0689695,13107,0.00017539621330797672
1648780491.17708,13114,0.0002027485752478242
1648780491.223841,13117,9.756206418387592e-05
1648780491.238972,13118,4.819756941287778e-05
1648780491.254132,13119,0.00011788590927608311
1648780492.9194868,13132,0.00015503389295190573
1648780492.9693892,13135,3.145013761240989e-05
1648780493.000475,13137,0.00027701270300894976
1648780493.3504581,13159,6.943645712453872e-05
1648780493.4609358,13166,8.622787572676316e-05
1648780493.5861204,13174,0.0001140632011811249
1648780493.6796532,13180,0.00048298563342541456
1648780493.93055,13196,8.725173393031582e-05
1648780494.1340818,13209,2.9253567845444195e-05
1648780494.2617786,13217,9.152597340289503e-05
1648780494.3084314,13220,4.361074388725683e-05
1648780494.4954731,13232,0.000489920552354306
1648780494.5887492,13238,5.248045999906026e-05
1648780495.0689192,13269,3.29751601384487e-05
1648780495.9785292,13327,0.00019861958571709692
1648780496.0709555,13333,4.921311483485624e-05
1648780496.1823118,13340,8.345744572579861e-05
1648780496.324657,13349,4.114381590625271e-05
1648780496.466077,13358,0.0002148762287106365
1648780496.7192726,13374,0.0001514855830464512
1648780496.75132,13376,7.559941150248051e-05
1648780496.828539,13381,0.00012562525807879865
1648780497.2063737,13405,4.6431996452156454e-05
1648780497.5893345,13430,0.0002794951433315873
1648780497.839241,13446,0.0009870614157989621
1648780498.0062742,13457,0.00046947714872658253
1648780498.1149518,13464,0.0001478593039792031
1648780498.1963062,13469,0.0008348181727342308
1648780498.8220954,13509,0.00011784823436755687
1648780499.0066674,13521,0.0002746219397522509
1648780499.0542166,13524,8.860824891598895e-05
1648780499.069774,13525,4.710584835265763e-05
1648780499.378703,13545,0.0002125832688761875
1648780499.4388366,13549,0.00021607312373816967
1648780499.5316267,13555,0.00018848053878173232
1648780499.6393929,13562,0.00013583837426267564
1648780500.10197,13592,0.00027448617038317025
1648780500.2254052,13600,0.00011633693793555722
1648780501.9380317,13612,0.00025768906925804913
1648780502.0502548,13619,4.575768252834678e-05
1648780502.8051374,13668,0.00010076940816361457
1648780502.8814073,13673,0.00016297247202601284
1648780503.004333,13681,0.00014458547229878604
1648780503.0982623,13687,0.00011289046960882843
1648780503.1615853,13691,0.00013301019498612732
1648780503.2707138,13698,0.00013105098332744092
1648780503.3007357,13700,0.00017946750449482352
1648780503.5944066,13719,0.00016505223175045103
1648780503.9624588,13743,5.4991072829579934e-05
1648780504.1615748,13756,0.00016518958727829158
1648780504.2523067,13762,0.00014538208779413253
1648780504.5265675,13780,0.00011996685498161241
1648780504.5886457,13784,0.00010416252916911617
1648780504.6036577,13785,0.0003756255318876356
1648780504.8170433,13799,4.236274980939925e-05
1648780504.894345,13804,0.00022620445815846324
1648780504.9098492,13805,3.892578752129339e-05
1648780505.0026329,13811,0.00041860094643197954
1648780505.048391,13814,0.00016301970754284412
1648780505.3106918,13831,0.00013070269778836519
1648780505.803892,13863,7.038920011837035e-05
1648780505.865509,13867,7.671412458876148e-05
1648780505.8808284,13868,0.0004276703984942287
1648780505.8957,13869,0.00016018377209547907
1648780505.9407933,13872,0.0006479204166680574
1648780505.958039,13873,5.839914956595749e-05
1648780505.9734907,13874,0.0001909868442453444
1648780506.0962367,13882,0.00010503077646717429
1648780506.3104827,13896,5.064821380074136e-05
1648780506.7370658,13924,5.159752618055791e-05
1648780506.7520068,13925,0.0003277647774666548
1648780506.9825346,13940,5.6652093917364255e-05
1648780507.1384976,13950,0.0001776193967089057
1648780507.2919333,13960,0.00020643729658331722
1648780507.371911,13965,4.1914328903658316e-05
1648780507.6035643,13980,0.00022001873003318906
1648780507.6185746,13981,0.00012243572564329952
1648780507.7897105,13992,5.840483936481178e-05
1648780507.8202453,13994,3.6568391806213185e-05
1648780507.850126,13996,0.0002029184252023697
1648780508.1911654,14018,7.602349069202319e-05
1648780508.2686174,14023,0.00021046408801339567
1648780508.2842045,14024,0.00015059130964800715
1648780508.2996564,14025,3.130683398921974e-05
1648780508.5181062,14039,0.00014331314014270902
1648780508.596332,14044,0.00041986192809417844
1648780508.6268785,14046,0.00010916380415437743
1648780508.828297,14059,0.0011253837728872895
1648780508.979476,14069,0.00032414894667454064
