Wall time,Step,Value
1648767111.7626202,44,0.0036299999337643385
1648767111.7828476,45,0.0036299999337643385
1648767111.8359692,48,0.0036299999337643385
1648767112.500985,89,0.0036299999337643385
1648767113.1533663,127,0.0036299999337643385
1648767113.3101287,137,0.0036299999337643385
1648767113.3242927,138,0.0036299999337643385
1648767113.677366,158,0.0036299999337643385
1648767113.986809,177,0.0036299999337643385
1648767114.3008819,197,0.0036299999337643385
1648767114.3606696,201,0.0036299999337643385
1648767114.5944397,216,0.0036299999337643385
1648767114.8508441,232,0.0036299999337643385
1648767114.9277964,237,0.0036299999337643385
1648767114.9765391,240,0.0036299999337643385
1648767116.3394935,326,0.0036299999337643385
1648767116.7655754,353,0.0036299999337643385
1648767117.1313736,376,0.0036299999337643385
1648767117.16259,378,0.0036299999337643385
1648767117.2276082,382,0.0036299999337643385
1648767117.3401093,389,0.0036299999337643385
1648767117.4660134,396,0.0036299999337643385
1648767117.7515643,413,0.0036299999337643385
1648767118.1439588,435,0.0036299999337643385
1648767118.2151754,439,0.0036299999337643385
1648767118.401242,450,0.0036299999337643385
1648767118.4901445,455,0.0036299999337643385
1648767118.5958714,461,0.0036299999337643385
1648767120.4884558,476,0.0036299999337643385
1648767121.106337,516,0.0036299999337643385
1648767121.18455,521,0.0036299999337643385
1648767121.4201021,536,0.0036299999337643385
1648767121.4533274,538,0.0036299999337643385
1648767121.8185415,561,0.0036299999337643385
1648767122.14933,582,0.0036299999337643385
1648767122.2451897,588,0.0036299999337643385
1648767122.43615,600,0.0036299999337643385
1648767122.4531937,601,0.0036299999337643385
1648767122.545999,607,0.0036299999337643385
1648767122.5787756,609,0.0036299999337643385
1648767122.6405284,613,0.0036299999337643385
1648767122.751296,620,0.0036299999337643385
1648767123.0084026,636,0.0036299999337643385
1648767123.2317092,650,0.0036299999337643385
1648767123.3246315,656,0.0036299999337643385
1648767124.4409726,723,0.0036299999337643385
1648767124.4735496,725,0.0036299999337643385
1648767124.8208148,745,0.0036299999337643385
1648767125.6375134,795,0.0036299999337643385
1648767126.429448,842,0.0036299999337643385
1648767126.6336298,854,0.0036299999337643385
1648767127.1757245,888,0.0036299999337643385
1648767127.2397633,892,0.0036299999337643385
1648767127.255219,893,0.0036299999337643385
1648767127.3678682,900,0.0036299999337643385
1648767127.5910573,914,0.0036299999337643385
1648767127.6061757,915,0.0036299999337643385
1648767127.8121123,928,0.0036299999337643385
1648767129.4867449,942,0.0036299999337643385
1648767129.6616812,953,0.0036299999337643385
1648767130.30812,992,0.0036299999337643385
1648767130.3778408,996,0.0036299999337643385
1648767130.4624548,1001,0.0036299999337643385
1648767130.567942,1007,0.0036299999337643385
1648767130.8843958,1027,0.0036299999337643385
1648767130.9153826,1029,0.0036299999337643385
1648767131.1851394,1046,0.0036299999337643385
1648767131.2167425,1048,0.0036299999337643385
1648767131.3576784,1057,0.0036299999337643385
1648767131.375513,1058,0.0036299999337643385
1648767131.6294389,1074,0.0036299999337643385
1648767131.644869,1075,0.0036299999337643385
1648767131.8033764,1085,0.0036299999337643385
1648767132.2517245,1113,0.0036299999337643385
1648767132.316842,1117,0.0036299999337643385
1648767132.4164875,1123,0.0036299999337643385
1648767133.4112048,1183,0.0036299999337643385
1648767133.5978084,1193,0.0036299999337643385
1648767133.6761558,1198,0.0036299999337643385
1648767134.2762852,1236,0.0036299999337643385
1648767134.292546,1237,0.0036299999337643385
1648767134.6647542,1260,0.0036299999337643385
1648767134.7936885,1268,0.0036299999337643385
1648767134.8277757,1270,0.0036299999337643385
1648767134.906996,1275,0.0036299999337643385
1648767134.97248,1279,0.0036299999337643385
1648767135.067779,1285,0.0036299999337643385
1648767135.0983741,1287,0.0036299999337643385
1648767135.3735373,1303,0.0036299999337643385
1648767135.6937468,1323,0.0036299999337643385
1648767135.8065956,1330,0.0036299999337643385
1648767135.9348922,1338,0.0036299999337643385
1648767136.0994923,1348,0.0036299999337643385
1648767136.5435257,1376,0.0036299999337643385
1648767136.6733274,1384,0.0036299999337643385
1648767136.689136,1385,0.0036299999337643385
1648767138.631355,1412,0.0036299999337643385
1648767138.7061973,1416,0.0036299999337643385
1648767138.7250605,1417,0.0036299999337643385
1648767139.0047793,1434,0.0036299999337643385
1648767139.2588437,1450,0.0036299999337643385
1648767139.3527408,1456,0.0036299999337643385
1648767139.7827055,1483,0.0036299999337643385
1648767140.1081219,1503,0.0036299999337643385
1648767140.1540906,1506,0.0036299999337643385
1648767140.317978,1516,0.0036299999337643385
1648767140.6058571,1534,0.0036299999337643385
1648767140.7331371,1542,0.0036299999337643385
1648767141.309025,1576,0.0036299999337643385
1648767141.4549937,1585,0.0036299999337643385
1648767141.524896,1589,0.0036299999337643385
1648767141.8136032,1606,0.0036299999337643385
1648767141.9848025,1617,0.0036299999337643385
1648767142.0637336,1622,0.0036299999337643385
1648767142.6279438,1658,0.0036299999337643385
1648767142.7225237,1664,0.0036299999337643385
1648767142.833289,1671,0.0036299999337643385
1648767143.0325205,1683,0.0036299999337643385
1648767143.6598291,1720,0.0036299999337643385
1648767143.7162669,1723,0.0036299999337643385
1648767143.787265,1727,0.0036299999337643385
1648767144.290358,1756,0.0036299999337643385
1648767144.990092,1801,0.0036299999337643385
1648767145.3983572,1826,0.0036299999337643385
1648767145.4315848,1828,0.0036299999337643385
1648767145.804303,1851,0.0036299999337643385
1648767145.882832,1856,0.0036299999337643385
1648767146.1074297,1870,0.0036299999337643385
1648767146.1932228,1875,0.0036299999337643385
1648767147.9488707,1893,0.0036299999337643385
1648767148.0289638,1898,0.0036299999337643385
1648767148.3326058,1917,0.0036299999337643385
1648767148.629355,1934,0.0036299999337643385
1648767148.6642232,1936,0.0036299999337643385
1648767148.8062413,1944,0.0036299999337643385
1648767149.2921307,1973,0.0036299999337643385
1648767149.3697557,1978,0.0036299999337643385
1648767150.0314603,2020,0.0036299999337643385
1648767150.2252576,2031,0.0036299999337643385
1648767150.366126,2040,0.0036299999337643385
1648767150.4280229,2044,0.0036299999337643385
1648767150.4922152,2048,0.0036299999337643385
1648767150.604574,2055,0.0036299999337643385
1648767151.0883014,2086,0.0036299999337643385
1648767151.2967358,2099,0.0036299999337643385
1648767151.6622267,2122,0.0036299999337643385
1648767151.876833,2135,0.0036299999337643385
1648767152.281003,2159,0.0036299999337643385
1648767152.4568994,2170,0.0036299999337643385
1648767152.6652603,2183,0.0036299999337643385
1648767152.8711793,2196,0.0036299999337643385
1648767153.229421,2219,0.0036299999337643385
1648767153.702555,2246,0.0036299999337643385
1648767154.5078294,2297,0.0036299999337643385
1648767154.5716493,2301,0.0036299999337643385
1648767154.809882,2315,0.0036299999337643385
1648767155.1677978,2336,0.0036299999337643385
1648767155.2548938,2341,0.0036299999337643385
1648767155.2964807,2344,0.0036299999337643385
1648767156.8296938,2351,0.0036299999337643385
1648767156.8457675,2352,0.0036299999337643385
1648767157.052696,2364,0.0036299999337643385
1648767157.10152,2367,0.0036299999337643385
1648767157.3829942,2385,0.0036299999337643385
1648767157.7709532,2408,0.0036299999337643385
1648767157.9027658,2416,0.0036299999337643385
1648767158.1736648,2432,0.0036299999337643385
1648767158.2457936,2436,0.0036299999337643385
1648767158.2809017,2438,0.0036299999337643385
1648767158.3519669,2442,0.0036299999337643385
1648767158.5117404,2451,0.0036299999337643385
1648767158.6052973,2456,0.0036299999337643385
1648767158.9043727,2473,0.0036299999337643385
1648767159.1773229,2490,0.0036299999337643385
1648767159.804828,2530,0.0036299999337643385
1648767159.915704,2537,0.0036299999337643385
1648767160.2080662,2555,0.0036299999337643385
1648767160.7356925,2587,0.0036299999337643385
1648767160.7718832,2589,0.0036299999337643385
1648767161.1313038,2611,0.0036299999337643385
1648767161.4902103,2633,0.0036299999337643385
1648767161.5585217,2637,0.0036299999337643385
1648767161.7839777,2650,0.0036299999337643385
1648767161.8303535,2653,0.0036299999337643385
1648767162.4569085,2690,0.0036299999337643385
1648767162.4749193,2691,0.0036299999337643385
1648767162.4911888,2692,0.0036299999337643385
1648767162.768086,2709,0.0036299999337643385
1648767162.967308,2721,0.0036299999337643385
1648767163.166899,2732,0.0036299999337643385
1648767163.3083062,2740,0.0036299999337643385
1648767163.625224,2760,0.0036299999337643385
1648767163.882781,2775,0.0036299999337643385
1648767164.1570961,2792,0.0036299999337643385
1648767164.1741438,2793,0.0036299999337643385
1648767165.9857178,2815,0.0036299999337643385
1648767166.6861632,2859,0.0036299999337643385
1648767166.7053323,2860,0.0036299999337643385
1648767166.741871,2862,0.0036299999337643385
1648767167.1662152,2888,0.0036299999337643385
1648767167.2930424,2896,0.0036299999337643385
1648767167.48653,2907,0.0036299999337643385
1648767167.6402493,2917,0.0036299999337643385
1648767167.7198067,2922,0.0036299999337643385
1648767168.0649295,2943,0.0036299999337643385
1648767168.4677808,2968,0.0036299999337643385
1648767168.7840657,2988,0.0036299999337643385
1648767168.815295,2990,0.0036299999337643385
1648767168.8466551,2992,0.0036299999337643385
1648767168.9455013,2998,0.0036299999337643385
1648767169.2130713,3014,0.0036299999337643385
1648767169.56864,3034,0.0036299999337643385
1648767169.6580398,3039,0.0036299999337643385
1648767170.602203,3095,0.0036299999337643385
1648767171.2710297,3137,0.0036299999337643385
1648767171.3492234,3142,0.0036299999337643385
1648767171.4783967,3150,0.0036299999337643385
1648767171.8328238,3172,0.0036299999337643385
1648767171.8815603,3175,0.0036299999337643385
1648767172.3253384,3203,0.0036299999337643385
1648767172.5001,3214,0.0036299999337643385
1648767172.576438,3219,0.0036299999337643385
1648767172.6409051,3223,0.0036299999337643385
1648767172.9422655,3241,0.0036299999337643385
1648767173.5166693,3276,0.0036299999337643385
1648767173.5344765,3277,0.0036299999337643385
1648767175.1202557,3285,0.0036299999337643385
1648767175.2018864,3290,0.0036299999337643385
1648767175.3113008,3297,0.0036299999337643385
1648767175.388512,3302,0.0036299999337643385
1648767175.4841979,3308,0.0036299999337643385
1648767175.5644178,3313,0.0036299999337643385
1648767175.7873344,3327,0.0036299999337643385
1648767176.2600002,3357,0.0036299999337643385
1648767176.7878897,3391,0.0036299999337643385
1648767176.8952427,3398,0.0036299999337643385
1648767177.3313282,3426,0.0036299999337643385
1648767177.5302258,3437,0.0036299999337643385
1648767177.5846083,3440,0.0036299999337643385
1648767177.8060985,3453,0.0036299999337643385
1648767178.0383537,3468,0.0036299999337643385
1648767178.1744688,3476,0.0036299999337643385
1648767178.437835,3492,0.0036299999337643385
1648767178.5326228,3498,0.0036299999337643385
1648767178.787891,3514,0.0036299999337643385
1648767178.8338635,3517,0.0036299999337643385
1648767179.3058925,3547,0.0036299999337643385
1648767179.5453885,3562,0.0036299999337643385
1648767180.0107272,3589,0.0036299999337643385
1648767180.0432363,3591,0.0036299999337643385
1648767180.3680348,3611,0.0036299999337643385
1648767180.4020958,3613,0.0036299999337643385
1648767180.4895055,3618,0.0036299999337643385
1648767180.575098,3623,0.0036299999337643385
1648767181.1459405,3659,0.0036299999337643385
1648767181.1610556,3660,0.0036299999337643385
1648767181.1757903,3661,0.0036299999337643385
1648767181.4188325,3676,0.0036299999337643385
1648767181.6531966,3690,0.0036299999337643385
1648767182.0901396,3717,0.0036299999337643385
1648767182.1210115,3719,0.0036299999337643385
1648767182.3299809,3732,0.0036299999337643385
1648767182.4890356,3741,0.0036299999337643385
1648767184.2714615,3761,0.0036299999337643385
1648767184.8858967,3799,0.0036299999337643385
1648767185.0280316,3807,0.0036299999337643385
1648767185.1849885,3816,0.0036299999337643385
1648767185.3106592,3823,0.0036299999337643385
1648767185.388792,3827,0.0036299999337643385
1648767185.613407,3840,0.0036299999337643385
1648767185.820826,3853,0.0036299999337643385
1648767186.3133967,3882,0.0036299999337643385
1648767186.3916216,3887,0.0036299999337643385
1648767186.7363303,3908,0.0036299999337643385
1648767186.9161296,3918,0.0036299999337643385
1648767187.4586196,3951,0.0036299999337643385
1648767187.4775462,3952,0.0036299999337643385
1648767187.735832,3967,0.0036299999337643385
1648767187.9235888,3979,0.0036299999337643385
1648767188.2660475,4000,0.0036299999337643385
1648767188.5587769,4018,0.0036299999337643385
1648767188.6219559,4022,0.0036299999337643385
1648767188.9219148,4041,0.0036299999337643385
1648767189.1566596,4056,0.0036299999337643385
1648767189.424405,4073,0.0036299999337643385
1648767189.48888,4077,0.0036299999337643385
1648767189.679888,4089,0.0036299999337643385
1648767189.824813,4098,0.0036299999337643385
1648767189.9686568,4107,0.0036299999337643385
1648767190.065867,4113,0.0036299999337643385
1648767190.192385,4121,0.0036299999337643385
1648767190.272598,4126,0.0036299999337643385
1648767190.8757057,4164,0.0036299999337643385
1648767190.906922,4166,0.0036299999337643385
1648767191.0203028,4173,0.0036299999337643385
1648767191.1808367,4183,0.0036299999337643385
1648767191.2284052,4186,0.0036299999337643385
1648767191.293373,4190,0.0036299999337643385
1648767191.5142035,4204,0.0036299999337643385
1648767191.681974,4214,0.0036299999337643385
1648767191.7145822,4216,0.0036299999337643385
1648767193.36614,4230,0.0036299999337643385
1648767193.5247974,4240,0.0036299999337643385
1648767193.576586,4243,0.0036299999337643385
1648767193.8175054,4258,0.0036299999337643385
1648767193.8483942,4260,0.0036299999337643385
1648767193.8818796,4262,0.0036299999337643385
1648767194.2141623,4282,0.0036299999337643385
1648767194.3730567,4291,0.0036299999337643385
1648767194.7858827,4317,0.0036299999337643385
1648767194.9547877,4328,0.0036299999337643385
1648767195.2084317,4344,0.0036299999337643385
1648767195.7771378,4378,0.0036299999337643385
1648767195.865043,4383,0.0036299999337643385
1648767195.9705274,4389,0.0036299999337643385
1648767196.4215329,4417,0.0036299999337643385
1648767196.9415383,4450,0.0036299999337643385
1648767197.149198,4462,0.0036299999337643385
1648767197.3003693,4471,0.0036299999337643385
1648767197.4608827,4480,0.0036299999337643385
1648767197.5313785,4484,0.0036299999337643385
1648767197.5474603,4485,0.0036299999337643385
1648767198.4723737,4542,0.0036299999337643385
1648767198.4877727,4543,0.0036299999337643385
1648767198.9250143,4571,0.0036299999337643385
1648767199.470595,4606,0.0036299999337643385
1648767199.518393,4609,0.0036299999337643385
1648767199.8369908,4629,0.0036299999337643385
1648767199.9127378,4634,0.0036299999337643385
1648767199.946742,4636,0.0036299999337643385
1648767199.9781609,4638,0.0036299999337643385
1648767200.0878224,4645,0.0036299999337643385
1648767200.2603886,4656,0.0036299999337643385
1648767200.560854,4675,0.0036299999337643385
1648767200.687145,4683,0.0036299999337643385
1648767202.2969546,4692,0.0036299999337643385
1648767202.3420365,4695,0.0036299999337643385
1648767202.514306,4706,0.0036299999337643385
1648767202.7833664,4721,0.0036299999337643385
1648767202.9441056,4731,0.0036299999337643385
1648767203.0253043,4736,0.0036299999337643385
1648767203.3818715,4757,0.0036299999337643385
1648767203.4899478,4764,0.0036299999337643385
1648767203.6132212,4772,0.0036299999337643385
1648767204.007954,4797,0.0036299999337643385
1648767204.0253098,4798,0.0036299999337643385
1648767204.4448934,4823,0.0036299999337643385
1648767204.5882773,4831,0.0036299999337643385
1648767205.5098073,4889,0.0036299999337643385
1648767205.5254245,4890,0.0036299999337643385
1648767206.0925527,4926,0.0036299999337643385
1648767206.7494426,4968,0.0036299999337643385
1648767206.862965,4975,0.0036299999337643385
1648767206.9274974,4979,0.0036299999337643385
1648767206.9432738,4980,0.0036299999337643385
1648767207.196352,4996,0.0036299999337643385
1648767207.8028924,5034,0.0036299999337643385
1648767208.132551,5055,0.0036299999337643385
1648767208.8416853,5100,0.0036299999337643385
1648767209.3298447,5131,0.0036299999337643385
1648767209.3618214,5133,0.0036299999337643385
1648767209.4868174,5141,0.0036299999337643385
1648767209.5819125,5147,0.0036299999337643385
1648767209.6589189,5152,0.0036299999337643385
1648767211.3046503,5163,0.0036299999337643385
1648767211.3534627,5166,0.0036299999337643385
1648767211.635991,5184,0.0036299999337643385
1648767211.6996636,5188,0.0036299999337643385
1648767211.9771168,5206,0.0036299999337643385
1648767212.1508021,5217,0.0036299999337643385
1648767212.1658578,5218,0.0036299999337643385
1648767212.2296855,5222,0.0036299999337643385
1648767212.541394,5242,0.0036299999337643385
1648767212.7251928,5253,0.0036299999337643385
1648767212.790503,5257,0.0036299999337643385
1648767212.898128,5264,0.0036299999337643385
1648767212.9921527,5270,0.0036299999337643385
1648767213.5621521,5306,0.0036299999337643385
1648767214.1997433,5345,0.0036299999337643385
1648767214.5126047,5363,0.0036299999337643385
1648767214.8284523,5382,0.0036299999337643385
1648767215.257903,5407,0.0036299999337643385
1648767215.6639714,5432,0.0036299999337643385
1648767216.2436736,5468,0.0036299999337643385
1648767216.645416,5493,0.0036299999337643385
1648767216.699592,5496,0.0036299999337643385
1648767217.3298101,5533,0.0036299999337643385
1648767217.7846656,5561,0.0036299999337643385
1648767218.0844548,5580,0.0036299999337643385
1648767218.179517,5586,0.0036299999337643385
1648767218.8409395,5625,0.0036299999337643385
1648767218.8560681,5626,0.0036299999337643385
1648767218.8679662,5627,0.0036299999337643385
1648767220.3974755,5631,0.0036299999337643385
1648767221.7985997,5715,0.0036299999337643385
1648767221.9060254,5721,0.0036299999337643385
1648767221.959355,5724,0.0036299999337643385
1648767222.5451925,5757,0.0036299999337643385
1648767222.6181335,5761,0.0036299999337643385
1648767222.7045217,5766,0.0036299999337643385
1648767222.8467064,5775,0.0036299999337643385
1648767223.0970874,5791,0.0036299999337643385
1648767223.477112,5815,0.0036299999337643385
1648767223.8426092,5836,0.0036299999337643385
1648767224.1153548,5853,0.0036299999337643385
1648767224.2516315,5861,0.0036299999337643385
1648767224.4373846,5872,0.0036299999337643385
1648767224.4681115,5874,0.0036299999337643385
1648767224.7395535,5891,0.0036299999337643385
1648767224.923948,5902,0.0036299999337643385
1648767225.0839565,5911,0.0036299999337643385
1648767225.276826,5923,0.0036299999337643385
1648767225.4208074,5932,0.0036299999337643385
1648767225.7113295,5949,0.0036299999337643385
1648767225.8359256,5957,0.0036299999337643385
1648767225.9790561,5966,0.0036299999337643385
1648767226.0587344,5971,0.0036299999337643385
1648767226.0891159,5973,0.0036299999337643385
1648767226.1055217,5974,0.0036299999337643385
1648767226.322276,5988,0.0036299999337643385
1648767226.6933453,6012,0.0036299999337643385
1648767226.7893097,6018,0.0036299999337643385
1648767227.0724108,6036,0.0036299999337643385
1648767227.135405,6040,0.0036299999337643385
1648767227.1654682,6042,0.0036299999337643385
1648767227.2438896,6047,0.0036299999337643385
1648767227.4163687,6058,0.0036299999337643385
1648767227.6011612,6070,0.0036299999337643385
1648767227.9852087,6094,0.0036299999337643385
1648767229.6251616,6107,0.0036299999337643385
1648767230.0069585,6131,0.0036299999337643385
1648767230.1824615,6142,0.0036299999337643385
1648767230.7023027,6174,0.0036299999337643385
1648767231.1423874,6201,0.0036299999337643385
1648767231.661641,6234,0.0036299999337643385
1648767231.6773558,6235,0.0036299999337643385
1648767231.7563365,6240,0.0036299999337643385
1648767231.993757,6255,0.0036299999337643385
1648767232.3496253,6277,0.0036299999337643385
1648767232.3978734,6280,0.0036299999337643385
1648767232.9181008,6313,0.0036299999337643385
1648767232.9651206,6316,0.0036299999337643385
1648767233.468768,6347,0.0036299999337643385
1648767234.126529,6386,0.0036299999337643385
1648767234.3240697,6398,0.0036299999337643385
1648767234.3561301,6400,0.0036299999337643385
1648767234.465569,6407,0.0036299999337643385
1648767234.920754,6436,0.0036299999337643385
1648767234.9362192,6437,0.0036299999337643385
1648767235.2759235,6457,0.0036299999337643385
1648767235.3414028,6461,0.0036299999337643385
1648767235.5660503,6474,0.0036299999337643385
1648767236.0324478,6502,0.0036299999337643385
1648767236.4240448,6527,0.0036299999337643385
1648767236.6413722,6541,0.0036299999337643385
1648767236.9229038,6558,0.0036299999337643385
1648767236.9530933,6560,0.0036299999337643385
1648767238.7774096,6579,0.0036299999337643385
1648767239.3417144,6613,0.0036299999337643385
1648767239.482966,6622,0.0036299999337643385
1648767239.6075158,6630,0.0036299999337643385
1648767239.6710765,6634,0.0036299999337643385
1648767239.734762,6638,0.0036299999337643385
1648767239.8179147,6643,0.0036299999337643385
1648767239.9001572,6648,0.0036299999337643385
1648767239.9475772,6651,0.0036299999337643385
1648767240.1007957,6660,0.0036299999337643385
1648767240.3081539,6672,0.0036299999337643385
1648767241.0624194,6716,0.0036299999337643385
1648767241.2998948,6731,0.0036299999337643385
1648767241.5053082,6743,0.0036299999337643385
1648767241.5872037,6748,0.0036299999337643385
1648767241.6663551,6753,0.0036299999337643385
1648767241.7639923,6759,0.0036299999337643385
1648767241.927245,6769,0.0036299999337643385
1648767242.023696,6775,0.0036299999337643385
1648767242.1197958,6781,0.0036299999337643385
1648767242.4042668,6799,0.0036299999337643385
1648767242.452111,6802,0.0036299999337643385
1648767242.5375037,6807,0.0036299999337643385
1648767242.5746832,6809,0.0036299999337643385
1648767243.1096237,6841,0.0036299999337643385
1648767243.1591346,6844,0.0036299999337643385
1648767243.4955492,6865,0.0036299999337643385
1648767243.5107272,6866,0.0036299999337643385
1648767243.6056263,6872,0.0036299999337643385
1648767243.6858213,6877,0.0036299999337643385
1648767243.701734,6878,0.0036299999337643385
1648767244.016982,6898,0.0036299999337643385
1648767244.0326967,6899,0.0036299999337643385
1648767244.0817115,6902,0.0036299999337643385
1648767244.7117662,6941,0.0036299999337643385
1648767244.9222918,6954,0.0036299999337643385
1648767245.0041187,6959,0.0036299999337643385
1648767245.0507429,6962,0.0036299999337643385
1648767245.3395314,6980,0.0036299999337643385
1648767245.4521646,6987,0.0036299999337643385
1648767246.006478,7022,0.0036299999337643385
1648767246.067647,7026,0.0036299999337643385
1648767247.7122955,7040,0.0036299999337643385
1648767247.7300138,7041,0.0036299999337643385
1648767247.919071,7053,0.0036299999337643385
1648767248.1632912,7067,0.0036299999337643385
1648767248.907695,7113,0.0036299999337643385
1648767248.9720666,7117,0.0036299999337643385
1648767249.1019492,7125,0.0036299999337643385
1648767249.1174998,7126,0.0036299999337643385
1648767249.2787738,7136,0.0036299999337643385
1648767249.5039146,7150,0.0036299999337643385
1648767250.1902015,7192,0.0036299999337643385
1648767250.3300598,7200,0.0036299999337643385
1648767250.4799664,7209,0.0036299999337643385
1648767250.7758467,7227,0.0036299999337643385
1648767250.8694456,7233,0.0036299999337643385
1648767251.1927106,7252,0.0036299999337643385
1648767251.3183732,7260,0.0036299999337643385
1648767252.2111077,7315,0.0036299999337643385
1648767252.6027524,7339,0.0036299999337643385
1648767252.7421536,7348,0.0036299999337643385
1648767252.8035893,7352,0.0036299999337643385
1648767252.9296465,7360,0.0036299999337643385
1648767252.9609926,7362,0.0036299999337643385
1648767253.1005917,7371,0.0036299999337643385
1648767253.1638072,7375,0.0036299999337643385
1648767253.381601,7389,0.0036299999337643385
1648767253.7857623,7415,0.0036299999337643385
1648767253.8796191,7421,0.0036299999337643385
1648767254.1755576,7440,0.0036299999337643385
1648767254.3296192,7450,0.0036299999337643385
1648767256.7726054,7508,0.0036299999337643385
1648767256.9013908,7516,0.0036299999337643385
1648767256.9185503,7517,0.0036299999337643385
1648767256.949595,7519,0.0036299999337643385
1648767256.967838,7520,0.0036299999337643385
1648767257.4117584,7546,0.0036299999337643385
1648767257.4607656,7549,0.0036299999337643385
1648767257.5733476,7556,0.0036299999337643385
1648767257.828787,7572,0.0036299999337643385
1648767258.167467,7593,0.0036299999337643385
1648767258.6758568,7625,0.0036299999337643385
1648767258.9779367,7644,0.0036299999337643385
1648767258.993588,7645,0.0036299999337643385
1648767259.407333,7671,0.0036299999337643385
1648767259.43874,7673,0.0036299999337643385
1648767259.4541576,7674,0.0036299999337643385
1648767259.5648332,7681,0.0036299999337643385
1648767259.6442873,7686,0.0036299999337643385
1648767259.6598513,7687,0.0036299999337643385
1648767259.8634622,7700,0.0036299999337643385
1648767259.9118547,7703,0.0036299999337643385
1648767260.2593114,7725,0.0036299999337643385
1648767260.8251014,7761,0.0036299999337643385
1648767260.8854358,7765,0.0036299999337643385
1648767260.9477723,7769,0.0036299999337643385
1648767261.2868905,7791,0.0036299999337643385
1648767262.0454612,7840,0.0036299999337643385
1648767262.58496,7875,0.0036299999337643385
1648767262.5999649,7876,0.0036299999337643385
1648767262.7078056,7883,0.0036299999337643385
1648767262.8008974,7889,0.0036299999337643385
1648767262.8637376,7893,0.0036299999337643385
1648767262.9566808,7899,0.0036299999337643385
1648767263.019596,7903,0.0036299999337643385
1648767263.097998,7908,0.0036299999337643385
1648767263.17881,7913,0.0036299999337643385
1648767263.2712207,7919,0.0036299999337643385
1648767263.3201933,7922,0.0036299999337643385
1648767263.5412078,7936,0.0036299999337643385
1648767263.7951176,7952,0.0036299999337643385
1648767264.013464,7966,0.0036299999337643385
1648767265.59431,7975,0.0036299999337643385
1648767265.9408376,7997,0.0036299999337643385
1648767266.05514,8004,0.0036299999337643385
1648767266.617686,8040,0.0036299999337643385
1648767266.6813765,8044,0.0036299999337643385
1648767266.8049428,8052,0.0036299999337643385
1648767266.8353374,8054,0.0036299999337643385
1648767266.912099,8059,0.0036299999337643385
1648767266.9738479,8063,0.0036299999337643385
1648767267.0852008,8070,0.0036299999337643385
1648767267.281377,8082,0.0036299999337643385
1648767267.4593956,8092,0.0036299999337643385
1648767267.5826874,8099,0.0036299999337643385
1648767267.7643702,8110,0.0036299999337643385
1648767267.90931,8119,0.0036299999337643385
1648767267.92452,8120,0.0036299999337643385
1648767268.098125,8131,0.0036299999337643385
1648767268.2067533,8138,0.0036299999337643385
1648767268.3346686,8146,0.0036299999337643385
1648767268.8596857,8180,0.0036299999337643385
1648767269.3149369,8209,0.0036299999337643385
1648767269.3927443,8214,0.0036299999337643385
1648767269.6958387,8233,0.0036299999337643385
1648767269.7115757,8234,0.0036299999337643385
1648767269.9180732,8247,0.0036299999337643385
1648767270.29306,8271,0.0036299999337643385
1648767271.1446064,8325,0.0036299999337643385
1648767271.6616397,8357,0.0036299999337643385
1648767271.6933064,8359,0.0036299999337643385
1648767271.9808235,8377,0.0036299999337643385
1648767272.0123782,8379,0.0036299999337643385
1648767272.0589328,8382,0.0036299999337643385
1648767272.9713602,8439,0.0036299999337643385
1648767274.5225573,8447,0.0036299999337643385
1648767274.6937218,8458,0.0036299999337643385
1648767274.9248137,8473,0.0036299999337643385
1648767275.6287787,8518,0.0036299999337643385
1648767275.6600728,8520,0.0036299999337643385
1648767275.8822358,8534,0.0036299999337643385
1648767275.8976903,8535,0.0036299999337643385
1648767275.9133852,8536,0.0036299999337643385
1648767276.4370441,8569,0.0036299999337643385
1648767276.647733,8582,0.0036299999337643385
1648767276.6952894,8585,0.0036299999337643385
1648767277.0692797,8608,0.0036299999337643385
1648767277.506068,8635,0.0036299999337643385
1648767277.7012842,8647,0.0036299999337643385
1648767277.8137743,8654,0.0036299999337643385
1648767278.4727407,8695,0.0036299999337643385
1648767278.5352898,8699,0.0036299999337643385
1648767279.1830173,8740,0.0036299999337643385
1648767279.1983836,8741,0.0036299999337643385
1648767279.3080688,8748,0.0036299999337643385
1648767279.4364305,8756,0.0036299999337643385
1648767280.1315289,8800,0.0036299999337643385
1648767280.1477325,8801,0.0036299999337643385
1648767280.2597132,8808,0.0036299999337643385
1648767280.516931,8824,0.0036299999337643385
1648767280.5328708,8825,0.0036299999337643385
1648767280.6775026,8834,0.0036299999337643385
1648767280.6934178,8835,0.0036299999337643385
1648767281.3370464,8875,0.0036299999337643385
1648767281.5382123,8888,0.0036299999337643385
1648767281.570558,8890,0.0036299999337643385
1648767281.7918274,8904,0.0036299999337643385
1648767283.7571704,8938,0.0036299999337643385
1648767284.3863502,8978,0.0036299999337643385
1648767284.6078193,8992,0.0036299999337643385
1648767284.8615077,9008,0.0036299999337643385
1648767285.0819924,9022,0.0036299999337643385
1648767285.365596,9040,0.0036299999337643385
1648767285.3964374,9042,0.0036299999337643385
1648767285.616187,9056,0.0036299999337643385
1648767285.9480016,9077,0.0036299999337643385
1648767286.5950553,9118,0.0036299999337643385
1648767286.8943052,9137,0.0036299999337643385
1648767286.9252088,9139,0.0036299999337643385
1648767287.2059298,9157,0.0036299999337643385
1648767287.7374804,9191,0.0036299999337643385
1648767288.0918324,9214,0.0036299999337643385
1648767288.107087,9215,0.0036299999337643385
1648767288.8803794,9265,0.0036299999337643385
1648767289.4075983,9299,0.0036299999337643385
1648767289.500895,9305,0.0036299999337643385
1648767289.515884,9306,0.0036299999337643385
1648767289.6401021,9314,0.0036299999337643385
1648767289.9498086,9334,0.0036299999337643385
1648767290.275962,9355,0.0036299999337643385
1648767290.629407,9378,0.0036299999337643385
1648767292.1592073,9385,0.0036299999337643385
1648767292.3472254,9397,0.0036299999337643385
1648767292.4109223,9401,0.0036299999337643385
1648767292.8034596,9426,0.0036299999337643385
1648767292.9765677,9437,0.0036299999337643385
1648767292.9914134,9438,0.0036299999337643385
1648767293.1161077,9446,0.0036299999337643385
1648767293.408971,9465,0.0036299999337643385
1648767293.4238408,9466,0.0036299999337643385
1648767293.640243,9480,0.0036299999337643385
1648767293.7330184,9486,0.0036299999337643385
1648767294.0140035,9504,0.0036299999337643385
1648767294.0458436,9506,0.0036299999337643385
1648767294.0613873,9507,0.0036299999337643385
1648767294.515234,9536,0.0036299999337643385
1648767294.5457118,9538,0.0036299999337643385
1648767294.6239302,9543,0.0036299999337643385
1648767295.1956773,9580,0.0036299999337643385
1648767295.5885017,9605,0.0036299999337643385
1648767295.9970827,9631,0.0036299999337643385
1648767296.0281641,9633,0.0036299999337643385
1648767296.3744695,9655,0.0036299999337643385
1648767296.4056103,9657,0.0036299999337643385
1648767296.550682,9666,0.0036299999337643385
1648767296.6774225,9674,0.0036299999337643385
1648767296.9022849,9688,0.0036299999337643385
1648767297.1722744,9705,0.0036299999337643385
1648767297.535671,9728,0.0036299999337643385
1648767298.0751884,9762,0.0036299999337643385
1648767298.140074,9766,0.0036299999337643385
1648767298.2354,9772,0.0036299999337643385
1648767298.9241061,9816,0.0036299999337643385
1648767299.0020096,9821,0.0036299999337643385
1648767299.0175881,9822,0.0036299999337643385
1648767299.1738124,9832,0.0036299999337643385
1648767301.1500218,9862,0.0036299999337643385
1648767301.3057168,9872,0.0036299999337643385
1648767301.493234,9884,0.0036299999337643385
1648767301.70811,9898,0.0036299999337643385
1648767302.0055375,9917,0.0036299999337643385
1648767302.0380003,9919,0.0036299999337643385
1648767302.0536864,9920,0.0036299999337643385
1648767302.1359031,9925,0.0036299999337643385
1648767302.7525525,9964,0.0036299999337643385
1648767302.8165712,9968,0.0036299999337643385
1648767302.985802,9979,0.0036299999337643385
1648767303.0800288,9985,0.0036299999337643385
1648767303.1111643,9987,0.0036299999337643385
1648767303.6484199,10021,0.0036299999337643385
1648767304.3943865,10067,0.0036299999337643385
1648767304.4642968,10071,0.0036299999337643385
1648767304.7056692,10086,0.0036299999337643385
1648767304.9101465,10099,0.0036299999337643385
1648767305.3985097,10130,0.0036299999337643385
1648767305.6174617,10144,0.0036299999337643385
1648767305.8530414,10159,0.0036299999337643385
1648767306.168398,10179,0.0036299999337643385
1648767306.3767545,10192,0.0036299999337643385
1648767306.486415,10199,0.0036299999337643385
1648767306.5168986,10201,0.0036299999337643385
1648767306.5323958,10202,0.0036299999337643385
1648767306.6720338,10211,0.0036299999337643385
1648767307.6710415,10275,0.0036299999337643385
1648767309.9151568,10322,0.0036299999337643385
1648767310.2826867,10345,0.0036299999337643385
1648767310.344614,10349,0.0036299999337643385
1648767310.6645873,10369,0.0036299999337643385
1648767310.7601194,10375,0.0036299999337643385
1648767310.9179637,10385,0.0036299999337643385
1648767311.15942,10400,0.0036299999337643385
1648767311.4439793,10418,0.0036299999337643385
1648767311.6177936,10429,0.0036299999337643385
1648767311.679261,10433,0.0036299999337643385
1648767311.7268138,10436,0.0036299999337643385
1648767311.9138882,10448,0.0036299999337643385
1648767312.2416608,10469,0.0036299999337643385
1648767312.3688643,10477,0.0036299999337643385
1648767312.38873,10478,0.0036299999337643385
1648767312.557236,10488,0.0036299999337643385
1648767312.8111932,10504,0.0036299999337643385
1648767313.0069172,10516,0.0036299999337643385
1648767313.1050346,10522,0.0036299999337643385
1648767313.1528456,10525,0.0036299999337643385
1648767313.2017376,10528,0.0036299999337643385
1648767313.2333467,10530,0.0036299999337643385
1648767313.3136098,10535,0.0036299999337643385
1648767313.3287745,10536,0.0036299999337643385
1648767313.409016,10541,0.0036299999337643385
1648767313.9465876,10575,0.0036299999337643385
1648767314.3632588,10601,0.0036299999337643385
1648767314.3790057,10602,0.0036299999337643385
1648767314.8243108,10630,0.0036299999337643385
1648767314.873399,10633,0.0036299999337643385
1648767314.903791,10635,0.0036299999337643385
1648767315.0297399,10643,0.0036299999337643385
1648767315.0788243,10646,0.0036299999337643385
1648767315.1399689,10650,0.0036299999337643385
1648767315.376194,10665,0.0036299999337643385
1648767315.4402604,10669,0.0036299999337643385
1648767315.5840821,10678,0.0036299999337643385
1648767315.8664243,10696,0.0036299999337643385
1648767315.897006,10698,0.0036299999337643385
1648767316.3399646,10726,0.0036299999337643385
1648767316.6247916,10744,0.0036299999337643385
1648767316.657035,10746,0.0036299999337643385
1648767316.9396124,10764,0.0036299999337643385
1648767317.0971923,10774,0.0036299999337643385
1648767318.772427,10790,0.0036299999337643385
1648767318.986301,10802,0.0036299999337643385
1648767319.3047802,10822,0.0036299999337643385
1648767319.4449406,10831,0.0036299999337643385
1648767319.47754,10833,0.0036299999337643385
1648767319.823648,10855,0.0036299999337643385
1648767321.0155225,10932,0.0036299999337643385
1648767322.1753783,11007,0.0036299999337643385
1648767322.220859,11010,0.0036299999337643385
1648767322.5334759,11030,0.0036299999337643385
1648767322.7199676,11042,0.0036299999337643385
1648767322.969421,11058,0.0036299999337643385
1648767323.095362,11066,0.0036299999337643385
1648767323.2049596,11073,0.0036299999337643385
1648767323.6486018,11101,0.0036299999337643385
1648767323.7893689,11110,0.0036299999337643385
1648767323.96141,11121,0.0036299999337643385
1648767323.991912,11123,0.0036299999337643385
1648767324.0872612,11129,0.0036299999337643385
1648767324.1650405,11134,0.0036299999337643385
1648767324.4035602,11149,0.0036299999337643385
1648767324.8138402,11175,0.0036299999337643385
1648767325.1546695,11197,0.0036299999337643385
1648767325.1999936,11200,0.0036299999337643385
1648767325.278782,11205,0.0036299999337643385
1648767325.3403578,11209,0.0036299999337643385
1648767325.3877687,11212,0.0036299999337643385
1648767325.8598485,11242,0.0036299999337643385
1648767325.9532168,11248,0.0036299999337643385
1648767327.5293398,11258,0.0036299999337643385
1648767327.8294775,11277,0.0036299999337643385
1648767328.066666,11292,0.0036299999337643385
1648767328.3478212,11310,0.0036299999337643385
1648767328.8814876,11344,0.0036299999337643385
1648767328.915161,11346,0.0036299999337643385
1648767329.0283232,11353,0.0036299999337643385
1648767329.232051,11366,0.0036299999337643385
1648767329.518517,11384,0.0036299999337643385
1648767329.6458836,11392,0.0036299999337643385
1648767330.4732337,11444,0.0036299999337643385
1648767330.5841727,11451,0.0036299999337643385
1648767330.613624,11453,0.0036299999337643385
1648767330.954487,11475,0.0036299999337643385
1648767331.076902,11483,0.0036299999337643385
1648767331.1069689,11485,0.0036299999337643385
1648767331.2463677,11494,0.0036299999337643385
1648767331.3076396,11498,0.0036299999337643385
1648767331.5408194,11513,0.0036299999337643385
1648767331.6190572,11518,0.0036299999337643385
1648767331.8207877,11531,0.0036299999337643385
1648767332.3992157,11568,0.0036299999337643385
1648767332.4773397,11573,0.0036299999337643385
1648767332.585841,11580,0.0036299999337643385
1648767332.6011403,11581,0.0036299999337643385
1648767333.2413034,11622,0.0036299999337643385
1648767333.3050961,11626,0.0036299999337643385
1648767333.445559,11635,0.0036299999337643385
1648767333.9957955,11670,0.0036299999337643385
1648767334.0427222,11673,0.0036299999337643385
1648767334.245363,11686,0.0036299999337643385
1648767334.2937334,11689,0.0036299999337643385
1648767334.324797,11691,0.0036299999337643385
1648767334.4350433,11698,0.0036299999337643385
1648767334.779281,11720,0.0036299999337643385
1648767336.3298383,11728,0.0036299999337643385
1648767336.345386,11729,0.0036299999337643385
1648767336.3779984,11731,0.0036299999337643385
1648767336.5047512,11739,0.0036299999337643385
1648767336.567377,11743,0.0036299999337643385
1648767336.6757195,11750,0.0036299999337643385
1648767336.8949225,11764,0.0036299999337643385
1648767336.9896734,11770,0.0036299999337643385
1648767337.2935703,11789,0.0036299999337643385
1648767337.6426015,11811,0.0036299999337643385
1648767338.384904,11858,0.0036299999337643385
1648767338.4002752,11859,0.0036299999337643385
1648767338.4630344,11863,0.0036299999337643385
1648767338.4804268,11864,0.0036299999337643385
1648767338.8280993,11886,0.0036299999337643385
1648767338.8432386,11887,0.0036299999337643385
1648767338.9224138,11892,0.0036299999337643385
1648767338.9374044,11893,0.0036299999337643385
1648767339.0322504,11899,0.0036299999337643385
1648767339.7737725,11946,0.0036299999337643385
1648767340.166407,11971,0.0036299999337643385
1648767340.3705623,11984,0.0036299999337643385
1648767340.5879734,11998,0.0036299999337643385
1648767340.883199,12017,0.0036299999337643385
1648767340.9625466,12022,0.0036299999337643385
1648767341.5281136,12058,0.0036299999337643385
1648767341.8101594,12076,0.0036299999337643385
1648767341.966315,12086,0.0036299999337643385
1648767342.299816,12107,0.0036299999337643385
1648767342.9470525,12148,0.0036299999337643385
1648767343.3401222,12173,0.0036299999337643385
1648767343.3555813,12174,0.0036299999337643385
1648767343.3859384,12176,0.0036299999337643385
1648767345.1418738,12195,0.0036299999337643385
1648767345.4421804,12214,0.0036299999337643385
1648767345.6480982,12227,0.0036299999337643385
1648767345.8240755,12238,0.0036299999337643385
1648767345.8398225,12239,0.0036299999337643385
1648767345.871075,12241,0.0036299999337643385
1648767345.9674098,12247,0.0036299999337643385
1648767346.2042305,12262,0.0036299999337643385
1648767346.331431,12270,0.0036299999337643385
1648767346.441026,12277,0.0036299999337643385
1648767346.7027082,12294,0.0036299999337643385
1648767346.7323895,12296,0.0036299999337643385
1648767347.2493193,12328,0.0036299999337643385
1648767347.5178308,12343,0.0036299999337643385
1648767347.7170718,12354,0.0036299999337643385
1648767347.9319644,12366,0.0036299999337643385
1648767348.2713654,12387,0.0036299999337643385
1648767348.611278,12409,0.0036299999337643385
1648767348.6748195,12413,0.0036299999337643385
1648767348.8159924,12422,0.0036299999337643385
1648767348.9551883,12431,0.0036299999337643385
1648767349.1286092,12442,0.0036299999337643385
1648767349.317154,12454,0.0036299999337643385
1648767349.6579673,12476,0.0036299999337643385
1648767350.2167752,12511,0.0036299999337643385
1648767350.2473474,12513,0.0036299999337643385
1648767350.7518551,12546,0.0036299999337643385
1648767350.887021,12555,0.0036299999337643385
1648767350.9800963,12561,0.0036299999337643385
1648767351.4228609,12590,0.0036299999337643385
1648767351.606301,12601,0.0036299999337643385
1648767351.6921911,12606,0.0036299999337643385
1648767351.9157076,12619,0.0036299999337643385
1648767351.93294,12620,0.0036299999337643385
1648767352.1447456,12632,0.0036299999337643385
1648767352.1820052,12634,0.0036299999337643385
1648767352.2694864,12639,0.0036299999337643385
1648767352.4124725,12647,0.0036299999337643385
1648767352.6083126,12658,0.0036299999337643385
1648767352.6260397,12659,0.0036299999337643385
1648767354.1771843,12668,0.0036299999337643385
1648767354.6177924,12696,0.0036299999337643385
1648767354.9214795,12715,0.0036299999337643385
1648767354.9354107,12716,0.0036299999337643385
1648767355.0781236,12725,0.0036299999337643385
1648767355.4342148,12748,0.0036299999337643385
1648767355.6657288,12763,0.0036299999337643385
1648767355.7447805,12768,0.0036299999337643385
1648767355.9133463,12779,0.0036299999337643385
1648767355.990107,12784,0.0036299999337643385
1648767357.0106742,12849,0.0036299999337643385
1648767357.0925558,12854,0.0036299999337643385
1648767357.3833132,12872,0.0036299999337643385
1648767357.5261266,12881,0.0036299999337643385
1648767358.1456258,12920,0.0036299999337643385
1648767358.961902,12971,0.0036299999337643385
1648767359.149236,12983,0.0036299999337643385
1648767359.1820292,12985,0.0036299999337643385
1648767359.244364,12989,0.0036299999337643385
1648767359.4179802,13000,0.0036299999337643385
1648767359.7910306,13024,0.0036299999337643385
1648767359.9162612,13032,0.0036299999337643385
1648767359.9336991,13033,0.0036299999337643385
1648767359.9673092,13035,0.0036299999337643385
1648767360.3302016,13058,0.0036299999337643385
1648767360.8571916,13091,0.0036299999337643385
1648767360.9527621,13097,0.0036299999337643385
1648767361.1289124,13108,0.0036299999337643385
1648767362.9342854,13133,0.0036299999337643385
1648767362.9655232,13135,0.0036299999337643385
1648767362.981212,13136,0.0036299999337643385
1648767363.2684977,13154,0.0036299999337643385
1648767363.5034387,13169,0.0036299999337643385
1648767363.5190651,13170,0.0036299999337643385
1648767363.614568,13176,0.0036299999337643385
1648767364.0662103,13204,0.0036299999337643385
1648767364.352716,13222,0.0036299999337643385
1648767364.7234354,13244,0.0036299999337643385
1648767365.1382113,13268,0.0036299999337643385
1648767365.397471,13283,0.0036299999337643385
1648767365.6015582,13296,0.0036299999337643385
1648767365.7565734,13306,0.0036299999337643385
1648767365.771769,13307,0.0036299999337643385
1648767365.911322,13316,0.0036299999337643385
1648767366.2130384,13335,0.0036299999337643385
1648767366.5959349,13359,0.0036299999337643385
1648767366.6726654,13364,0.0036299999337643385
1648767366.7063527,13366,0.0036299999337643385
1648767367.27915,13401,0.0036299999337643385
1648767367.5279932,13416,0.0036299999337643385
1648767367.9173565,13441,0.0036299999337643385
1648767368.0268273,13448,0.0036299999337643385
1648767368.40549,13470,0.0036299999337643385
1648767368.4250658,13471,0.0036299999337643385
1648767368.5368776,13478,0.0036299999337643385
1648767368.7052586,13488,0.0036299999337643385
1648767368.8110726,13494,0.0036299999337643385
1648767368.9162846,13500,0.0036299999337643385
1648767369.0401452,13507,0.0036299999337643385
1648767369.1460552,13513,0.0036299999337643385
1648767369.2003136,13516,0.0036299999337643385
1648767369.7654212,13549,0.0036299999337643385
1648767369.9739382,13562,0.0036299999337643385
1648767370.0699449,13568,0.0036299999337643385
1648767370.0886085,13569,0.0036299999337643385
1648767370.4103987,13587,0.0036299999337643385
1648767372.672395,13637,0.0036299999337643385
1648767372.68805,13638,0.0036299999337643385
1648767372.9298878,13653,0.0036299999337643385
1648767373.0412035,13660,0.0036299999337643385
1648767373.6255205,13696,0.0036299999337643385
1648767373.7031395,13701,0.0036299999337643385
1648767373.7203865,13702,0.0036299999337643385
1648767374.2210941,13732,0.0036299999337643385
1648767374.5248537,13750,0.0036299999337643385
1648767374.5406985,13751,0.0036299999337643385
1648767374.5747147,13753,0.0036299999337643385
1648767374.930423,13774,0.0036299999337643385
1648767375.13694,13787,0.0036299999337643385
1648767375.2010558,13791,0.0036299999337643385
1648767375.7609227,13826,0.0036299999337643385
1648767376.141096,13850,0.0036299999337643385
1648767376.251725,13857,0.0036299999337643385
1648767376.3609731,13864,0.0036299999337643385
1648767376.4872396,13872,0.0036299999337643385
1648767376.912894,13899,0.0036299999337643385
1648767376.9920504,13904,0.0036299999337643385
1648767377.071171,13909,0.0036299999337643385
1648767377.133829,13913,0.0036299999337643385
1648767377.4325194,13932,0.0036299999337643385
1648767377.8777583,13960,0.0036299999337643385
1648767377.9421437,13964,0.0036299999337643385
1648767377.9917235,13967,0.0036299999337643385
1648767378.0234585,13969,0.0036299999337643385
1648767378.1041725,13974,0.0036299999337643385
1648767379.1762254,14040,0.0036299999337643385
1648767379.6541202,14069,0.0036299999337643385
