Wall time,Step,Value
1648767111.7624867,44,0.39496633410453796
1648767111.7827113,45,0.4328494668006897
1648767111.8358495,48,0.3733597695827484
1648767112.5009074,89,0.2544255256652832
1648767113.1533036,127,0.2440328449010849
1648767113.3100646,137,0.11612091213464737
1648767113.32423,138,0.3048620820045471
1648767113.6772988,158,0.1738249808549881
1648767113.9867313,177,0.21054697036743164
1648767114.300809,197,0.21330495178699493
1648767114.3606086,201,0.13078729808330536
1648767114.594381,216,0.20545290410518646
1648767114.8507497,232,0.032764118164777756
1648767114.9277368,237,0.09833735227584839
1648767114.9764786,240,0.18794965744018555
1648767116.339391,326,0.14672282338142395
1648767116.7654984,353,0.07129888236522675
1648767117.1313143,376,0.09736765176057816
1648767117.1624951,378,0.05636537820100784
1648767117.2275171,382,0.23005764186382294
1648767117.340019,389,0.10863305628299713
1648767117.4659216,396,0.20061513781547546
1648767117.751443,413,0.16434426605701447
1648767118.1438541,435,0.09908732771873474
1648767118.215089,439,0.0923800989985466
1648767118.4011483,450,0.07761827856302261
1648767118.4900634,455,0.035667888820171356
1648767118.595778,461,0.17258624732494354
1648767120.4883957,476,0.160226508975029
1648767121.1062787,516,0.04054661840200424
1648767121.1844597,521,0.015314104035496712
1648767121.4200268,536,0.02604694291949272
1648767121.4532273,538,0.09156437963247299
1648767121.8184497,561,0.08060318231582642
1648767122.1492395,582,0.13849787414073944
1648767122.2450972,588,0.052230775356292725
1648767122.436074,600,0.026709873229265213
1648767122.4531162,601,0.0559854656457901
1648767122.5459085,607,0.14324243366718292
1648767122.5786965,609,0.09417657554149628
1648767122.640435,613,0.09992185980081558
1648767122.7512367,620,0.0869983658194542
1648767123.0083256,636,0.05201411247253418
1648767123.2316432,650,0.0970025435090065
1648767123.32457,656,0.07600130885839462
1648767124.4409127,723,0.07752562314271927
1648767124.47349,725,0.09817483276128769
1648767124.8207543,745,0.11464859545230865
1648767125.6374545,795,0.12279076129198074
1648767126.4293525,842,0.1549917310476303
1648767126.633567,854,0.08650556951761246
1648767127.1756675,888,0.0707579255104065
1648767127.239706,892,0.042898524552583694
1648767127.2551637,893,0.03914044052362442
1648767127.3678102,900,0.0892232209444046
1648767127.5910017,914,0.05628305673599243
1648767127.606119,915,0.07679714262485504
1648767127.8120565,928,0.051552914083004
1648767129.4866595,942,0.023543551564216614
1648767129.66162,953,0.024213707074522972
1648767130.3080332,992,0.09417781233787537
1648767130.3777544,996,0.10058707743883133
1648767130.462365,1001,0.056277401745319366
1648767130.5678577,1007,0.02765580639243126
1648767130.8843195,1027,0.054517827928066254
1648767130.9153256,1029,0.05837705358862877
1648767131.1850798,1046,0.10906873643398285
1648767131.2166855,1048,0.1127263605594635
1648767131.3576207,1057,0.07454121857881546
1648767131.375454,1058,0.05864342302083969
1648767131.629347,1074,0.05267148092389107
1648767131.6447651,1075,0.03045862540602684
1648767131.8032987,1085,0.09736805409193039
1648767132.2516487,1113,0.13509918749332428
1648767132.3167484,1117,0.1157686859369278
1648767132.4163918,1123,0.12472141534090042
1648767133.4111326,1183,0.0422871969640255
1648767133.5977426,1193,0.06177344173192978
1648767133.6760705,1198,0.039482492953538895
1648767134.2762265,1236,0.10887343436479568
1648767134.2924902,1237,0.03355048596858978
1648767134.66467,1260,0.036716047674417496
1648767134.7936132,1268,0.040801893919706345
1648767134.8276992,1270,0.10484673082828522
1648767134.9069064,1275,0.04146091639995575
1648767134.9724023,1279,0.014297029003500938
1648767135.0677214,1285,0.028505120426416397
1648767135.098303,1287,0.1615006923675537
1648767135.3734732,1303,0.0871095284819603
1648767135.693675,1323,0.025132492184638977
1648767135.8065352,1330,0.06627491861581802
1648767135.934832,1338,0.16277557611465454
1648767136.0993702,1348,0.06539347022771835
1648767136.543466,1376,0.05897687003016472
1648767136.6732702,1384,0.06327429413795471
1648767136.689079,1385,0.06412249058485031
1648767138.631259,1412,0.03085002303123474
1648767138.7060966,1416,0.10675689578056335
1648767138.7249265,1417,0.08263839781284332
1648767139.004704,1434,0.07526541501283646
1648767139.258785,1450,0.1289197951555252
1648767139.3526835,1456,0.07591139525175095
1648767139.7826107,1483,0.028861165046691895
1648767140.1080277,1503,0.05492785945534706
1648767140.1540003,1506,0.032010141760110855
1648767140.3179185,1516,0.09206248819828033
1648767140.6058002,1534,0.08932656049728394
1648767140.7330346,1542,0.014972182922065258
1648767141.308955,1576,0.021385297179222107
1648767141.4549053,1585,0.09453411400318146
1648767141.5248082,1589,0.014000941067934036
1648767141.8135133,1606,0.057202838361263275
1648767141.9847434,1617,0.1079617515206337
1648767142.063671,1622,0.08635496348142624
1648767142.6278694,1658,0.07373984903097153
1648767142.722466,1664,0.03209265321493149
1648767142.833218,1671,0.022016383707523346
1648767143.0324287,1683,0.056085288524627686
1648767143.6597369,1720,0.0614788681268692
1648767143.7161505,1723,0.04596403241157532
1648767143.787167,1727,0.03210732713341713
1648767144.2902982,1756,0.04855014756321907
1648767144.9900296,1801,0.043466873466968536
1648767145.39828,1826,0.07166580855846405
1648767145.4314628,1828,0.07244875282049179
1648767145.8042307,1851,0.018887124955654144
1648767145.882755,1856,0.08639742434024811
1648767146.1073506,1870,0.03760252892971039
1648767146.193157,1875,0.015095741488039494
1648767147.948812,1893,0.013128860853612423
1648767148.0289032,1898,0.054479654878377914
1648767148.3325312,1917,0.030460752546787262
1648767148.6292887,1934,0.028936531394720078
1648767148.664133,1936,0.03250417485833168
1648767148.8061478,1944,0.03305447846651077
1648767149.2920744,1973,0.02254195511341095
1648767149.369696,1978,0.01644086092710495
1648767150.0313745,2020,0.012791252695024014
1648767150.2251968,2031,0.02784581482410431
1648767150.36605,2040,0.048856474459171295
1648767150.4279625,2044,0.014848839491605759
1648767150.4921563,2048,0.09314025193452835
1648767150.604497,2055,0.01791529916226864
1648767151.0882404,2086,0.06778527796268463
1648767151.296661,2099,0.035840071737766266
1648767151.66215,2122,0.037721697241067886
1648767151.8767223,2135,0.07556042075157166
1648767152.28094,2159,0.03498484939336777
1648767152.4568117,2170,0.025720860809087753
1648767152.6651711,2183,0.05941003933548927
1648767152.8711178,2196,0.010005110874772072
1648767153.2293591,2219,0.02434643544256687
1648767153.702471,2246,0.04061171039938927
1648767154.5077374,2297,0.03811946511268616
1648767154.5715573,2301,0.0342528335750103
1648767154.8097837,2315,0.028746135532855988
1648767155.1676476,2336,0.0387754961848259
1648767155.2547812,2341,0.04531177505850792
1648767155.2964203,2344,0.04324190691113472
1648767156.8295982,2351,0.019639180973172188
1648767156.8457072,2352,0.027766361832618713
1648767157.0526152,2364,0.0908864215016365
1648767157.1014597,2367,0.04957183077931404
1648767157.3829355,2385,0.03366062045097351
1648767157.770824,2408,0.028842879459261894
1648767157.902705,2416,0.01641479693353176
1648767158.173594,2432,0.007670875173062086
1648767158.245676,2436,0.010056675411760807
1648767158.2807724,2438,0.0437733456492424
1648767158.3518772,2442,0.03396095335483551
1648767158.511644,2451,0.08260560780763626
1648767158.6052122,2456,0.0316476933658123
1648767158.9042828,2473,0.018940383568406105
1648767159.177244,2490,0.02715894766151905
1648767159.8047705,2530,0.03524905815720558
1648767159.9156203,2537,0.05148124322295189
1648767160.208005,2555,0.0300464928150177
1648767160.735569,2587,0.03857685625553131
1648767160.7718024,2589,0.06541164219379425
1648767161.1312454,2611,0.012953808531165123
1648767161.4901445,2633,0.02238425426185131
1648767161.5584426,2637,0.024789536371827126
1648767161.7838845,2650,0.03464075177907944
1648767161.8302772,2653,0.012313563376665115
1648767162.45682,2690,0.05681413412094116
1648767162.47484,2691,0.04221859201788902
1648767162.4910963,2692,0.03372320532798767
1648767162.7680082,2709,0.008437913842499256
1648767162.9672306,2721,0.027467722073197365
1648767163.1667686,2732,0.06513305008411407
1648767163.3082097,2740,0.1342242807149887
1648767163.625165,2760,0.022209234535694122
1648767163.8826735,2775,0.04915546253323555
1648767164.156993,2792,0.02431052178144455
1648767164.1740537,2793,0.05073012411594391
1648767165.985657,2815,0.007380209397524595
1648767166.686047,2859,0.07447629421949387
1648767166.7052372,2860,0.04153798148036003
1648767166.7418118,2862,0.015209349803626537
1648767167.166158,2888,0.01671946607530117
1648767167.292951,2896,0.02271650731563568
1648767167.486454,2907,0.029367918148636818
1648767167.640186,2917,0.047580137848854065
1648767167.7197125,2922,0.022532282397150993
1648767168.0648346,2943,0.0074369232170283794
1648767168.467681,2968,0.019513528794050217
1648767168.7839837,2988,0.08666545897722244
1648767168.8152344,2990,0.009279015474021435
1648767168.8465908,2992,0.022581906989216805
1648767168.9454396,2998,0.04305711016058922
1648767169.212987,3014,0.028525961562991142
1648767169.5685275,3034,0.011003604158759117
1648767169.6579523,3039,0.0580490380525589
1648767170.602134,3095,0.046007946133613586
1648767171.2709408,3137,0.04449824243783951
1648767171.3491352,3142,0.09300469607114792
1648767171.4782884,3150,0.052795927971601486
1648767171.8327653,3172,0.02557292953133583
1648767171.8815036,3175,0.0594346858561039
1648767172.3252811,3203,0.008243034593760967
1648767172.5000267,3214,0.02392124943435192
1648767172.5763671,3219,0.10708760470151901
1648767172.6408353,3223,0.02860335446894169
1648767172.942166,3241,0.03954153507947922
1648767173.5165908,3276,0.011254716664552689
1648767173.5343952,3277,0.01881808415055275
1648767175.120163,3285,0.018962446600198746
1648767175.2018104,3290,0.015889296308159828
1648767175.3112395,3297,0.042365364730358124
1648767175.3884263,3302,0.014800377190113068
1648767175.4841077,3308,0.021982407197356224
1648767175.564327,3313,0.06278273463249207
1648767175.7872567,3327,0.07214809209108353
1648767176.259943,3357,0.007311199326068163
1648767176.7877858,3391,0.03791949898004532
1648767176.8951688,3398,0.0037200774531811476
1648767177.3312316,3426,0.028973622247576714
1648767177.5301313,3437,0.023815881460905075
1648767177.5845156,3440,0.01688365265727043
1648767177.80602,3453,0.0228886641561985
1648767178.0382466,3468,0.04630769044160843
1648767178.1743946,3476,0.030982468277215958
1648767178.4377747,3492,0.003517217468470335
1648767178.5325375,3498,0.056648511439561844
1648767178.787832,3514,0.024390991777181625
1648767178.833807,3517,0.07763009518384933
1648767179.3057754,3547,0.009807518683373928
1648767179.5452862,3562,0.034801363945007324
1648767180.0106428,3589,0.049574945122003555
1648767180.0431364,3591,0.0101010762155056
1648767180.3679047,3611,0.03129902482032776
1648767180.402001,3613,0.03607439622282982
1648767180.4894166,3618,0.0151717783883214
1648767180.5749662,3623,0.03392624855041504
1648767181.1458664,3659,0.056192632764577866
1648767181.1609828,3660,0.009745938703417778
1648767181.1757164,3661,0.007177711930125952
1648767181.418755,3676,0.06382057070732117
1648767181.6531065,3690,0.035705216228961945
1648767182.0900521,3717,0.004861973226070404
1648767182.12087,3719,0.02610367350280285
1648767182.329922,3732,0.03156641870737076
1648767182.4889128,3741,0.0523616224527359
1648767184.2713766,3761,0.014288464561104774
1648767184.8858197,3799,0.07779797166585922
1648767185.0279238,3807,0.017536837607622147
1648767185.1849113,3816,0.007717092987149954
1648767185.3105721,3823,0.03526827692985535
1648767185.3886137,3827,0.03176213428378105
1648767185.6133304,3840,0.04173121973872185
1648767185.820752,3853,0.03110363706946373
1648767186.3133383,3882,0.006959057878702879
1648767186.3915539,3887,0.03670354560017586
1648767186.7361767,3908,0.139163538813591
1648767186.91605,3918,0.07924547046422958
1648767187.4584734,3951,0.021711187437176704
1648767187.477452,3952,0.016822978854179382
1648767187.7357752,3967,0.017661698162555695
1648767187.9235044,3979,0.01253949198871851
1648767188.2659845,4000,0.08399727195501328
1648767188.5587072,4018,0.03270915150642395
1648767188.6218913,4022,0.007609507534652948
1648767188.9218419,4041,0.06492293626070023
1648767189.1565678,4056,0.07328367233276367
1648767189.4243138,4073,0.011984131298959255
1648767189.4888031,4077,0.01132180169224739
1648767189.6797829,4089,0.056404173374176025
1648767189.8247364,4098,0.010735536925494671
1648767189.9685662,4107,0.022184550762176514
1648767190.0657701,4113,0.053976643830537796
1648767190.1923273,4121,0.06639128923416138
1648767190.272506,4126,0.026939798146486282
1648767190.875632,4164,0.011664429679512978
1648767190.9068472,4166,0.009533904492855072
1648767191.0202234,4173,0.048270083963871
1648767191.180759,4183,0.01071995310485363
1648767191.2283285,4186,0.036351125687360764
1648767191.2933135,4190,0.04094905033707619
1648767191.5141253,4204,0.01609540730714798
1648767191.6818964,4214,0.016689028590917587
1648767191.7145228,4216,0.030293956398963928
1648767193.3660502,4230,0.019485123455524445
1648767193.5247178,4240,0.020279908552765846
1648767193.5764937,4243,0.014862420037388802
1648767193.817429,4258,0.011250395327806473
1648767193.8483055,4260,0.009077220223844051
1648767193.8818185,4262,0.029513482004404068
1648767194.2141023,4282,0.011613661423325539
1648767194.372938,4291,0.008603702299296856
1648767194.785817,4317,0.022711297497153282
1648767194.9547276,4328,0.0034654007758945227
1648767195.2083335,4344,0.019569890573620796
1648767195.7770576,4378,0.047027453780174255
1648767195.8649428,4383,0.06583113223314285
1648767195.970407,4389,0.026091579347848892
1648767196.4214423,4417,0.03784360736608505
1648767196.9414804,4450,0.02426947094500065
1648767197.149096,4462,0.025000013411045074
1648767197.3002908,4471,0.006019121967256069
1648767197.4608016,4480,0.0506814569234848
1648767197.5313027,4484,0.031842682510614395
1648767197.5473793,4485,0.012010062113404274
1648767198.4722843,4542,0.07466192543506622
1648767198.487685,4543,0.0564846470952034
1648767198.924912,4571,0.010408868081867695
1648767199.4705045,4606,0.02422795072197914
1648767199.5183015,4609,0.07430026680231094
1648767199.8368804,4629,0.043026819825172424
1648767199.912662,4634,0.013723301701247692
1648767199.9466336,4636,0.06517218798398972
1648767199.9780688,4638,0.02903558686375618
1648767200.0877464,4645,0.013051939196884632
1648767200.2602992,4656,0.019103942438960075
1648767200.5607824,4675,0.017542293295264244
1648767200.6870868,4683,0.03378725051879883
1648767202.2968788,4692,0.05694446340203285
1648767202.3419468,4695,0.06351983547210693
1648767202.514239,4706,0.05620312690734863
1648767202.7832942,4721,0.025607623159885406
1648767202.9440413,4731,0.006478007882833481
1648767203.0252268,4736,0.04950276017189026
1648767203.3818114,4757,0.007139360066503286
1648767203.4898899,4764,0.060857467353343964
1648767203.613163,4772,0.009958997368812561
1648767204.007896,4797,0.008999386802315712
1648767204.0252512,4798,0.007314359303563833
1648767204.444816,4823,0.009623176418244839
1648767204.588181,4831,0.0058262101374566555
1648767205.5097303,4889,0.0357060469686985
1648767205.5253468,4890,0.053484972566366196
1648767206.0924623,4926,0.02916303090751171
1648767206.7493482,4968,0.06648408621549606
1648767206.8629072,4975,0.08355850726366043
1648767206.9273975,4979,0.054312508553266525
1648767206.9432151,4980,0.00951464008539915
1648767207.196263,4996,0.019239673390984535
1648767207.8028176,5034,0.009568829089403152
1648767208.1324916,5055,0.03135085105895996
1648767208.8416278,5100,0.0026515128556638956
1648767209.3297877,5131,0.13148356974124908
1648767209.3617363,5133,0.012555106543004513
1648767209.4867592,5141,0.02535637654364109
1648767209.5818172,5147,0.0633719190955162
1648767209.6588614,5152,0.002347634406760335
1648767211.3045738,5163,0.016494689509272575
1648767211.3533735,5166,0.03314066305756569
1648767211.6359162,5184,0.04037009924650192
1648767211.6995738,5188,0.04692588746547699
1648767211.9770277,5206,0.04052269458770752
1648767212.1507127,5217,0.025082295760512352
1648767212.1657836,5218,0.06398110836744308
1648767212.229624,5222,0.0021336141508072615
1648767212.5413344,5242,0.007145394571125507
1648767212.725101,5253,0.014645892195403576
1648767212.7904418,5257,0.03993527218699455
1648767212.8980675,5264,0.03164314851164818
1648767212.9920487,5270,0.05912451446056366
1648767213.56206,5306,0.1027732640504837
1648767214.1996589,5345,0.016417350620031357
1648767214.5125318,5363,0.01917092874646187
1648767214.8283799,5382,0.003891813103109598
1648767215.2578025,5407,0.026910819113254547
1648767215.6638818,5432,0.01983577013015747
1648767216.2436144,5468,0.04031144455075264
1648767216.6453137,5493,0.03660541772842407
1648767216.6995103,5496,0.03842587023973465
1648767217.329706,5533,0.050059497356414795
1648767217.7845917,5561,0.021495889872312546
1648767218.084361,5580,0.007521495223045349
1648767218.179382,5586,0.01172788068652153
1648767218.8408766,5625,0.0100075863301754
1648767218.8559926,5626,0.006889614276587963
1648767218.867902,5627,0.018979759886860847
1648767220.3974173,5631,0.09498286247253418
1648767221.798533,5715,0.002050148556008935
1648767221.9059448,5721,0.04844718426465988
1648767221.9592764,5724,0.0187214482575655
1648767222.545082,5757,0.0061774165369570255
1648767222.6180172,5761,0.0041083162650465965
1648767222.7044487,5766,0.016814477741718292
1648767222.8466437,5775,0.06278937309980392
1648767223.0970266,5791,0.016294660046696663
1648767223.477021,5815,0.0041339281015098095
1648767223.842501,5836,0.017421552911400795
1648767224.115266,5853,0.029380029067397118
1648767224.2515397,5861,0.044914089143276215
1648767224.4373093,5872,0.023027706891298294
1648767224.4680514,5874,0.04316198453307152
1648767224.7394795,5891,0.020085904747247696
1648767224.9238715,5902,0.0030679358169436455
1648767225.0838978,5911,0.032860856503248215
1648767225.2767673,5923,0.016614381223917007
1648767225.420742,5932,0.02741096355021
1648767225.7112715,5949,0.04064761474728584
1648767225.8358302,5957,0.01489837933331728
1648767225.9789639,5966,0.03942244499921799
1648767226.058645,5971,0.009791861288249493
1648767226.0890255,5973,0.02948639914393425
1648767226.1054165,5974,0.020039059221744537
1648767226.3220696,5988,0.024960855022072792
1648767226.6932704,6012,0.10298848897218704
1648767226.7892325,6018,0.05459975078701973
1648767227.0723305,6036,0.0025544846430420876
1648767227.1353447,6040,0.021910937502980232
1648767227.1654074,6042,0.014098298735916615
1648767227.2438018,6047,0.012846648693084717
1648767227.4162903,6058,0.0036042570136487484
1648767227.6011019,6070,0.010718150995671749
1648767227.9851463,6094,0.0090854587033391
1648767229.6250725,6107,0.0333455391228199
1648767230.0068767,6131,0.017507055774331093
1648767230.1823993,6142,0.03921261802315712
1648767230.7022364,6174,0.010252615436911583
1648767231.1422887,6201,0.008163263089954853
1648767231.6615639,6234,0.0614323616027832
1648767231.677263,6235,0.00120100611820817
1648767231.7562602,6240,0.0175936259329319
1648767231.9936676,6255,0.027375387027859688
1648767232.3495493,6277,0.00869741104543209
1648767232.3978143,6280,0.0032587626483291388
1648767232.918022,6313,0.027468718588352203
1648767232.965029,6316,0.030472606420516968
1648767233.4686983,6347,0.020101452246308327
1648767234.1264727,6386,0.029587820172309875
1648767234.3240097,6398,0.008177957497537136
1648767234.3560534,6400,0.020314011722803116
1648767234.465511,6407,0.020254211500287056
1648767234.9206653,6436,0.03507841378450394
1648767234.9361415,6437,0.06640394777059555
1648767235.275827,6457,0.046799272298812866
1648767235.3412893,6461,0.0069510131143033504
1648767235.5659049,6474,0.05772334337234497
1648767236.0323725,6502,0.004606057424098253
1648767236.4239643,6527,0.016464706510305405
1648767236.6412783,6541,0.06938134878873825
1648767236.922779,6558,0.06254421919584274
1648767236.9530172,6560,0.01522870734333992
1648767238.7773473,6579,0.004718961659818888
1648767239.341653,6613,0.006678394507616758
1648767239.4828732,6622,0.012799471616744995
1648767239.6074588,6630,0.016386883333325386
1648767239.6709998,6634,0.0067359223030507565
1648767239.734675,6638,0.037089474499225616
1648767239.8178053,6643,0.01078085321933031
1648767239.9000785,6648,0.016109682619571686
1648767239.9474988,6651,0.01504461094737053
1648767240.1007235,6660,0.007184034679085016
1648767240.30804,6672,0.0360955111682415
1648767241.0623424,6716,0.029649650678038597
1648767241.2997932,6731,0.040885280817747116
1648767241.5052502,6743,0.023963255807757378
1648767241.5871406,6748,0.04213634133338928
1648767241.666298,6753,0.019490668550133705
1648767241.7639334,6759,0.09231302887201309
1648767241.9271843,6769,0.01836293935775757
1648767242.0236366,6775,0.02518121525645256
1648767242.1197383,6781,0.04183770716190338
1648767242.4041913,6799,0.06307361274957657
1648767242.452025,6802,0.0023747726809233427
1648767242.5374086,6807,0.062261827290058136
1648767242.57458,6809,0.019165055826306343
1648767243.1095245,6841,0.019666308537125587
1648767243.1590433,6844,0.010764549486339092
1648767243.4954152,6865,0.03388836979866028
1648767243.5106514,6866,0.07215482741594315
1648767243.6055381,6872,0.021054498851299286
1648767243.6857276,6877,0.054828573018312454
1648767243.701642,6878,0.014562477357685566
1648767244.0169058,6898,0.029726363718509674
1648767244.032639,6899,0.033214181661605835
1648767244.0816197,6902,0.013245862908661366
1648767244.7117088,6941,0.04739519953727722
1648767244.922215,6954,0.030428513884544373
1648767245.0040298,6959,0.04703038930892944
1648767245.0506535,6962,0.009570775553584099
1648767245.339456,6980,0.017964903265237808
1648767245.4520884,6987,0.02978423610329628
1648767246.0064008,7022,0.018247712403535843
1648767246.0675578,7026,0.004151855129748583
1648767247.7122376,7040,0.0029235160909593105
1648767247.7299356,7041,0.0009958301670849323
1648767247.9190128,7053,0.0017867895076051354
1648767248.1631842,7067,0.013860062696039677
1648767248.907622,7113,0.005917374510318041
1648767248.9720073,7117,0.01641276851296425
1648767249.101878,7125,0.011066152714192867
1648767249.1174443,7126,0.03342846408486366
1648767249.278717,7136,0.0178728885948658
1648767249.5038576,7150,0.012121517211198807
1648767250.190144,7192,0.059014786034822464
1648767250.3299956,7200,0.08093573898077011
1648767250.4798303,7209,0.03572456166148186
1648767250.775779,7227,0.015442010015249252
1648767250.8693843,7233,0.07023638486862183
1648767251.192631,7252,0.094370998442173
1648767251.3182828,7260,0.03771642968058586
1648767252.2110407,7315,0.01486914698034525
1648767252.6026883,7339,0.027141902595758438
1648767252.7420897,7348,0.00622443575412035
1648767252.803531,7352,0.021692372858524323
1648767252.92958,7360,0.07327412813901901
1648767252.9609344,7362,0.006293770391494036
1648767253.1005347,7371,0.01965383067727089
1648767253.1637053,7375,0.024386009201407433
1648767253.3815243,7389,0.0403413362801075
1648767253.7856724,7415,0.02612597681581974
1648767253.8795621,7421,0.018348723649978638
1648767254.1755004,7440,0.004001623019576073
1648767254.3295608,7450,0.020863136276602745
1648767256.7725477,7508,0.005886252503842115
1648767256.9013004,7516,0.009515920653939247
1648767256.918473,7517,0.018084075301885605
1648767256.9495068,7519,0.015061111189424992
1648767256.9677024,7520,0.0077806259505450726
1648767257.4116843,7546,0.0027468858752399683
1648767257.4607034,7549,0.02201460674405098
1648767257.5732882,7556,0.020494384691119194
1648767257.8287106,7572,0.0044997562654316425
1648767258.1673775,7593,0.0018880290444940329
1648767258.675798,7625,0.07102911174297333
1648767258.9778771,7644,0.011405707336962223
1648767258.9935298,7645,0.013696389272809029
1648767259.4072738,7671,0.040492333471775055
1648767259.4386606,7673,0.10653352737426758
1648767259.4540818,7674,0.005970703903585672
1648767259.5647588,7681,0.044279586523771286
1648767259.6442132,7686,0.014157901518046856
1648767259.6597764,7687,0.0023674715775996447
1648767259.8633783,7700,0.0017692518886178732
1648767259.9117022,7703,0.0026412233710289
1648767260.2592325,7725,0.020027216523885727
1648767260.8250399,7761,0.07473777234554291
1648767260.885372,7765,0.016805723309516907
1648767260.947711,7769,0.01906387321650982
1648767261.2868283,7791,0.035196591168642044
1648767262.0453987,7840,0.04235462471842766
1648767262.5848982,7875,0.004365355242043734
1648767262.5999036,7876,0.003507512155920267
1648767262.7077444,7883,0.00864336732774973
1648767262.8008351,7889,0.01828869804739952
1648767262.8636746,7893,0.04031844064593315
1648767262.9566169,7899,0.008124248124659061
1648767263.0195332,7903,0.008433002978563309
1648767263.0979376,7908,0.02018868178129196
1648767263.1787443,7913,0.07412112504243851
1648767263.2711442,7919,0.011679993942379951
1648767263.3201036,7922,0.004158584401011467
1648767263.541147,7936,0.016965996474027634
1648767263.7950256,7952,0.019228285178542137
1648767264.013388,7966,0.023674864321947098
1648767265.5942507,7975,0.026580486446619034
1648767265.9407463,7997,0.02070837840437889
1648767266.0550811,8004,0.00541713647544384
1648767266.617611,8040,0.008764329366385937
1648767266.6813037,8044,0.002012107754126191
1648767266.8048842,8052,0.02613445185124874
1648767266.8352787,8054,0.0019146681297570467
1648767266.9120085,8059,0.00532956188544631
1648767266.973768,8063,0.015610010363161564
1648767267.0851226,8070,0.020204704254865646
1648767267.2812648,8082,0.023237260058522224
1648767267.4592845,8092,0.004925066139549017
1648767267.5825734,8099,0.027218297123908997
1648767267.7642944,8110,0.009212026372551918
1648767267.9092212,8119,0.03954286873340607
1648767267.9244435,8120,0.0012705408735200763
1648767268.0980492,8131,0.03200535103678703
1648767268.206677,8138,0.019518591463565826
1648767268.3345768,8146,0.005275952164083719
1648767268.8596277,8180,0.010962885804474354
1648767269.314875,8209,0.015254686586558819
1648767269.3926866,8214,0.03842352330684662
1648767269.6957803,8233,0.007718082517385483
1648767269.711516,8234,0.006581086199730635
1648767269.9180155,8247,0.008359048515558243
1648767270.2929695,8271,0.06213598698377609
1648767271.1445312,8325,0.05364926904439926
1648767271.661579,8357,0.003157874569296837
1648767271.6932473,8359,0.07928372174501419
1648767271.980746,8377,0.09559287130832672
1648767272.0123024,8379,0.00893997959792614
1648767272.0588744,8382,0.023078208789229393
1648767272.9712942,8439,0.012754984200000763
1648767274.522493,8447,0.0013093514135107398
1648767274.6936605,8458,0.005507221445441246
1648767274.9247537,8473,0.05267903953790665
1648767275.6287167,8518,0.009304316714406013
1648767275.6599998,8520,0.004064091015607119
1648767275.882177,8534,0.012272929772734642
1648767275.8976166,8535,0.04023583233356476
1648767275.9133275,8536,0.00048464146675541997
1648767276.4369874,8569,0.0530010350048542
1648767276.647674,8582,0.00633084075525403
1648767276.6952312,8585,0.0039686295203864574
1648767277.0692048,8608,0.01915454864501953
1648767277.5060046,8635,0.028188137337565422
1648767277.7012236,8647,0.023974448442459106
1648767277.8136978,8654,0.04497154802083969
1648767278.4726822,8695,0.022813666611909866
1648767278.5352123,8699,0.04190823808312416
1648767279.1829588,8740,0.026632962748408318
1648767279.1983266,8741,0.05053668096661568
1648767279.3079805,8748,0.02726493403315544
1648767279.4363394,8756,0.0169590562582016
1648767280.1314447,8800,0.024678830057382584
1648767280.1476731,8801,0.02595408260822296
1648767280.259652,8808,0.018063277006149292
1648767280.516853,8824,0.009074682369828224
1648767280.5327933,8825,0.02352282404899597
1648767280.6773937,8834,0.03518516570329666
1648767280.6933403,8835,0.06319565325975418
1648767281.3369653,8875,0.00232531875371933
1648767281.5381546,8888,0.01869487576186657
1648767281.5704987,8890,0.020274199545383453
1648767281.7917695,8904,0.011173779144883156
1648767283.75709,8938,0.007853573188185692
1648767284.3862598,8978,0.02947268821299076
1648767284.6077623,8992,0.019406039267778397
1648767284.8614428,9008,0.0336124487221241
1648767285.0818965,9022,0.02341068722307682
1648767285.3655367,9040,0.01381200272589922
1648767285.3963776,9042,0.0015198776964098215
1648767285.616103,9056,0.07610983401536942
1648767285.947925,9077,0.08085740357637405
1648767286.5949852,9118,0.06119498237967491
1648767286.8942292,9137,0.014853631146252155
1648767286.92512,9139,0.005484749563038349
1648767287.2058713,9157,0.031249601393938065
1648767287.737423,9191,0.0227237269282341
1648767288.091773,9214,0.031179726123809814
1648767288.1070166,9215,0.04502760246396065
1648767288.8803027,9265,0.037424903362989426
1648767289.407535,9299,0.0007446726667694747
1648767289.5008326,9305,0.005054042674601078
1648767289.5158246,9306,0.0024855283554643393
1648767289.6400409,9314,0.030138256028294563
1648767289.9497476,9334,0.011952620930969715
1648767290.2759035,9355,0.013157939538359642
1648767290.6293206,9378,0.008519943803548813
1648767292.1591294,9385,0.021864688023924828
1648767292.3471496,9397,0.03169804438948631
1648767292.4108443,9401,0.07109612226486206
1648767292.803359,9426,0.04559987410902977
1648767292.9764733,9437,0.003289974294602871
1648767292.9913359,9438,0.01849135383963585
1648767293.1160493,9446,0.005903242621570826
1648767293.4088957,9465,0.009967878460884094
1648767293.423767,9466,0.005895452573895454
1648767293.6401849,9480,0.011142398230731487
1648767293.7329612,9486,0.00853461679071188
1648767294.0139458,9504,0.006846985779702663
1648767294.0457833,9506,0.0015323713887482882
1648767294.0612965,9507,0.005734499543905258
1648767294.5151765,9536,0.028920471668243408
1648767294.5456545,9538,0.0016235554357990623
1648767294.6238415,9543,0.003929289523512125
1648767295.1956131,9580,0.03069755621254444
1648767295.5884433,9605,0.008979014120995998
1648767295.996989,9631,0.04721333831548691
1648767296.0281048,9633,0.04399699345231056
1648767296.37441,9655,0.04478559270501137
1648767296.4055166,9657,0.10518166422843933
1648767296.5505996,9666,0.10361835360527039
1648767296.6773324,9674,0.005457604303956032
1648767296.9022067,9688,0.02151753008365631
1648767297.1721823,9705,0.009275676682591438
1648767297.5355926,9728,0.007783518172800541
1648767298.0751014,9762,0.018501725047826767
1648767298.139968,9766,0.007320179138332605
1648767298.235309,9772,0.005394850391894579
1648767298.924049,9816,0.0018351784674450755
1648767299.0019507,9821,0.005717947147786617
1648767299.017517,9822,0.029811276122927666
1648767299.1737363,9832,0.012002822943031788
1648767301.1499174,9862,0.014844131655991077
1648767301.305626,9872,0.017543552443385124
1648767301.493165,9884,0.002085326937958598
1648767301.7080326,9898,0.016721535474061966
1648767302.0054617,9917,0.0018267574487254024
1648767302.0379071,9919,0.017203180119395256
1648767302.0535955,9920,0.05772640183568001
1648767302.1358213,9925,0.0018457261612638831
1648767302.7524946,9964,0.02604055590927601
1648767302.816514,9968,0.028152456507086754
1648767302.9857452,9979,0.034983351826667786
1648767303.0799713,9985,0.036635421216487885
1648767303.111105,9987,0.043635379523038864
1648767303.6483438,10021,0.05018733814358711
1648767304.39431,10067,0.023857178166508675
1648767304.4641907,10071,0.003941736649721861
1648767304.7056088,10086,0.0067917583510279655
1648767304.9100854,10099,0.003843092592433095
1648767305.3984523,10130,0.008631051518023014
1648767305.6174035,10144,0.021613815799355507
1648767305.8529787,10159,0.0005745578091591597
1648767306.1683385,10179,0.009728644974529743
1648767306.376696,10192,0.0016985198017209768
1648767306.4863582,10199,0.01287035271525383
1648767306.5168417,10201,0.01675887033343315
1648767306.532321,10202,0.014334850944578648
1648767306.6719754,10211,0.004835387691855431
1648767307.6709669,10275,0.0200412105768919
1648767309.9150984,10322,0.027902133762836456
1648767310.2826178,10345,0.05137435719370842
1648767310.344538,10349,0.02493794821202755
1648767310.6645274,10369,0.009816140867769718
1648767310.7600598,10375,0.015177079476416111
1648767310.9179056,10385,0.024399535730481148
1648767311.1593301,10400,0.0007297073607333004
1648767311.443904,10418,0.0010921524371951818
1648767311.6177008,10429,0.001031809370033443
1648767311.6791856,10433,0.031035922467708588
1648767311.726699,10436,0.012563244439661503
1648767311.9137993,10448,0.0013366997009143233
1648767312.241599,10469,0.031056173145771027
1648767312.3687518,10477,0.0006133936112746596
1648767312.3886487,10478,0.0076844096183776855
1648767312.5571768,10488,0.03229358419775963
1648767312.8111157,10504,0.009725813753902912
1648767313.0068417,10516,0.015686485916376114
1648767313.1049428,10522,0.03588432818651199
1648767313.1527693,10525,0.003609132720157504
1648767313.2016594,10528,0.006294285878539085
1648767313.2332568,10530,0.008124325424432755
1648767313.3135314,10535,0.016599172726273537
1648767313.3286953,10536,0.0025029678363353014
1648767313.40891,10541,0.017904268577694893
1648767313.946529,10575,0.009725891053676605
1648767314.3631988,10601,0.006633806973695755
1648767314.378915,10602,0.040690891444683075
1648767314.8242364,10630,0.063896544277668
1648767314.8733091,10633,0.04745061323046684
1648767314.9037008,10635,0.032928984612226486
1648767315.0296645,10643,0.006846650969237089
1648767315.0787435,10646,0.012773127295076847
1648767315.1398795,10650,0.04189440980553627
1648767315.3761175,10665,0.02866789884865284
1648767315.4401665,10669,0.0010810780804604292
1648767315.5839903,10678,0.01799951121211052
1648767315.8663373,10696,0.05734562501311302
1648767315.8969426,10698,0.0029793200083076954
1648767316.339873,10726,0.01056209672242403
1648767316.6246989,10744,0.028077714145183563
1648767316.6569767,10746,0.08780615776777267
1648767316.9395182,10764,0.024882102385163307
1648767317.0971203,10774,0.06711360812187195
1648767318.7723486,10790,0.06964178383350372
1648767318.9861891,10802,0.027974864467978477
1648767319.3047233,10822,0.021057525649666786
1648767319.4448829,10831,0.004862767644226551
1648767319.4774842,10833,0.017167426645755768
1648767319.8235896,10855,0.044280607253313065
1648767321.0154064,10932,0.01593931019306183
1648767322.175312,11007,0.007471196819096804
1648767322.220784,11010,0.009698816575109959
1648767322.5334008,11030,0.009980880655348301
1648767322.7199087,11042,0.034773096442222595
1648767322.969364,11058,0.03586014360189438
1648767323.0952868,11066,0.007885155268013477
1648767323.204884,11073,0.00795472040772438
1648767323.648508,11101,0.036189232021570206
1648767323.7893116,11110,0.010954218916594982
1648767323.9613514,11121,0.043770670890808105
1648767323.9918532,11123,0.003104259492829442
1648767324.087203,11129,0.01386843342334032
1648767324.1649804,11134,0.058052267879247665
1648767324.4035015,11149,0.05054621398448944
1648767324.8137617,11175,0.025449922308325768
1648767325.15461,11197,0.0061671556904911995
1648767325.1999366,11200,0.12297476083040237
1648767325.2787235,11205,0.0067230770364403725
1648767325.3402994,11209,0.01662188395857811
1648767325.3877094,11212,0.01894509047269821
1648767325.8597887,11242,0.044846657663583755
1648767325.9531553,11248,0.028524041175842285
1648767327.5292673,11258,0.031920772045850754
1648767327.8293827,11277,0.02089652791619301
1648767328.0665936,11292,0.0070952363312244415
1648767328.3477335,11310,0.041026704013347626
1648767328.8814166,11344,0.022382406517863274
1648767328.9150686,11346,0.02099611423909664
1648767329.0282319,11353,0.020798292011022568
1648767329.2319474,11366,0.06340321153402328
1648767329.518456,11384,0.0002152947272406891
1648767329.645824,11392,0.010386090725660324
1648767330.473152,11444,0.017631996423006058
1648767330.5841079,11451,0.060409728437662125
1648767330.6135616,11453,0.016298266127705574
1648767330.954423,11475,0.038191068917512894
1648767331.0768394,11483,0.020512787625193596
1648767331.106906,11485,0.042614083737134933
1648767331.2462988,11494,0.053411491215229034
1648767331.3075778,11498,0.020030668005347252
1648767331.5407584,11513,0.0014938258100301027
1648767331.6189942,11518,0.0012215588940307498
1648767331.8207247,11531,0.005693030543625355
1648767332.3991575,11568,0.09767922013998032
1648767332.477261,11573,0.0005502584390342236
1648767332.5857475,11580,0.04694908484816551
1648767332.6010473,11581,0.012797323986887932
1648767333.2412465,11622,0.007150387391448021
1648767333.305002,11626,0.03552192449569702
1648767333.4455013,11635,0.023057440295815468
1648767333.9957354,11670,0.002110358327627182
1648767334.0426602,11673,0.018943358212709427
1648767334.245302,11686,0.0073308805003762245
1648767334.2936614,11689,0.00932372361421585
1648767334.3247354,11691,0.006722666788846254
1648767334.4349802,11698,0.006839499808847904
1648767334.7792194,11720,0.013907641172409058
1648767336.3297632,11728,0.005147037096321583
1648767336.3453116,11729,0.004497485235333443
1648767336.3779187,11731,0.04179951548576355
1648767336.5046709,11739,0.03368774428963661
1648767336.5673192,11743,0.0351611003279686
1648767336.6756449,11750,0.038347214460372925
1648767336.894863,11764,0.02758041024208069
1648767336.9896145,11770,0.012025515548884869
1648767337.2935114,11789,0.02503720112144947
1648767337.6425292,11811,0.010392075404524803
1648767338.3848023,11858,0.0019851671531796455
1648767338.4002151,11859,0.01317865215241909
1648767338.4629457,11863,0.019490573555231094
1648767338.480351,11864,0.018350452184677124
1648767338.8280241,11886,0.014397779479622841
1648767338.8431818,11887,0.010522923432290554
1648767338.9223368,11892,0.029341761022806168
1648767338.937315,11893,0.0024613356217741966
1648767339.0321717,11899,0.0060854703187942505
1648767339.773699,11946,0.027025140821933746
1648767340.166331,11971,0.00770389661192894
1648767340.3704736,11984,0.010260147973895073
1648767340.5879133,11998,0.015180152840912342
1648767340.8831425,12017,0.005327310878783464
1648767340.9624767,12022,0.006219905335456133
1648767341.5280583,12058,0.004962082952260971
1648767341.810103,12076,0.013799414038658142
1648767341.9662576,12086,0.006340442690998316
1648767342.2997577,12107,0.008296345360577106
1648767342.946995,12148,0.0026977229863405228
1648767343.3400626,12173,0.032796021550893784
1648767343.3555071,12174,0.006355396471917629
1648767343.3858817,12176,0.03498901426792145
1648767345.141816,12195,0.007082093507051468
1648767345.4420984,12214,0.046115998178720474
1648767345.6480215,12227,0.004582357592880726
1648767345.8239996,12238,0.006757017690688372
1648767345.8397465,12239,0.00919525045901537
1648767345.8710146,12241,0.01236744038760662
1648767345.9673386,12247,0.027600133791565895
1648767346.2041538,12262,0.008834950625896454
1648767346.331345,12270,0.0012502477038651705
1648767346.4409482,12277,0.0019152802415192127
1648767346.7026496,12294,0.006303042639046907
1648767346.7323313,12296,0.00838389154523611
1648767347.2492087,12328,0.026072710752487183
1648767347.517713,12343,0.02878435142338276
1648767347.7169943,12354,0.011455382220447063
1648767347.931855,12366,0.0014650141820311546
1648767348.2713056,12387,0.008385946974158287
1648767348.6112218,12409,0.04853746294975281
1648767348.6747518,12413,0.0024773043114691973
1648767348.8159323,12422,0.0011484245769679546
1648767348.9551294,12431,0.012369063682854176
1648767349.12855,12442,0.052300769835710526
1648767349.3170588,12454,0.023405995219945908
1648767349.65791,12476,0.04652617126703262
1648767350.2166986,12511,0.05687527358531952
1648767350.2472732,12513,0.00132110679987818
1648767350.751778,12546,0.006337285041809082
1648767350.8869445,12555,0.002227288205176592
1648767350.9800134,12561,0.025041110813617706
1648767351.422804,12590,0.03913396969437599
1648767351.6062198,12601,0.024004606530070305
1648767351.6920795,12606,0.0585361048579216
1648767351.9156337,12619,0.05118643492460251
1648767351.9328194,12620,0.0030658503528684378
1648767352.144637,12632,0.014853467233479023
1648767352.1818862,12634,0.00263707316480577
1648767352.2693777,12639,0.03855612874031067
1648767352.412362,12647,0.00593773415312171
1648767352.608233,12658,0.0035550857428461313
1648767352.6259613,12659,0.0061670225113630295
1648767354.1771224,12668,0.06240762025117874
1648767354.617734,12696,0.0068467967212200165
1648767354.921406,12715,0.028215477243065834
1648767354.935351,12716,0.01697203889489174
1648767355.0780118,12725,0.0005417444626800716
1648767355.434137,12748,0.03270012512803078
1648767355.6656713,12763,0.0038115934003144503
1648767355.7447073,12768,0.04735911265015602
1648767355.9132893,12779,0.0031520274933427572
1648767355.99005,12784,0.005873458459973335
1648767357.0106175,12849,0.015302987769246101
1648767357.0924516,12854,0.011134577915072441
1648767357.3832073,12872,0.007789120078086853
1648767357.5260515,12881,0.0005030895117670298
1648767358.1455364,12920,0.037310242652893066
1648767358.9618406,12971,0.08685386925935745
1648767359.149147,12983,0.025697125121951103
1648767359.1819725,12985,0.08490106463432312
1648767359.2443063,12989,0.02940073050558567
1648767359.4179225,13000,0.014755308628082275
1648767359.7909567,13024,0.0034911821130663157
1648767359.9161866,13032,0.029146673157811165
1648767359.9336205,13033,0.03696329519152641
1648767359.9672346,13035,0.011485306546092033
1648767360.3301084,13058,0.03513722121715546
1648767360.857121,13091,0.06984561681747437
1648767360.952686,13097,0.009013921022415161
1648767361.128855,13108,0.023905649781227112
1648767362.9341955,13133,0.04157652333378792
1648767362.9654472,13135,0.009779119864106178
1648767362.9811351,13136,0.03734097257256508
1648767363.268408,13154,0.0351712703704834
1648767363.5033696,13169,0.04484642669558525
1648767363.5189874,13170,0.008981683291494846
1648767363.6144605,13176,0.062172528356313705
1648767364.0661182,13204,0.019839368760585785
1648767364.3526247,13222,0.01327945664525032
1648767364.7233486,13244,0.009972426109015942
1648767365.1381016,13268,0.019560663029551506
1648767365.3973763,13283,0.00363817042671144
1648767365.601467,13296,0.03351857513189316
1648767365.7565148,13306,0.02592589147388935
1648767365.7717123,13307,0.0468454547226429
1648767365.9112458,13316,0.06084664538502693
1648767366.2129605,13335,0.01358945295214653
1648767366.5958555,13359,0.0034499361645430326
1648767366.6725767,13364,0.0009726820862852037
1648767366.706275,13366,0.004302413668483496
1648767367.2790685,13401,0.0030177286826074123
1648767367.527919,13416,0.012869477272033691
1648767367.9173,13441,0.039618223905563354
1648767368.0267677,13448,0.01124907098710537
1648767368.405411,13470,0.008513598702847958
1648767368.4249635,13471,0.08736365288496017
1648767368.5367997,13478,0.009226550348103046
1648767368.7051525,13488,0.03518557921051979
1648767368.8109968,13494,0.01621265895664692
1648767368.916209,13500,0.0027465620078146458
1648767369.040038,13507,0.02128266729414463
1648767369.145946,13513,0.09576310962438583
1648767369.2001774,13516,0.009666808880865574
1648767369.765361,13549,0.025013333186507225
1648767369.973842,13562,0.04908780753612518
1648767370.0698557,13568,0.061225492507219315
1648767370.0885196,13569,0.0637824758887291
1648767370.410335,13587,0.05436275154352188
1648767372.6723037,13637,0.0018941742600873113
1648767372.6879723,13638,0.017537321895360947
1648767372.929807,13653,0.008499152958393097
1648767373.0411394,13660,0.007400034461170435
1648767373.6254601,13696,0.022311925888061523
1648767373.7030485,13701,0.01837434060871601
1648767373.7202961,13702,0.006379743572324514
1648767374.2209952,13732,0.007715874817222357
1648767374.5247953,13750,0.005165465176105499
1648767374.5406373,13751,0.05696069821715355
1648767374.5746522,13753,0.009917075745761395
1648767374.9303608,13774,0.01331876590847969
1648767375.136871,13787,0.001391761121340096
1648767375.2009957,13791,0.001757464138790965
1648767375.7608657,13826,0.02047990821301937
1648767376.141021,13850,0.004565300419926643
1648767376.2516356,13857,0.008242632262408733
1648767376.360897,13864,0.0045729405246675014
1648767376.4871626,13872,0.05345723778009415
1648767376.9128191,13899,0.0017210132209584117
1648767376.9919748,13904,0.09279300272464752
1648767377.0711129,13909,0.009474282152950764
1648767377.1337712,13913,0.01813553459942341
1648767377.4324422,13932,0.011988460086286068
1648767377.87768,13960,0.012264407239854336
1648767377.9420397,13964,0.022276006639003754
1648767377.9916282,13967,0.021519143134355545
1648767378.0233696,13969,0.0815051794052124
1648767378.1041121,13974,0.0071782683953642845
1648767379.1761317,14040,0.011095503345131874
1648767379.6540565,14069,0.07737820595502853
