Wall time,Step,Value
1648770314.9201462,8,0.13183000683784485
1648770315.256242,27,0.13183000683784485
1648770315.2883,29,0.13183000683784485
1648770315.5016074,42,0.13183000683784485
1648770315.8747895,65,0.13183000683784485
1648770316.7014139,112,0.13183000683784485
1648770316.7168696,113,0.13183000683784485
1648770316.7796319,117,0.13183000683784485
1648770317.1193771,137,0.13183000683784485
1648770317.1909802,141,0.13183000683784485
1648770317.269453,146,0.13183000683784485
1648770317.4516017,157,0.13183000683784485
1648770317.9520404,188,0.13183000683784485
1648770318.183254,202,0.13183000683784485
1648770318.5046592,221,0.13183000683784485
1648770318.585765,226,0.13183000683784485
1648770318.604105,227,0.13183000683784485
1648770319.4074965,274,0.13183000683784485
1648770319.6607635,290,0.13183000683784485
1648770319.7074273,293,0.13183000683784485
1648770319.7231236,294,0.13183000683784485
1648770319.7578433,296,0.13183000683784485
1648770320.3301618,332,0.13183000683784485
1648770320.507828,343,0.13183000683784485
1648770320.8271616,363,0.13183000683784485
1648770320.9728515,372,0.13183000683784485
1648770321.1018212,380,0.13183000683784485
1648770321.610012,412,0.13183000683784485
1648770321.7668195,422,0.13183000683784485
1648770324.45512,492,0.13183000683784485
1648770324.8684983,518,0.13183000683784485
1648770325.154794,536,0.13183000683784485
1648770325.2660854,543,0.13183000683784485
1648770325.4109344,552,0.13183000683784485
1648770325.4412193,554,0.13183000683784485
1648770325.692014,570,0.13183000683784485
1648770325.8519604,580,0.13183000683784485
1648770326.2151682,603,0.13183000683784485
1648770326.2785451,607,0.13183000683784485
1648770326.3905392,614,0.13183000683784485
1648770326.4395645,617,0.13183000683784485
1648770326.4552438,618,0.13183000683784485
1648770326.5693204,625,0.13183000683784485
1648770326.6000018,627,0.13183000683784485
1648770326.6483824,630,0.13183000683784485
1648770327.0118146,653,0.13183000683784485
1648770327.2484388,668,0.13183000683784485
1648770327.5491395,687,0.13183000683784485
1648770327.5980706,690,0.13183000683784485
1648770328.0104425,716,0.13183000683784485
1648770328.1067548,722,0.13183000683784485
1648770328.122724,723,0.13183000683784485
1648770328.2644722,732,0.13183000683784485
1648770329.047049,781,0.13183000683784485
1648770329.1432717,787,0.13183000683784485
1648770329.1752279,789,0.13183000683784485
1648770329.3992066,803,0.13183000683784485
1648770329.6714673,820,0.13183000683784485
1648770329.6869094,821,0.13183000683784485
1648770329.8466501,831,0.13183000683784485
1648770330.1821997,852,0.13183000683784485
1648770330.2635944,857,0.13183000683784485
1648770330.5527294,875,0.13183000683784485
1648770330.8264399,892,0.13183000683784485
1648770331.1775508,914,0.13183000683784485
1648770331.21167,916,0.13183000683784485
1648770333.1047366,944,0.13183000683784485
1648770333.5884545,973,0.13183000683784485
1648770333.874669,991,0.13183000683784485
1648770334.5576742,1034,0.13183000683784485
1648770334.6800122,1041,0.13183000683784485
1648770335.308243,1076,0.13183000683784485
1648770335.926326,1113,0.13183000683784485
1648770335.9442608,1114,0.13183000683784485
1648770336.9560318,1177,0.13183000683784485
1648770337.1786687,1191,0.13183000683784485
1648770337.3222022,1200,0.13183000683784485
1648770337.5635903,1215,0.13183000683784485
1648770337.5954406,1217,0.13183000683784485
1648770337.611363,1218,0.13183000683784485
1648770337.6756094,1222,0.13183000683784485
1648770337.6913588,1223,0.13183000683784485
1648770337.723142,1225,0.13183000683784485
1648770337.803182,1230,0.13183000683784485
1648770338.2536032,1258,0.13183000683784485
1648770338.494406,1273,0.13183000683784485
1648770338.7347867,1288,0.13183000683784485
1648770338.8801498,1297,0.13183000683784485
1648770338.9920404,1304,0.13183000683784485
1648770339.411237,1330,0.13183000683784485
1648770339.4613159,1333,0.13183000683784485
1648770339.558513,1339,0.13183000683784485
1648770340.2224572,1380,0.13183000683784485
1648770340.3010664,1385,0.13183000683784485
1648770340.351148,1388,0.13183000683784485
1648770342.0999618,1409,0.13183000683784485
1648770342.1157277,1410,0.13183000683784485
1648770342.6990829,1447,0.13183000683784485
1648770342.8098903,1454,0.13183000683784485
1648770342.8734083,1458,0.13183000683784485
1648770342.9370334,1462,0.13183000683784485
1648770343.0493019,1469,0.13183000683784485
1648770343.0959544,1472,0.13183000683784485
1648770343.18851,1478,0.13183000683784485
1648770343.3154576,1486,0.13183000683784485
1648770343.6330006,1506,0.13183000683784485
1648770343.8046408,1517,0.13183000683784485
1648770344.3619719,1552,0.13183000683784485
1648770344.6166098,1568,0.13183000683784485
1648770344.742702,1576,0.13183000683784485
1648770345.14324,1601,0.13183000683784485
1648770345.3355238,1613,0.13183000683784485
1648770345.415912,1618,0.13183000683784485
1648770345.6393647,1632,0.13183000683784485
1648770345.8147511,1643,0.13183000683784485
1648770346.087716,1660,0.13183000683784485
1648770346.1681805,1665,0.13183000683784485
1648770346.280217,1672,0.13183000683784485
1648770346.6320953,1694,0.13183000683784485
1648770347.2383354,1732,0.13183000683784485
1648770348.13962,1788,0.13183000683784485
1648770348.2667897,1796,0.13183000683784485
1648770348.3002234,1798,0.13183000683784485
1648770348.6036284,1817,0.13183000683784485
1648770348.6194189,1818,0.13183000683784485
1648770348.9113941,1836,0.13183000683784485
1648770348.9593468,1839,0.13183000683784485
1648770349.359779,1864,0.13183000683784485
1648770349.3755941,1865,0.13183000683784485
1648770351.1554432,1886,0.13183000683784485
1648770351.6836994,1919,0.13183000683784485
1648770352.504636,1971,0.13183000683784485
1648770352.5538418,1974,0.13183000683784485
1648770352.6958253,1983,0.13183000683784485
1648770353.5219104,2035,0.13183000683784485
1648770353.7124567,2047,0.13183000683784485
1648770353.8535473,2056,0.13183000683784485
1648770353.9014058,2059,0.13183000683784485
1648770353.9961338,2065,0.13183000683784485
1648770354.0116382,2066,0.13183000683784485
1648770354.0425208,2068,0.13183000683784485
1648770354.0913548,2071,0.13183000683784485
1648770354.1371188,2074,0.13183000683784485
1648770354.5302942,2099,0.13183000683784485
1648770354.607918,2104,0.13183000683784485
1648770354.6866732,2109,0.13183000683784485
1648770355.1822472,2140,0.13183000683784485
1648770355.247131,2144,0.13183000683784485
1648770355.2785447,2146,0.13183000683784485
1648770355.487406,2159,0.13183000683784485
1648770355.8255658,2180,0.13183000683784485
1648770355.8899584,2184,0.13183000683784485
1648770356.307739,2210,0.13183000683784485
1648770356.7395031,2237,0.13183000683784485
1648770356.8048923,2241,0.13183000683784485
1648770356.9502826,2250,0.13183000683784485
1648770357.129696,2261,0.13183000683784485
1648770357.3051853,2272,0.13183000683784485
1648770357.3711445,2276,0.13183000683784485
1648770358.2568622,2331,0.13183000683784485
1648770358.367434,2338,0.13183000683784485
1648770358.3834455,2339,0.13183000683784485
1648770359.9712234,2345,0.13183000683784485
1648770359.9999673,2347,0.13183000683784485
1648770360.7935166,2397,0.13183000683784485
1648770360.8729558,2402,0.13183000683784485
1648770360.8886518,2403,0.13183000683784485
1648770360.952791,2407,0.13183000683784485
1648770361.386789,2434,0.13183000683784485
1648770361.466745,2439,0.13183000683784485
1648770361.5158553,2442,0.13183000683784485
1648770361.8994973,2466,0.13183000683784485
1648770362.2073956,2485,0.13183000683784485
1648770362.2839165,2490,0.13183000683784485
1648770363.2301822,2549,0.13183000683784485
1648770364.663618,2639,0.13183000683784485
1648770364.6953723,2641,0.13183000683784485
1648770364.7608085,2645,0.13183000683784485
1648770364.7916574,2647,0.13183000683784485
1648770364.8073714,2648,0.13183000683784485
1648770364.9352293,2656,0.13183000683784485
1648770365.1122549,2667,0.13183000683784485
1648770366.2365088,2738,0.13183000683784485
1648770366.2677596,2740,0.13183000683784485
1648770366.3482919,2745,0.13183000683784485
1648770366.570686,2759,0.13183000683784485
1648770366.5859663,2760,0.13183000683784485
1648770366.9838471,2785,0.13183000683784485
1648770369.3774774,2839,0.13183000683784485
1648770369.4552648,2844,0.13183000683784485
1648770369.6482701,2856,0.13183000683784485
1648770369.7603087,2863,0.13183000683784485
1648770369.9354312,2874,0.13183000683784485
1648770369.9819741,2877,0.13183000683784485
1648770370.9232993,2934,0.13183000683784485
1648770370.957216,2936,0.13183000683784485
1648770371.326535,2957,0.13183000683784485
1648770371.74157,2981,0.13183000683784485
1648770371.8344958,2986,0.13183000683784485
1648770372.1271327,3003,0.13183000683784485
1648770372.8721397,3046,0.13183000683784485
1648770372.8897033,3047,0.13183000683784485
1648770372.9085684,3048,0.13183000683784485
1648770372.9454226,3050,0.13183000683784485
1648770373.288246,3070,0.13183000683784485
1648770373.3920336,3076,0.13183000683784485
1648770373.7805352,3099,0.13183000683784485
1648770374.3035927,3130,0.13183000683784485
1648770374.3190951,3131,0.13183000683784485
1648770374.4294605,3138,0.13183000683784485
1648770374.6385045,3151,0.13183000683784485
1648770374.7021427,3155,0.13183000683784485
1648770374.7996652,3161,0.13183000683784485
1648770374.8975716,3167,0.13183000683784485
1648770375.011912,3174,0.13183000683784485
1648770375.5077353,3205,0.13183000683784485
1648770375.5391135,3207,0.13183000683784485
1648770375.5544732,3208,0.13183000683784485
1648770375.6005895,3211,0.13183000683784485
1648770375.900359,3230,0.13183000683784485
1648770375.9481928,3233,0.13183000683784485
1648770376.326692,3257,0.13183000683784485
1648770376.50079,3268,0.13183000683784485
1648770376.711241,3281,0.13183000683784485
1648770378.3621147,3289,0.13183000683784485
1648770378.5277357,3299,0.13183000683784485
1648770378.6856976,3308,0.13183000683784485
1648770378.8977866,3320,0.13183000683784485
1648770378.9324684,3322,0.13183000683784485
1648770379.239392,3339,0.13183000683784485
1648770379.3717742,3346,0.13183000683784485
1648770379.8683746,3374,0.13183000683784485
1648770380.2690117,3397,0.13183000683784485
1648770380.284397,3398,0.13183000683784485
1648770380.4456944,3408,0.13183000683784485
1648770380.6607394,3421,0.13183000683784485
1648770380.8356497,3432,0.13183000683784485
1648770381.43024,3469,0.13183000683784485
1648770381.8668118,3496,0.13183000683784485
1648770381.9964428,3504,0.13183000683784485
1648770382.3154824,3524,0.13183000683784485
1648770382.5157754,3537,0.13183000683784485
1648770382.5931652,3542,0.13183000683784485
1648770382.6103141,3543,0.13183000683784485
1648770382.672201,3547,0.13183000683784485
1648770383.1872044,3580,0.13183000683784485
1648770383.534626,3602,0.13183000683784485
1648770383.7731864,3617,0.13183000683784485
1648770384.0273361,3633,0.13183000683784485
1648770384.2650294,3648,0.13183000683784485
1648770384.7218478,3677,0.13183000683784485
1648770385.1334813,3703,0.13183000683784485
1648770385.2916596,3713,0.13183000683784485
1648770387.9935372,3792,0.13183000683784485
1648770388.10431,3799,0.13183000683784485
1648770388.2948933,3811,0.13183000683784485
1648770388.4524248,3821,0.13183000683784485
1648770388.6258075,3832,0.13183000683784485
1648770388.9412045,3852,0.13183000683784485
1648770389.160722,3866,0.13183000683784485
1648770389.2842257,3873,0.13183000683784485
1648770390.5454338,3950,0.13183000683784485
1648770390.560918,3951,0.13183000683784485
1648770390.930005,3974,0.13183000683784485
1648770390.9453456,3975,0.13183000683784485
1648770391.2308156,3993,0.13183000683784485
1648770391.3420992,4000,0.13183000683784485
1648770391.421799,4005,0.13183000683784485
1648770391.6612782,4020,0.13183000683784485
1648770391.9376676,4037,0.13183000683784485
1648770392.0821197,4046,0.13183000683784485
1648770392.2425056,4056,0.13183000683784485
1648770392.4001067,4066,0.13183000683784485
1648770392.7529018,4088,0.13183000683784485
1648770392.981811,4102,0.13183000683784485
1648770393.4468534,4131,0.13183000683784485
1648770393.6063948,4141,0.13183000683784485
1648770393.7024276,4147,0.13183000683784485
1648770394.3904684,4190,0.13183000683784485
1648770394.5664,4201,0.13183000683784485
1648770394.596794,4203,0.13183000683784485
1648770394.7229006,4211,0.13183000683784485
1648770394.839047,4218,0.13183000683784485
1648770396.6910195,4244,0.13183000683784485
1648770396.755589,4248,0.13183000683784485
1648770397.307936,4280,0.13183000683784485
1648770398.1822639,4331,0.13183000683784485
1648770398.419743,4344,0.13183000683784485
1648770398.6516247,4358,0.13183000683784485
1648770398.6675863,4359,0.13183000683784485
1648770398.74778,4364,0.13183000683784485
1648770399.141241,4389,0.13183000683784485
1648770399.4222252,4406,0.13183000683784485
1648770399.7855136,4429,0.13183000683784485
1648770399.83192,4432,0.13183000683784485
1648770399.943123,4439,0.13183000683784485
1648770400.243158,4458,0.13183000683784485
1648770400.4017766,4468,0.13183000683784485
1648770400.5905285,4480,0.13183000683784485
1648770400.7338011,4489,0.13183000683784485
1648770400.922155,4501,0.13183000683784485
1648770401.0972483,4512,0.13183000683784485
1648770401.303257,4525,0.13183000683784485
1648770402.077374,4574,0.13183000683784485
1648770402.6310217,4609,0.13183000683784485
1648770402.7092886,4614,0.13183000683784485
1648770403.006616,4633,0.13183000683784485
1648770403.053785,4636,0.13183000683784485
1648770403.1799636,4644,0.13183000683784485
1648770403.2116153,4646,0.13183000683784485
1648770403.4504514,4661,0.13183000683784485
1648770403.5950065,4670,0.13183000683784485
1648770403.7402668,4679,0.13183000683784485
1648770405.479633,4699,0.013182999566197395
1648770405.5916948,4706,0.013182999566197395
1648770405.623108,4708,0.013182999566197395
1648770405.9407086,4728,0.013182999566197395
1648770406.1846044,4743,0.013182999566197395
1648770406.6280196,4770,0.013182999566197395
1648770407.028181,4794,0.013182999566197395
1648770407.199899,4804,0.013182999566197395
1648770407.2638652,4808,0.013182999566197395
1648770407.6365666,4830,0.013182999566197395
1648770407.748152,4837,0.013182999566197395
1648770407.7955928,4840,0.013182999566197395
1648770407.9622366,4850,0.013182999566197395
1648770408.5303757,4883,0.013182999566197395
1648770408.694821,4893,0.013182999566197395
1648770408.8463147,4902,0.013182999566197395
1648770409.0760868,4916,0.013182999566197395
1648770409.5749226,4948,0.013182999566197395
1648770409.6227102,4951,0.013182999566197395
1648770409.9908454,4973,0.013182999566197395
1648770410.0079677,4974,0.013182999566197395
1648770410.3512883,4995,0.013182999566197395
1648770410.4797637,5003,0.013182999566197395
1648770410.688612,5016,0.013182999566197395
1648770410.914167,5030,0.013182999566197395
1648770411.061578,5039,0.013182999566197395
1648770411.209047,5048,0.013182999566197395
1648770411.302855,5054,0.013182999566197395
1648770411.5124297,5067,0.013182999566197395
1648770411.660349,5076,0.013182999566197395
1648770412.1927922,5109,0.013182999566197395
1648770412.4007187,5122,0.013182999566197395
1648770412.8971872,5153,0.013182999566197395
1648770414.8876565,5189,0.013182999566197395
1648770415.111433,5203,0.013182999566197395
1648770415.1759396,5207,0.013182999566197395
1648770415.3512685,5218,0.013182999566197395
1648770415.4951124,5227,0.013182999566197395
1648770415.527784,5229,0.013182999566197395
1648770415.6400442,5236,0.013182999566197395
1648770415.7392094,5242,0.013182999566197395
1648770416.5363925,5287,0.013182999566197395
1648770416.9117494,5308,0.013182999566197395
1648770417.036862,5315,0.013182999566197395
1648770417.2150245,5325,0.013182999566197395
1648770417.2840345,5329,0.013182999566197395
1648770417.5241122,5344,0.013182999566197395
1648770417.5397124,5345,0.013182999566197395
1648770417.571429,5347,0.013182999566197395
1648770417.7321548,5357,0.013182999566197395
1648770417.7635672,5359,0.013182999566197395
1648770417.8595772,5365,0.013182999566197395
1648770417.875142,5366,0.013182999566197395
1648770418.1839178,5385,0.013182999566197395
1648770418.5747461,5408,0.013182999566197395
1648770418.589709,5409,0.013182999566197395
1648770419.0488567,5438,0.013182999566197395
1648770419.0821972,5440,0.013182999566197395
1648770419.1128128,5442,0.013182999566197395
1648770419.1594164,5445,0.013182999566197395
1648770419.2520106,5451,0.013182999566197395
1648770419.3460763,5457,0.013182999566197395
1648770419.8058724,5486,0.013182999566197395
1648770419.8216655,5487,0.013182999566197395
1648770420.0497565,5501,0.013182999566197395
1648770420.3288918,5518,0.013182999566197395
1648770420.3488908,5519,0.013182999566197395
1648770420.6835532,5538,0.013182999566197395
1648770420.9902122,5557,0.013182999566197395
1648770421.1705527,5567,0.013182999566197395
1648770421.2582567,5572,0.013182999566197395
1648770421.3238196,5576,0.013182999566197395
1648770421.5133898,5588,0.013182999566197395
1648770421.646625,5596,0.013182999566197395
1648770421.6626694,5597,0.013182999566197395
1648770421.7094028,5600,0.013182999566197395
1648770421.8057988,5606,0.013182999566197395
1648770421.8534203,5609,0.013182999566197395
1648770421.887026,5611,0.013182999566197395
1648770422.099822,5623,0.013182999566197395
1648770423.8298895,5638,0.013182999566197395
1648770424.1133711,5654,0.013182999566197395
1648770424.6870947,5686,0.013182999566197395
1648770424.741237,5689,0.013182999566197395
1648770425.0903301,5710,0.013182999566197395
1648770425.743145,5751,0.013182999566197395
1648770425.970371,5765,0.013182999566197395
1648770426.277963,5783,0.013182999566197395
1648770426.3419807,5787,0.013182999566197395
1648770426.420438,5792,0.013182999566197395
1648770426.6077456,5804,0.013182999566197395
1648770426.8622491,5820,0.013182999566197395
1648770427.1346238,5837,0.013182999566197395
1648770427.1705248,5839,0.013182999566197395
1648770427.422654,5853,0.013182999566197395
1648770427.5290945,5859,0.013182999566197395
1648770428.1178796,5895,0.013182999566197395
1648770428.5141528,5920,0.013182999566197395
1648770428.530953,5921,0.013182999566197395
1648770428.588216,5924,0.013182999566197395
1648770428.9025133,5942,0.013182999566197395
1648770428.9494236,5945,0.013182999566197395
1648770429.2564,5964,0.013182999566197395
1648770429.4305573,5975,0.013182999566197395
1648770429.6073525,5986,0.013182999566197395
1648770429.7516859,5995,0.013182999566197395
1648770429.9636152,6008,0.013182999566197395
1648770429.9954112,6010,0.013182999566197395
1648770430.1232107,6018,0.013182999566197395
1648770430.5278046,6043,0.013182999566197395
1648770430.6408734,6050,0.013182999566197395
1648770430.836281,6062,0.013182999566197395
1648770430.9495168,6069,0.013182999566197395
1648770431.1730864,6083,0.013182999566197395
1648770432.8642817,6100,0.013182999566197395
1648770433.1241314,6116,0.013182999566197395
1648770433.1573424,6118,0.013182999566197395
1648770433.1897671,6120,0.013182999566197395
1648770433.4023302,6133,0.013182999566197395
1648770433.7156272,6152,0.013182999566197395
1648770434.0387719,6172,0.013182999566197395
1648770434.151945,6179,0.013182999566197395
1648770434.1689668,6180,0.013182999566197395
1648770434.6899362,6211,0.013182999566197395
1648770435.0363786,6232,0.013182999566197395
1648770435.3160477,6248,0.013182999566197395
1648770435.331276,6249,0.013182999566197395
1648770435.4877572,6259,0.013182999566197395
1648770435.5528924,6263,0.013182999566197395
1648770436.0751235,6295,0.013182999566197395
1648770436.0913875,6296,0.013182999566197395
1648770436.2063355,6303,0.013182999566197395
1648770436.2246454,6304,0.013182999566197395
1648770436.5343094,6322,0.013182999566197395
1648770436.5671287,6324,0.013182999566197395
1648770436.612837,6327,0.013182999566197395
1648770436.7239192,6334,0.013182999566197395
1648770437.151974,6360,0.013182999566197395
1648770437.2912748,6368,0.013182999566197395
1648770437.6265805,6389,0.013182999566197395
1648770437.8031666,6400,0.013182999566197395
1648770437.9474401,6409,0.013182999566197395
1648770438.0258563,6414,0.013182999566197395
1648770438.1377394,6421,0.013182999566197395
1648770438.312763,6432,0.013182999566197395
1648770438.5925329,6450,0.013182999566197395
1648770438.668876,6455,0.013182999566197395
1648770438.8271396,6465,0.013182999566197395
1648770439.4130192,6500,0.013182999566197395
1648770439.7639027,6522,0.013182999566197395
1648770439.876793,6529,0.013182999566197395
1648770440.288285,6555,0.013182999566197395
1648770440.382212,6561,0.013182999566197395
1648770442.1036415,6575,0.013182999566197395
1648770442.4706876,6598,0.013182999566197395
1648770442.6028845,6606,0.013182999566197395
1648770442.8316555,6619,0.013182999566197395
1648770442.8977666,6623,0.013182999566197395
1648770442.978996,6628,0.013182999566197395
1648770443.4912698,6658,0.013182999566197395
1648770443.507821,6659,0.013182999566197395
1648770444.0145903,6691,0.013182999566197395
1648770444.0455997,6693,0.013182999566197395
1648770444.5831785,6727,0.013182999566197395
1648770444.6160963,6729,0.013182999566197395
1648770444.6476617,6731,0.013182999566197395
1648770444.9813735,6752,0.013182999566197395
1648770445.0118032,6754,0.013182999566197395
1648770445.8514838,6807,0.013182999566197395
1648770446.1040742,6823,0.013182999566197395
1648770446.1509223,6826,0.013182999566197395
1648770446.525926,6849,0.013182999566197395
1648770446.8500345,6869,0.013182999566197395
1648770446.9765728,6877,0.013182999566197395
1648770447.3429475,6900,0.013182999566197395
1648770447.4546182,6907,0.013182999566197395
1648770448.304129,6958,0.013182999566197395
1648770448.46349,6968,0.013182999566197395
1648770448.5446277,6973,0.013182999566197395
1648770448.9080236,6996,0.013182999566197395
1648770448.9543874,6999,0.013182999566197395
1648770449.3071775,7021,0.013182999566197395
1648770449.3878324,7026,0.013182999566197395
1648770451.1904163,7046,0.013182999566197395
1648770451.2238438,7048,0.013182999566197395
1648770451.4253855,7060,0.013182999566197395
1648770451.7284436,7078,0.013182999566197395
1648770451.8256044,7084,0.013182999566197395
1648770452.2748604,7112,0.013182999566197395
1648770452.4356298,7122,0.013182999566197395
1648770452.7345104,7141,0.013182999566197395
1648770452.825297,7146,0.013182999566197395
1648770452.863516,7148,0.013182999566197395
1648770453.6999962,7198,0.013182999566197395
1648770453.7973664,7204,0.013182999566197395
1648770453.8897216,7210,0.013182999566197395
1648770453.9084048,7211,0.013182999566197395
1648770454.3238294,7237,0.013182999566197395
1648770454.4886968,7247,0.013182999566197395
1648770454.6678402,7258,0.013182999566197395
1648770454.956108,7276,0.013182999566197395
1648770455.0832791,7284,0.013182999566197395
1648770455.1639946,7289,0.013182999566197395
1648770455.3074677,7298,0.013182999566197395
1648770455.483987,7309,0.013182999566197395
1648770455.6738322,7321,0.013182999566197395
1648770456.2603047,7358,0.013182999566197395
1648770456.591265,7379,0.013182999566197395
1648770456.794546,7392,0.013182999566197395
1648770457.0024269,7405,0.013182999566197395
1648770457.1648781,7415,0.013182999566197395
1648770457.579035,7440,0.013182999566197395
1648770458.003877,7466,0.013182999566197395
1648770458.0352535,7468,0.013182999566197395
1648770458.0689318,7470,0.013182999566197395
1648770458.5427656,7499,0.013182999566197395
1648770460.161671,7507,0.013182999566197395
1648770460.3463798,7518,0.013182999566197395
1648770460.494795,7527,0.013182999566197395
1648770460.5973957,7533,0.013182999566197395
1648770461.2595088,7572,0.013182999566197395
1648770461.6813679,7595,0.013182999566197395
1648770461.748102,7599,0.013182999566197395
1648770461.7963805,7602,0.013182999566197395
1648770461.8123384,7603,0.013182999566197395
1648770462.043845,7617,0.013182999566197395
1648770462.202518,7627,0.013182999566197395
1648770462.235813,7629,0.013182999566197395
1648770462.460118,7642,0.013182999566197395
1648770462.4929416,7644,0.013182999566197395
1648770463.2487497,7689,0.013182999566197395
1648770463.313918,7693,0.013182999566197395
1648770463.3806114,7697,0.013182999566197395
1648770463.4421706,7701,0.013182999566197395
1648770463.7011127,7717,0.013182999566197395
1648770464.2118325,7749,0.013182999566197395
1648770464.3563004,7758,0.013182999566197395
1648770464.4833527,7766,0.013182999566197395
1648770464.4987986,7767,0.013182999566197395
1648770464.5785472,7772,0.013182999566197395
1648770464.9857104,7798,0.013182999566197395
1648770465.1123755,7806,0.013182999566197395
1648770465.5838742,7836,0.013182999566197395
1648770465.7243102,7845,0.013182999566197395
1648770465.992171,7862,0.013182999566197395
1648770466.3524885,7885,0.013182999566197395
1648770466.559847,7898,0.013182999566197395
1648770466.813666,7914,0.013182999566197395
1648770467.044232,7927,0.013182999566197395
1648770467.3283799,7943,0.013182999566197395
1648770467.3652904,7945,0.013182999566197395
1648770467.4180708,7948,0.013182999566197395
1648770467.6324613,7960,0.013182999566197395
1648770467.739793,7966,0.013182999566197395
1648770469.4307034,7982,0.013182999566197395
1648770469.7879753,8004,0.013182999566197395
1648770469.8190029,8006,0.013182999566197395
1648770469.8682816,8009,0.013182999566197395
1648770470.1903927,8029,0.013182999566197395
1648770470.2782717,8034,0.013182999566197395
1648770470.3305538,8037,0.013182999566197395
1648770470.400596,8041,0.013182999566197395
1648770470.779222,8064,0.013182999566197395
1648770470.8431773,8068,0.013182999566197395
1648770470.8758373,8070,0.013182999566197395
1648770470.9549131,8075,0.013182999566197395
1648770471.3203313,8097,0.013182999566197395
1648770471.8018055,8127,0.013182999566197395
1648770471.8348355,8129,0.013182999566197395
1648770471.956701,8137,0.013182999566197395
1648770472.1937273,8152,0.013182999566197395
1648770472.5733736,8176,0.013182999566197395
1648770472.8911269,8196,0.013182999566197395
1648770473.1281717,8211,0.013182999566197395
1648770473.2997973,8222,0.013182999566197395
1648770473.711664,8248,0.013182999566197395
1648770474.0439968,8269,0.013182999566197395
1648770474.248088,8282,0.013182999566197395
1648770474.293553,8285,0.013182999566197395
1648770474.3580709,8289,0.013182999566197395
1648770474.8239696,8318,0.013182999566197395
1648770475.3861182,8353,0.013182999566197395
1648770476.0685573,8396,0.013182999566197395
1648770476.6002617,8428,0.013182999566197395
1648770478.3783228,8444,0.013182999566197395
1648770478.4108253,8446,0.013182999566197395
1648770478.562918,8455,0.013182999566197395
1648770478.809582,8470,0.013182999566197395
1648770478.9905734,8481,0.013182999566197395
1648770479.1044164,8488,0.013182999566197395
1648770479.3995008,8506,0.013182999566197395
1648770479.7357168,8526,0.013182999566197395
1648770479.8040433,8530,0.013182999566197395
1648770479.952201,8539,0.013182999566197395
1648770480.0978746,8548,0.013182999566197395
1648770480.3064969,8560,0.013182999566197395
1648770480.3537998,8563,0.013182999566197395
1648770480.902057,8596,0.013182999566197395
1648770481.1561007,8611,0.013182999566197395
1648770481.572457,8635,0.013182999566197395
1648770481.958313,8658,0.013182999566197395
1648770482.0077934,8661,0.013182999566197395
1648770482.0236785,8662,0.013182999566197395
1648770482.0395007,8663,0.013182999566197395
1648770482.6836972,8703,0.013182999566197395
1648770483.462556,8752,0.013182999566197395
1648770483.4965646,8754,0.013182999566197395
1648770483.622693,8762,0.013182999566197395
1648770483.8617556,8777,0.013182999566197395
1648770484.1794834,8797,0.013182999566197395
1648770484.7956157,8836,0.013182999566197395
1648770484.8421948,8839,0.013182999566197395
1648770485.1935682,8861,0.013182999566197395
1648770485.3054001,8868,0.013182999566197395
1648770485.6415374,8889,0.013182999566197395
1648770485.722153,8894,0.013182999566197395
1648770485.8985267,8905,0.013182999566197395
1648770485.961038,8909,0.013182999566197395
1648770487.4511874,8912,0.013182999566197395
1648770487.745542,8929,0.013182999566197395
1648770488.087102,8948,0.013182999566197395
1648770488.121284,8950,0.013182999566197395
1648770488.4194136,8967,0.013182999566197395
1648770488.8520617,8991,0.013182999566197395
1648770488.9255013,8995,0.013182999566197395
1648770489.182909,9011,0.013182999566197395
1648770489.213875,9013,0.013182999566197395
1648770489.262447,9016,0.013182999566197395
1648770489.277268,9017,0.013182999566197395
1648770489.2927887,9018,0.013182999566197395
1648770489.686306,9043,0.013182999566197395
1648770490.2304492,9077,0.013182999566197395
1648770490.9894373,9123,0.013182999566197395
1648770491.0352476,9126,0.013182999566197395
1648770491.3524675,9144,0.013182999566197395
1648770491.7775376,9171,0.013182999566197395
1648770492.1584253,9195,0.013182999566197395
1648770492.293171,9203,0.013182999566197395
1648770492.3097467,9204,0.013182999566197395
1648770492.5214062,9217,0.013182999566197395
1648770493.0506191,9251,0.013182999566197395
1648770493.3596423,9271,0.013182999566197395
1648770493.484212,9279,0.013182999566197395
1648770493.6747415,9291,0.013182999566197395
1648770493.9422183,9308,0.013182999566197395
1648770494.072794,9316,0.013182999566197395
1648770494.4609542,9339,0.013182999566197395
1648770496.7826355,9393,0.0013183000264689326
1648770496.8759975,9399,0.0013183000264689326
1648770496.8938525,9400,0.0013183000264689326
1648770496.940129,9403,0.0013183000264689326
1648770496.9717157,9405,0.0013183000264689326
1648770497.0355704,9409,0.0013183000264689326
1648770497.1304805,9415,0.0013183000264689326
1648770497.3680532,9430,0.0013183000264689326
1648770497.479261,9437,0.0013183000264689326
1648770497.7966416,9457,0.0013183000264689326
1648770497.9090173,9464,0.0013183000264689326
1648770499.1635063,9538,0.0013183000264689326
1648770500.0137346,9591,0.0013183000264689326
1648770500.5319457,9622,0.0013183000264689326
1648770500.7760568,9636,0.0013183000264689326
1648770501.25955,9666,0.0013183000264689326
1648770501.2938104,9668,0.0013183000264689326
1648770501.3128476,9669,0.0013183000264689326
1648770501.4486613,9677,0.0013183000264689326
1648770502.2177966,9721,0.0013183000264689326
1648770502.2876365,9725,0.0013183000264689326
1648770502.383358,9731,0.0013183000264689326
1648770502.6031685,9745,0.0013183000264689326
1648770502.6578758,9748,0.0013183000264689326
1648770502.709323,9751,0.0013183000264689326
1648770503.6290581,9809,0.0013183000264689326
1648770503.7852802,9819,0.0013183000264689326
1648770504.0023856,9833,0.0013183000264689326
1648770504.230732,9848,0.0013183000264689326
1648770505.708953,9849,0.0013183000264689326
1648770505.8830836,9860,0.0013183000264689326
1648770506.4891803,9898,0.0013183000264689326
1648770506.5676556,9903,0.0013183000264689326
1648770506.616344,9906,0.0013183000264689326
1648770506.6318886,9907,0.0013183000264689326
1648770506.678531,9910,0.0013183000264689326
1648770506.7123964,9912,0.0013183000264689326
1648770507.273745,9945,0.0013183000264689326
1648770507.4191165,9954,0.0013183000264689326
1648770507.4349205,9955,0.0013183000264689326
1648770507.5781026,9964,0.0013183000264689326
1648770507.7057724,9972,0.0013183000264689326
1648770508.1770725,10000,0.0013183000264689326
1648770508.3046026,10008,0.0013183000264689326
1648770508.9480104,10048,0.0013183000264689326
1648770509.368803,10071,0.0013183000264689326
1648770509.4961777,10079,0.0013183000264689326
1648770509.5443318,10082,0.0013183000264689326
1648770509.6055622,10086,0.0013183000264689326
1648770509.8875618,10104,0.0013183000264689326
1648770510.3661125,10133,0.0013183000264689326
1648770510.4950814,10141,0.0013183000264689326
1648770510.548328,10144,0.0013183000264689326
1648770510.631828,10149,0.0013183000264689326
1648770510.9426768,10168,0.0013183000264689326
1648770511.16782,10182,0.0013183000264689326
1648770511.1833513,10183,0.0013183000264689326
1648770511.8093011,10221,0.0013183000264689326
1648770511.9167767,10228,0.0013183000264689326
1648770511.934438,10229,0.0013183000264689326
1648770512.0227723,10234,0.0013183000264689326
1648770512.0766642,10237,0.0013183000264689326
1648770512.0931873,10238,0.0013183000264689326
1648770512.2446735,10247,0.0013183000264689326
1648770512.484004,10262,0.0013183000264689326
1648770513.050581,10297,0.0013183000264689326
1648770514.9000354,10322,0.0013183000264689326
1648770515.0811574,10333,0.0013183000264689326
1648770515.277757,10344,0.0013183000264689326
1648770515.3153796,10346,0.0013183000264689326
1648770515.4078517,10351,0.0013183000264689326
1648770515.6911087,10367,0.0013183000264689326
1648770515.7680566,10372,0.0013183000264689326
1648770515.9596164,10384,0.0013183000264689326
1648770516.039859,10389,0.0013183000264689326
1648770516.260479,10403,0.0013183000264689326
1648770516.4009547,10412,0.0013183000264689326
1648770516.701127,10430,0.0013183000264689326
1648770516.808828,10436,0.0013183000264689326
1648770517.0502238,10451,0.0013183000264689326
1648770517.3074694,10467,0.0013183000264689326
1648770517.5254614,10480,0.0013183000264689326
1648770517.630483,10486,0.0013183000264689326
1648770517.764153,10494,0.0013183000264689326
1648770517.8273172,10498,0.0013183000264689326
1648770518.3068578,10527,0.0013183000264689326
1648770518.5533907,10542,0.0013183000264689326
1648770519.2031193,10582,0.0013183000264689326
1648770519.3982964,10594,0.0013183000264689326
1648770519.5778046,10605,0.0013183000264689326
1648770519.7071064,10613,0.0013183000264689326
1648770520.2081347,10644,0.0013183000264689326
1648770520.3226466,10651,0.0013183000264689326
1648770520.388235,10655,0.0013183000264689326
1648770520.4857247,10661,0.0013183000264689326
1648770520.5981255,10668,0.0013183000264689326
1648770520.7121537,10675,0.0013183000264689326
1648770520.8763437,10685,0.0013183000264689326
1648770520.9912095,10692,0.0013183000264689326
1648770521.4157417,10718,0.0013183000264689326
1648770522.0856507,10759,0.0013183000264689326
1648770522.1162941,10761,0.0013183000264689326
1648770522.1317873,10762,0.0013183000264689326
1648770522.2295692,10768,0.0013183000264689326
1648770522.2921968,10772,0.0013183000264689326
1648770522.3567588,10776,0.0013183000264689326
1648770522.3721733,10777,0.0013183000264689326
1648770524.1483154,10797,0.0013183000264689326
1648770524.7765439,10836,0.0013183000264689326
1648770524.8395023,10840,0.0013183000264689326
1648770525.0125437,10850,0.0013183000264689326
1648770525.327797,10868,0.0013183000264689326
1648770525.413047,10873,0.0013183000264689326
1648770525.4600284,10876,0.0013183000264689326
1648770525.4914253,10878,0.0013183000264689326
1648770525.526202,10880,0.0013183000264689326
1648770526.023417,10911,0.0013183000264689326
1648770527.2474878,10985,0.0013183000264689326
1648770527.386534,10994,0.0013183000264689326
1648770528.0673382,11037,0.0013183000264689326
1648770528.4063783,11058,0.0013183000264689326
1648770528.487381,11063,0.0013183000264689326
1648770528.567484,11068,0.0013183000264689326
1648770528.6468704,11073,0.0013183000264689326
1648770529.0002327,11095,0.0013183000264689326
1648770529.3836956,11119,0.0013183000264689326
1648770529.5265381,11128,0.0013183000264689326
1648770529.622103,11134,0.0013183000264689326
1648770530.0476801,11161,0.0013183000264689326
1648770530.0630434,11162,0.0013183000264689326
1648770530.1417801,11167,0.0013183000264689326
1648770530.4547343,11186,0.0013183000264689326
1648770530.4881003,11188,0.0013183000264689326
1648770530.534796,11191,0.0013183000264689326
1648770530.630108,11197,0.0013183000264689326
1648770531.1192596,11228,0.0013183000264689326
1648770531.199389,11233,0.0013183000264689326
1648770531.230794,11235,0.0013183000264689326
1648770533.5307312,11283,0.0013183000264689326
1648770533.5852768,11286,0.0013183000264689326
1648770533.8851814,11303,0.0013183000264689326
1648770534.060643,11313,0.0013183000264689326
1648770534.398868,11332,0.0013183000264689326
1648770534.506949,11338,0.0013183000264689326
1648770534.668581,11348,0.0013183000264689326
1648770534.6841736,11349,0.0013183000264689326
1648770534.780926,11355,0.0013183000264689326
1648770534.8277538,11358,0.0013183000264689326
1648770535.3318725,11389,0.0013183000264689326
1648770535.4138973,11394,0.0013183000264689326
1648770535.464907,11397,0.0013183000264689326
1648770535.5586903,11403,0.0013183000264689326
1648770535.6397023,11408,0.0013183000264689326
1648770536.5338993,11461,0.0013183000264689326
1648770536.7083561,11471,0.0013183000264689326
1648770537.2883,11507,0.0013183000264689326
1648770537.5321772,11522,0.0013183000264689326
1648770537.5479531,11523,0.0013183000264689326
1648770538.3081758,11569,0.0013183000264689326
1648770538.675245,11591,0.0013183000264689326
1648770539.283851,11627,0.0013183000264689326
1648770539.7485793,11655,0.0013183000264689326
1648770539.9700308,11669,0.0013183000264689326
1648770540.266504,11686,0.0013183000264689326
1648770540.5805657,11705,0.0013183000264689326
1648770540.6601977,11710,0.0013183000264689326
1648770540.7913442,11718,0.0013183000264689326
1648770540.857237,11722,0.0013183000264689326
1648770542.3608365,11726,0.0013183000264689326
1648770542.5232418,11736,0.0013183000264689326
1648770542.996355,11765,0.0013183000264689326
1648770543.1079352,11772,0.0013183000264689326
1648770543.2973118,11784,0.0013183000264689326
1648770543.7236798,11811,0.0013183000264689326
1648770543.8968828,11822,0.0013183000264689326
1648770543.9113648,11823,0.0013183000264689326
1648770544.0657084,11833,0.0013183000264689326
1648770544.081079,11834,0.0013183000264689326
1648770544.2546654,11845,0.0013183000264689326
1648770544.2695868,11846,0.0013183000264689326
1648770544.532941,11863,0.0013183000264689326
1648770544.6442368,11870,0.0013183000264689326
1648770545.0718634,11897,0.0013183000264689326
1648770545.1356635,11901,0.0013183000264689326
1648770545.3368628,11914,0.0013183000264689326
1648770545.6831424,11936,0.0013183000264689326
1648770545.8254206,11945,0.0013183000264689326
1648770545.84037,11946,0.0013183000264689326
1648770546.013544,11957,0.0013183000264689326
1648770546.262905,11973,0.0013183000264689326
1648770546.293394,11975,0.0013183000264689326
1648770546.3114898,11976,0.0013183000264689326
1648770546.5483763,11991,0.0013183000264689326
1648770546.7875655,12006,0.0013183000264689326
1648770546.818125,12008,0.0013183000264689326
1648770546.848493,12010,0.0013183000264689326
1648770546.9117775,12014,0.0013183000264689326
1648770547.7720602,12068,0.0013183000264689326
1648770547.9319706,12078,0.0013183000264689326
1648770548.1085813,12089,0.0013183000264689326
1648770548.1707087,12093,0.0013183000264689326
1648770548.3160028,12102,0.0013183000264689326
1648770548.4504254,12110,0.0013183000264689326
1648770548.6082456,12119,0.0013183000264689326
1648770548.6914008,12124,0.0013183000264689326
1648770548.7070673,12125,0.0013183000264689326
1648770548.8495095,12134,0.0013183000264689326
1648770549.0483055,12146,0.0013183000264689326
1648770549.1168349,12150,0.0013183000264689326
1648770549.475158,12172,0.0013183000264689326
1648770549.6494942,12183,0.0013183000264689326
1648770549.7909434,12192,0.0013183000264689326
1648770551.6462576,12217,0.0013183000264689326
1648770551.8535707,12229,0.0013183000264689326
1648770551.925789,12233,0.0013183000264689326
1648770551.9966576,12237,0.0013183000264689326
1648770552.3906546,12262,0.0013183000264689326
1648770552.4743927,12267,0.0013183000264689326
1648770552.6632054,12279,0.0013183000264689326
1648770552.6792881,12280,0.0013183000264689326
1648770552.6942885,12281,0.0013183000264689326
1648770552.9463565,12297,0.0013183000264689326
1648770553.7969844,12349,0.0013183000264689326
1648770553.8756552,12354,0.0013183000264689326
1648770554.1018658,12367,0.0013183000264689326
1648770554.4821846,12391,0.0013183000264689326
1648770554.882305,12414,0.0013183000264689326
1648770554.9159622,12416,0.0013183000264689326
1648770555.346929,12440,0.0013183000264689326
1648770555.4969141,12448,0.0013183000264689326
1648770556.0702558,12482,0.0013183000264689326
1648770556.4551997,12506,0.0013183000264689326
1648770556.6662035,12518,0.0013183000264689326
1648770557.1683564,12549,0.0013183000264689326
1648770557.5011878,12568,0.0013183000264689326
1648770557.706219,12581,0.0013183000264689326
1648770557.7580273,12584,0.0013183000264689326
1648770558.0161934,12599,0.0013183000264689326
1648770558.1936924,12610,0.0013183000264689326
1648770558.3378763,12619,0.0013183000264689326
1648770558.3839724,12622,0.0013183000264689326
1648770559.029862,12661,0.0013183000264689326
1648770560.6243339,12667,0.0013183000264689326
1648770560.7847703,12676,0.0013183000264689326
1648770561.1234653,12697,0.0013183000264689326
1648770561.2508113,12705,0.0013183000264689326
1648770561.371583,12712,0.0013183000264689326
1648770561.6396604,12728,0.0013183000264689326
1648770562.2458968,12764,0.0013183000264689326
1648770562.5002608,12780,0.0013183000264689326
1648770562.6202266,12787,0.0013183000264689326
1648770562.8239286,12799,0.0013183000264689326
1648770563.0621758,12814,0.0013183000264689326
1648770563.4531562,12838,0.0013183000264689326
1648770563.9253404,12866,0.0013183000264689326
1648770564.2605507,12885,0.0013183000264689326
1648770564.2786577,12886,0.0013183000264689326
1648770563.7530565,12952,0.0013183000264689326
1648770564.5223615,12996,0.0013183000264689326
1648770564.6666265,13005,0.0013183000264689326
1648770564.8741744,13018,0.0013183000264689326
1648770565.0166976,13027,0.0013183000264689326
1648770565.3897607,13050,0.0013183000264689326
1648770565.9208148,13084,0.0013183000264689326
1648770565.9683414,13087,0.0013183000264689326
1648770566.0461159,13092,0.0013183000264689326
1648770566.3377814,13110,0.0013183000264689326
1648770568.3782594,13148,0.0013183000264689326
1648770568.948562,13184,0.0013183000264689326
1648770569.2220058,13201,0.0013183000264689326
1648770569.4135416,13213,0.0013183000264689326
1648770569.6700726,13229,0.0013183000264689326
1648770569.816856,13238,0.0013183000264689326
1648770569.9791741,13248,0.0013183000264689326
1648770570.2733266,13266,0.0013183000264689326
1648770570.3673291,13271,0.0013183000264689326
1648770570.8073952,13297,0.0013183000264689326
1648770570.975471,13307,0.0013183000264689326
1648770571.324301,13326,0.0013183000264689326
1648770571.3780928,13329,0.0013183000264689326
1648770571.4291823,13332,0.0013183000264689326
1648770571.5006387,13336,0.0013183000264689326
1648770571.517837,13337,0.0013183000264689326
1648770571.8536346,13356,0.0013183000264689326
1648770572.1202397,13370,0.0013183000264689326
1648770572.39651,13387,0.0013183000264689326
1648770572.4985077,13393,0.0013183000264689326
1648770572.6027868,13399,0.0013183000264689326
1648770572.7349043,13407,0.0013183000264689326
1648770573.517419,13456,0.0013183000264689326
1648770573.7909706,13473,0.0013183000264689326
1648770573.8525674,13477,0.0013183000264689326
1648770574.2362397,13501,0.0013183000264689326
1648770574.5100648,13518,0.0013183000264689326
1648770574.5256014,13519,0.0013183000264689326
1648770574.7659905,13534,0.0013183000264689326
1648770574.989213,13548,0.0013183000264689326
1648770575.4699817,13578,0.0013183000264689326
1648770575.5009499,13580,0.0013183000264689326
1648770575.6745079,13591,0.0013183000264689326
1648770575.7241209,13594,0.0013183000264689326
1648770577.4211385,13610,0.0013183000264689326
1648770577.8333817,13636,0.0013183000264689326
1648770577.9210906,13641,0.0013183000264689326
1648770577.977311,13644,0.0013183000264689326
1648770578.01393,13646,0.0013183000264689326
1648770578.0666013,13649,0.0013183000264689326
1648770578.234024,13659,0.0013183000264689326
1648770578.2830708,13662,0.0013183000264689326
1648770578.346115,13666,0.0013183000264689326
1648770578.411553,13670,0.0013183000264689326
1648770578.4492817,13672,0.0013183000264689326
1648770578.7953022,13692,0.0013183000264689326
1648770578.8278937,13694,0.0013183000264689326
1648770579.751127,13749,0.0013183000264689326
1648770579.767766,13750,0.0013183000264689326
1648770579.9806075,13763,0.0013183000264689326
1648770580.1352487,13772,0.0013183000264689326
1648770580.257456,13779,0.0013183000264689326
1648770580.4331813,13790,0.0013183000264689326
1648770580.7851174,13812,0.0013183000264689326
1648770580.960498,13823,0.0013183000264689326
1648770581.0417235,13828,0.0013183000264689326
1648770581.107298,13832,0.0013183000264689326
1648770581.375606,13849,0.0013183000264689326
1648770581.3910005,13850,0.0013183000264689326
1648770581.4065986,13851,0.0013183000264689326
1648770581.44126,13853,0.0013183000264689326
1648770581.728767,13871,0.0013183000264689326
1648770581.9689076,13886,0.0013183000264689326
1648770582.306303,13907,0.0013183000264689326
1648770582.6244116,13927,0.0013183000264689326
1648770582.8470783,13941,0.0013183000264689326
1648770583.1889448,13962,0.0013183000264689326
1648770583.3334072,13971,0.0013183000264689326
1648770583.350557,13972,0.0013183000264689326
1648770583.3817813,13974,0.0013183000264689326
1648770583.7260287,13996,0.0013183000264689326
1648770584.0105922,14014,0.0013183000264689326
1648770584.3127508,14033,0.0013183000264689326
