Wall time,Step,Value
1648770314.9200454,8,2.257610559463501
1648770315.2561543,27,0.5770845413208008
1648770315.2882226,29,0.6739479303359985
1648770315.5015287,42,0.37536048889160156
1648770315.8747115,65,0.42001456022262573
1648770316.7013366,112,0.3874930143356323
1648770316.7168024,113,0.2559591829776764
1648770316.7795715,117,0.10278909653425217
1648770317.1193056,137,0.10201116651296616
1648770317.190908,141,0.1734369695186615
1648770317.2693315,146,0.2011573165655136
1648770317.451479,157,0.12874233722686768
1648770317.9519649,188,0.12872377038002014
1648770318.1831682,202,0.09245476126670837
1648770318.5045917,221,0.16829590499401093
1648770318.5856915,226,0.1544446349143982
1648770318.604042,227,0.100740447640419
1648770319.4074383,274,0.08395888656377792
1648770319.6606848,290,0.1502102017402649
1648770319.707351,293,0.20586895942687988
1648770319.7230334,294,0.1836259663105011
1648770319.757782,296,0.09582861512899399
1648770320.3300924,332,0.09191654622554779
1648770320.507769,343,0.08661672472953796
1648770320.827098,363,0.14934436976909637
1648770320.9727888,372,0.11320225894451141
1648770321.1017299,380,0.138149231672287
1648770321.609913,412,0.1064026951789856
1648770321.7667453,422,0.09155237674713135
1648770324.4550428,492,0.23250821232795715
1648770324.8684406,518,0.08889301866292953
1648770325.154736,536,0.03851554915308952
1648770325.2660239,543,0.17762862145900726
1648770325.4108486,552,0.0791047140955925
1648770325.4411588,554,0.11100289225578308
1648770325.6919525,570,0.11142884939908981
1648770325.8518808,580,0.15626828372478485
1648770326.215078,603,0.04046149551868439
1648770326.278471,607,0.1285894811153412
1648770326.3904817,614,0.07755893468856812
1648770326.439491,617,0.06953957676887512
1648770326.455155,618,0.020138410851359367
1648770326.5692298,625,0.029561230912804604
1648770326.599946,627,0.07707598060369492
1648770326.6483057,630,0.08372533321380615
1648770327.011757,653,0.07022456079721451
1648770327.24835,668,0.07425399869680405
1648770327.5490806,687,0.011276359669864178
1648770327.597999,690,0.058864954859018326
1648770328.0103855,716,0.07204238325357437
1648770328.1066966,722,0.0869460478425026
1648770328.122655,723,0.06766080111265182
1648770328.2643824,732,0.07833346724510193
1648770329.0469856,781,0.06716534495353699
1648770329.1432157,787,0.04311996325850487
1648770329.175136,789,0.03376762568950653
1648770329.3991325,803,0.10024100542068481
1648770329.671374,820,0.09353286772966385
1648770329.6868205,821,0.11961735039949417
1648770329.8465736,831,0.03236004337668419
1648770330.182142,852,0.09123220294713974
1648770330.2635367,857,0.019095659255981445
1648770330.5526702,875,0.0433412529528141
1648770330.8263674,892,0.03741363808512688
1648770331.1774757,914,0.03533652797341347
1648770331.2115927,916,0.033022768795490265
1648770333.104678,944,0.02291211485862732
1648770333.5883946,973,0.015422342345118523
1648770333.8746116,991,0.03313808515667915
1648770334.5576162,1034,0.033593423664569855
1648770334.6799011,1041,0.0242139995098114
1648770335.308129,1076,0.07575506716966629
1648770335.9262686,1113,0.08238092809915543
1648770335.9441683,1114,0.03615351766347885
1648770336.955956,1177,0.06056126952171326
1648770337.1785934,1191,0.0653572678565979
1648770337.3221278,1200,0.0364978164434433
1648770337.5635192,1215,0.05496171861886978
1648770337.595353,1217,0.07692168653011322
1648770337.6112723,1218,0.044710561633110046
1648770337.6755216,1222,0.06361304968595505
1648770337.6913016,1223,0.009671898558735847
1648770337.7230666,1225,0.04272323474287987
1648770337.8030972,1230,0.026288535445928574
1648770338.253533,1258,0.035852983593940735
1648770338.4943178,1273,0.05491768568754196
1648770338.734712,1288,0.03532114997506142
1648770338.880058,1297,0.05640309303998947
1648770338.991983,1304,0.11133057624101639
1648770339.4111612,1330,0.05856270343065262
1648770339.4612603,1333,0.019344506785273552
1648770339.5584238,1339,0.03463128209114075
1648770340.2223952,1380,0.05511796846985817
1648770340.301007,1385,0.11269889771938324
1648770340.3510551,1388,0.06775747239589691
1648770342.0999012,1409,0.09547796845436096
1648770342.1156673,1410,0.03195987269282341
1648770342.6990256,1447,0.012109505943953991
1648770342.809814,1454,0.03547202795743942
1648770342.8733332,1458,0.013048655353486538
1648770342.9369428,1462,0.026257628574967384
1648770343.0492206,1469,0.019995007663965225
1648770343.095898,1472,0.013570435345172882
1648770343.1884346,1478,0.0545634925365448
1648770343.3153832,1486,0.03613600507378578
1648770343.6329246,1506,0.023570112884044647
1648770343.804567,1517,0.014090889133512974
1648770344.3619044,1552,0.023263057693839073
1648770344.6165352,1568,0.05548999086022377
1648770344.7426262,1576,0.020193031057715416
1648770345.1431816,1601,0.036411214619874954
1648770345.3354642,1613,0.0665673092007637
1648770345.41584,1618,0.019688613712787628
1648770345.6393065,1632,0.026029488071799278
1648770345.8146768,1643,0.05743022263050079
1648770346.0876598,1660,0.07877764105796814
1648770346.1681192,1665,0.023194007575511932
1648770346.2801208,1672,0.016617875546216965
1648770346.6320376,1694,0.019827714189887047
1648770347.2382607,1732,0.005290507338941097
1648770348.1395614,1788,0.005767136346548796
1648770348.2667015,1796,0.02965225838124752
1648770348.3001516,1798,0.0900176540017128
1648770348.6035426,1817,0.010302823036909103
1648770348.6193435,1818,0.09402534365653992
1648770348.9113345,1836,0.018517903983592987
1648770348.9592865,1839,0.01211790181696415
1648770349.3597188,1864,0.00658726179972291
1648770349.3755348,1865,0.017019428312778473
1648770351.1553543,1886,0.030688606202602386
1648770351.683624,1919,0.017283067107200623
1648770352.5045667,1971,0.004938873462378979
1648770352.5537627,1974,0.023400312289595604
1648770352.695768,1983,0.024232156574726105
1648770353.5218534,2035,0.006558739580214024
1648770353.7123826,2047,0.00927665363997221
1648770353.853474,2056,0.02644725702702999
1648770353.9013183,2059,0.00771596934646368
1648770353.996077,2065,0.05816018208861351
1648770354.0115573,2066,0.01065264455974102
1648770354.0424476,2068,0.038942232728004456
1648770354.091275,2071,0.014163210988044739
1648770354.1370447,2074,0.011792458593845367
1648770354.5302203,2099,0.028051957488059998
1648770354.6078436,2104,0.05352487415075302
1648770354.686611,2109,0.028082536533474922
1648770355.1821427,2140,0.08774738013744354
1648770355.2470403,2144,0.06455150991678238
1648770355.2784524,2146,0.016760384663939476
1648770355.487337,2159,0.04874766245484352
1648770355.8254948,2180,0.0991835817694664
1648770355.889877,2184,0.031344592571258545
1648770356.3076477,2210,0.038964010775089264
1648770356.739416,2237,0.013708445243537426
1648770356.8048165,2241,0.013414116576313972
1648770356.950208,2250,0.005691232159733772
1648770357.1296105,2261,0.0923738032579422
1648770357.3050945,2272,0.009256871417164803
1648770357.371069,2276,0.006735095288604498
1648770358.2567713,2331,0.011038081720471382
1648770358.3673756,2338,0.04677541181445122
1648770358.3833888,2339,0.02285054512321949
1648770359.971099,2345,0.009315356612205505
1648770359.999899,2347,0.01014969777315855
1648770360.7934403,2397,0.005397184751927853
1648770360.872867,2402,0.03475705161690712
1648770360.8885586,2403,0.026148246601223946
1648770360.9527144,2407,0.03357443958520889
1648770361.3867018,2434,0.0007934085442684591
1648770361.4666889,2439,0.052292775362730026
1648770361.515779,2442,0.00793843250721693
1648770361.8994222,2466,0.017139311879873276
1648770362.2073367,2485,0.020559415221214294
1648770362.2838585,2490,0.017289839684963226
1648770363.2300935,2549,0.010111382231116295
1648770364.6635263,2639,0.03199475631117821
1648770364.695283,2641,0.013186714611947536
1648770364.7607503,2645,0.0025949019473046064
1648770364.791598,2647,0.020690441131591797
1648770364.8073142,2648,0.05106997489929199
1648770364.9351575,2656,0.0015178814064711332
1648770365.112165,2667,0.0047792657278478146
1648770366.2364044,2738,0.024691937491297722
1648770366.2676694,2740,0.053723372519016266
1648770366.3481987,2745,0.029665883630514145
1648770366.5705943,2759,0.052500199526548386
1648770366.5858977,2760,0.00569463474676013
1648770366.983788,2785,0.003442870220169425
1648770369.3773818,2839,0.007924718782305717
1648770369.4551773,2844,0.013594777323305607
1648770369.6481836,2856,0.008089177310466766
1648770369.7602527,2863,0.027783265337347984
1648770369.9353344,2874,0.02927178516983986
1648770369.981881,2877,0.013623908162117004
1648770370.9232326,2934,0.039832472801208496
1648770370.9571507,2936,0.0009717868524603546
1648770371.3264546,2957,0.008464155718684196
1648770371.741508,2981,0.002776965731754899
1648770371.834413,2986,0.003850493347272277
1648770372.1270769,3003,0.07426381856203079
1648770372.8720515,3046,0.007929796352982521
1648770372.8895874,3047,0.002525526797398925
1648770372.9084437,3048,0.01842419058084488
1648770372.9453087,3050,0.005382462404668331
1648770373.2881508,3070,0.004433133639395237
1648770373.3919277,3076,0.015424679033458233
1648770373.780461,3099,0.01918695494532585
1648770374.303531,3130,0.033856481313705444
1648770374.3190336,3131,0.01103992573916912
1648770374.4293976,3138,0.009418070316314697
1648770374.638436,3151,0.08461139351129532
1648770374.702081,3155,0.008508558385074139
1648770374.7996008,3161,0.0014976458624005318
1648770374.8975122,3167,0.024128515273332596
1648770375.011851,3174,0.08312564343214035
1648770375.507673,3205,0.034346580505371094
1648770375.539053,3207,0.05317652225494385
1648770375.5544133,3208,0.01744610257446766
1648770375.6005292,3211,0.003393926890566945
1648770375.9002976,3230,0.015771929174661636
1648770375.948115,3233,0.012891403399407864
1648770376.3266313,3257,0.0031749471090734005
1648770376.5007212,3268,0.0018442323198541999
1648770376.7111506,3281,0.026217149570584297
1648770378.3620377,3289,0.06869412213563919
1648770378.5276356,3299,0.003541048616170883
1648770378.6855872,3308,0.0030750716105103493
1648770378.8976882,3320,0.005149726290255785
1648770378.9323566,3322,0.028503691777586937
1648770379.2392735,3339,0.002383094048127532
1648770379.37166,3346,0.00794424582272768
1648770379.8683121,3374,0.014354709535837173
1648770380.2689376,3397,0.0068559772334992886
1648770380.2843084,3398,0.012413839809596539
1648770380.4456358,3408,0.00506962975487113
1648770380.660647,3421,0.017101002857089043
1648770380.835575,3432,0.004806716926395893
1648770381.4301827,3469,0.0021565472707152367
1648770381.866737,3496,0.06728428602218628
1648770381.9963522,3504,0.055200137197971344
1648770382.315406,3524,0.04906725138425827
1648770382.5157027,3537,0.03698224574327469
1648770382.5930896,3542,0.017525076866149902
1648770382.6102417,3543,0.0024751180317252874
1648770382.6721225,3547,0.008135313168168068
1648770383.187112,3580,0.031180592253804207
1648770383.5345657,3602,0.002795400330796838
1648770383.7731261,3617,0.0009000392747111619
1648770384.0272422,3633,0.0029915489722043276
1648770384.2649682,3648,0.001207465073093772
1648770384.7217863,3677,0.0494576171040535
1648770385.1333904,3703,0.004306011367589235
1648770385.291568,3713,0.0032510755117982626
1648770387.993481,3792,0.004149096552282572
1648770388.1042345,3799,0.030668070539832115
1648770388.2947943,3811,0.0014509777538478374
1648770388.452352,3821,0.007399755530059338
1648770388.6257496,3832,0.00650552473962307
1648770388.9411323,3852,0.0011423461837694049
1648770389.1606483,3866,0.011107007041573524
1648770389.2841356,3873,0.004645942244678736
1648770390.5453622,3950,0.002803608076646924
1648770390.5608265,3951,0.0012599659385159612
1648770390.9298875,3974,0.009681056253612041
1648770390.9452538,3975,0.003478938713669777
1648770391.2307286,3993,0.023466680198907852
1648770391.3420084,4000,0.05317272990942001
1648770391.4217105,4005,0.017943793907761574
1648770391.6612213,4020,0.00848847534507513
1648770391.9375908,4037,0.006601112429052591
1648770392.0820305,4046,0.017911117523908615
1648770392.2424164,4056,0.04006262868642807
1648770392.400032,4066,0.015031205490231514
1648770392.7528222,4088,0.017789501696825027
1648770392.981751,4102,0.007140074856579304
1648770393.4467824,4131,0.016670184209942818
1648770393.6063237,4141,0.0009757507941685617
1648770393.702372,4147,0.003014532383531332
1648770394.3903794,4190,0.06349121034145355
1648770394.5663419,4201,0.017690999433398247
1648770394.5967333,4203,0.0015710992738604546
1648770394.7228353,4211,0.0014179536374285817
1648770394.8389785,4218,0.00417946046218276
1648770396.6909406,4244,0.0006781157571822405
1648770396.7555037,4248,0.0032905079424381256
1648770397.3078296,4280,0.0221658106893301
1648770398.1821988,4331,0.001807713066227734
1648770398.4196668,4344,0.000857687322422862
1648770398.651532,4358,0.017885521054267883
1648770398.6675282,4359,0.0022950475104153156
1648770398.7476873,4364,0.01239387970417738
1648770399.1411815,4389,0.004693574737757444
1648770399.4221668,4406,0.04090719297528267
1648770399.7854373,4429,0.0017424864927306771
1648770399.831846,4432,0.003940824419260025
1648770399.9430492,4439,0.009274262003600597
1648770400.243085,4458,0.005907572340220213
1648770400.4016993,4468,0.005358728114515543
1648770400.5904558,4480,0.017096618190407753
1648770400.733699,4489,0.017788654193282127
1648770400.922066,4501,0.03550075739622116
1648770401.0971613,4512,0.03742211312055588
1648770401.3031986,4525,0.0018927180208265781
1648770402.0772986,4574,0.0006859382265247405
1648770402.6309311,4609,0.024334726855158806
1648770402.7092297,4614,0.0016195443458855152
1648770403.0065281,4633,0.03987425938248634
1648770403.0537083,4636,0.0046687680296599865
1648770403.1798747,4644,0.003911493346095085
1648770403.211539,4646,0.01764087751507759
1648770403.450363,4661,0.005339102819561958
1648770403.5949175,4670,0.019886024296283722
1648770403.7401745,4679,0.005547404754906893
1648770405.4795573,4699,0.000997103750705719
1648770405.591637,4706,0.00497713265940547
1648770405.623036,4708,0.008451949805021286
1648770405.9406507,4728,0.0002607782371342182
1648770406.1845481,4743,0.0026648580096662045
1648770406.6279538,4770,0.0021181912161409855
1648770407.0280888,4794,0.0016579997027292848
1648770407.1998258,4804,0.007747300434857607
1648770407.2637894,4808,0.0015612589195370674
1648770407.636463,4830,0.003200870007276535
1648770407.7480633,4837,0.00043581341742537916
1648770407.7955182,4840,0.0007649590261280537
1648770407.962138,4850,0.0011978840921074152
1648770408.530316,4883,0.0040098391473293304
1648770408.6947625,4893,0.003440650412812829
1648770408.8462455,4902,0.0012339325621724129
1648770409.0760121,4916,0.000594310462474823
1648770409.5748649,4948,0.00014224204642232507
1648770409.6226513,4951,0.0010046539828181267
1648770409.9907675,4973,0.0067777084186673164
1648770410.0078886,4974,0.003219802398234606
1648770410.3512323,4995,0.0006305456045083702
1648770410.4796894,5003,0.000707351544406265
1648770410.6885562,5016,0.0033161158207803965
1648770410.9140923,5030,0.0006431780639104545
1648770411.0615208,5039,0.002223505172878504
1648770411.2089667,5048,0.0008955645025707781
1648770411.3027658,5054,0.0005836497875861824
1648770411.512366,5067,0.024665379896759987
1648770411.6602864,5076,0.000524339557159692
1648770412.1927338,5109,0.002272418001666665
1648770412.400662,5122,0.005282804369926453
1648770412.8971267,5153,0.0008390779257752001
1648770414.8875587,5189,0.006245009135454893
1648770415.111376,5203,0.029062051326036453
1648770415.1758618,5207,0.0008628359064459801
1648770415.3512108,5218,0.0008688874077051878
1648770415.4950552,5227,0.0019966820254921913
1648770415.5276828,5229,0.001803434919565916
1648770415.639985,5236,0.006002060137689114
1648770415.739126,5242,0.0031002038158476353
1648770416.536313,5287,0.0017694096313789487
1648770416.911669,5308,0.02507050335407257
1648770417.036753,5315,0.003892195178195834
1648770417.2149477,5325,0.0028963275253772736
1648770417.283966,5329,0.002511461265385151
1648770417.5240545,5344,0.0011245857458561659
1648770417.5396423,5345,0.0006771332700736821
1648770417.5713716,5347,0.0030617823358625174
1648770417.7320662,5357,0.0016386801144108176
1648770417.7635007,5359,0.0011755878804251552
1648770417.859522,5365,0.0018009626073762774
1648770417.8750532,5366,0.014426862820982933
1648770418.1838276,5385,0.0017260578460991383
1648770418.5746715,5408,0.006005981471389532
1648770418.5896535,5409,0.001907169003970921
1648770419.0488005,5438,0.0016803770558908582
1648770419.0821397,5440,0.007768827024847269
1648770419.1127565,5442,0.002823104150593281
1648770419.1593587,5445,0.0010105400579050183
1648770419.251955,5451,0.0027624652720987797
1648770419.3460197,5457,0.0005381552036851645
1648770419.805815,5486,0.0033604397904127836
1648770419.8216038,5487,0.000870341551490128
1648770420.0496793,5501,0.0008267152006737888
1648770420.3287966,5518,0.0006327736773528159
1648770420.3487933,5519,0.0004115229530725628
1648770420.6834958,5538,0.0007625182042829692
1648770420.990117,5557,0.0008985527092590928
1648770421.1704812,5567,0.00023449561558663845
1648770421.2581775,5572,0.0020038739312440157
1648770421.3237433,5576,0.0021032304503023624
1648770421.5133345,5588,0.001544193597510457
1648770421.6465683,5596,0.0011115657398477197
1648770421.6626143,5597,0.0012475789990276098
1648770421.709346,5600,0.00284994812682271
1648770421.805742,5606,0.02586420252919197
1648770421.8533614,5609,0.0013596998760476708
1648770421.886969,5611,0.0005155064282007515
1648770422.0997002,5623,0.008339152671396732
1648770423.829807,5638,0.00043325312435626984
1648770424.1133041,5654,0.0016370810335502028
1648770424.687019,5686,0.0013926319079473615
1648770424.7411563,5689,0.0018093063263222575
1648770425.0902734,5710,0.0018631387501955032
1648770425.74307,5751,0.002106706378981471
1648770425.9702916,5765,0.001949395751580596
1648770426.277875,5783,0.0018837308743968606
1648770426.3418946,5787,0.0029218685813248158
1648770426.4203618,5792,0.0004154300258960575
1648770426.6076717,5804,0.016658509150147438
1648770426.8621728,5820,0.0005032602930441499
1648770427.1345253,5837,0.002131418092176318
1648770427.170443,5839,0.0045012119226157665
1648770427.422515,5853,0.0008170560467988253
1648770427.5290062,5859,0.0016857411246746778
1648770428.1178184,5895,0.003579540643841028
1648770428.514098,5920,0.00018894286768045276
1648770428.5308764,5921,0.00022705616720486432
1648770428.5881267,5924,0.00040108044049702585
1648770428.9024172,5942,0.024686912074685097
1648770428.9493315,5945,0.0009410622296854854
1648770429.2563045,5964,0.0009614255977794528
1648770429.4305,5975,0.0019858512096107006
1648770429.6072946,5986,0.0011635160772129893
1648770429.7516093,5995,0.00018870661733672023
1648770429.9635565,6008,0.001323859440162778
1648770429.9953158,6010,0.0009364978759549558
1648770430.1231194,6018,0.000819463690277189
1648770430.5277462,6043,0.001061369082890451
1648770430.6408145,6050,0.010132481344044209
1648770430.8362055,6062,0.0004259355482645333
1648770430.949425,6069,0.0005509184557013214
1648770431.1730106,6083,0.0004385623906273395
1648770432.864224,6100,0.011202341876924038
1648770433.124075,6116,0.0011276827426627278
1648770433.157282,6118,0.000692901317961514
1648770433.1896958,6120,0.001108490745536983
1648770433.4022715,6133,0.000308139220578596
1648770433.715535,6152,0.00023270845122169703
1648770434.0387118,6172,0.0019743959419429302
1648770434.1518683,6179,0.0030856167431920767
1648770434.168907,6180,0.001010111067444086
1648770434.689868,6211,0.0014517201343551278
1648770435.0362751,6232,0.00407126871868968
1648770435.3159688,6248,0.0004006507224403322
1648770435.3312051,6249,0.00037952448474243283
1648770435.4876702,6259,0.0010312885278835893
1648770435.552817,6263,0.0003762990527320653
1648770436.0750666,6295,0.0007381616742350161
1648770436.0913286,6296,0.0004154263297095895
1648770436.206245,6303,0.000998554052785039
1648770436.224526,6304,0.0003725167189259082
1648770436.5342546,6322,0.0012519489973783493
1648770436.5670674,6324,0.0011212000390514731
1648770436.6127813,6327,0.0023693519178777933
1648770436.7238317,6334,0.003245311789214611
1648770437.1519005,6360,0.0010364569025114179
1648770437.2911966,6368,0.005649701226502657
1648770437.626519,6389,0.00043590148561634123
1648770437.803107,6400,0.000955936498939991
1648770437.9473653,6409,0.0029070747550576925
1648770438.0257843,6414,0.0003997204767074436
1648770438.137664,6421,0.0007002688362263143
1648770438.3127024,6432,0.0012100961757823825
1648770438.5924692,6450,0.0010303177405148745
1648770438.6688163,6455,0.0011220229789614677
1648770438.8270767,6465,0.0007416150765493512
1648770439.4129581,6500,0.0016762972809374332
1648770439.7638147,6522,0.0007568882429040968
1648770439.876704,6529,0.00019416888244450092
1648770440.2881951,6555,0.014023141004145145
1648770440.3821387,6561,0.0011605625040829182
1648770442.1035848,6575,0.00214978214353323
1648770442.470632,6598,0.0024232633877545595
1648770442.6028178,6606,0.0018959387671202421
1648770442.8315833,6619,0.0009433935629203916
1648770442.8976977,6623,0.0014945559669286013
1648770442.978938,6628,0.001606395817361772
1648770443.4912,6658,0.0011782229412347078
1648770443.5077622,6659,0.0003120525798294693
1648770444.0145175,6691,0.0008393886382691562
1648770444.0455227,6693,0.01644134521484375
1648770444.5831048,6727,0.0010977752972394228
1648770444.616019,6729,0.0025421015452593565
1648770444.6475863,6731,0.0012056996347382665
1648770444.9813037,6752,0.0024408402387052774
1648770445.0117342,6754,0.0013354773400351405
1648770445.8513968,6807,0.0015213745646178722
1648770446.1039844,6823,0.00044719144352711737
1648770446.1508482,6826,0.0007406612858176231
1648770446.52584,6849,0.00027647559181787074
1648770446.8499365,6869,0.00024043660960160196
1648770446.976512,6877,0.005265936721116304
1648770447.3428867,6900,0.0005271417321637273
1648770447.4545264,6907,0.0013914031442254782
1648770448.3040626,6958,0.000372076581697911
1648770448.4634311,6968,0.013940367847681046
1648770448.5445468,6973,0.00042614585254341364
1648770448.9079654,6996,0.001168384333141148
1648770448.954298,6999,0.0003884637844748795
1648770449.3071027,7021,0.0014067587908357382
1648770449.387757,7026,0.0005106175667606294
1648770451.1903572,7046,0.0006171238492242992
1648770451.2237833,7048,0.0016441959887742996
1648770451.4252987,7060,0.0013619783567264676
1648770451.7283666,7078,0.0025500876363366842
1648770451.825529,7084,0.0013065329985693097
1648770452.2748027,7112,0.002415342954918742
1648770452.4355721,7122,0.0003071055398322642
1648770452.7344368,7141,0.0016396251739934087
1648770452.8251812,7146,0.0017095098737627268
1648770452.8633926,7148,0.000884290027897805
1648770453.6999059,7198,0.0010708434274420142
1648770453.7972867,7204,0.0032389850821346045
1648770453.889664,7210,0.0010542281670495868
1648770453.9082875,7211,0.0004179764655418694
1648770454.3237717,7237,0.0012487835483625531
1648770454.4886,7247,0.001117800478823483
1648770454.6677632,7258,0.024379953742027283
1648770454.9560068,7276,0.0021034691017121077
1648770455.0832217,7284,0.0010290425270795822
1648770455.1639166,7289,0.011489124968647957
1648770455.3073947,7298,0.0009564066422171891
1648770455.4838974,7309,0.0016283587319776416
1648770455.673775,7321,0.000892572570592165
1648770456.2602255,7358,0.0018534809350967407
1648770456.5911672,7379,0.00023761737975291908
1648770456.7944894,7392,0.0011348904808983207
1648770457.0023508,7405,0.0006761793047189713
1648770457.1648178,7415,0.0014701694017276168
1648770457.5789783,7440,0.0011349930427968502
1648770458.00382,7466,0.0003289846354164183
1648770458.035177,7468,0.0025796161498874426
1648770458.0688384,7470,0.00036025766166858375
1648770458.5427077,7499,0.0012284272816032171
1648770460.1615837,7507,0.0006551852566190064
1648770460.3463035,7518,0.0010494786547496915
1648770460.4947278,7527,0.00075368961552158
1648770460.5972998,7533,0.00018575970898382366
1648770461.2593808,7572,0.0018203883664682508
1648770461.6812701,7595,0.13387732207775116
1648770461.7480435,7599,0.0008567845216020942
1648770461.7963183,7602,0.0008310840930789709
1648770461.812279,7603,0.0006720236851833761
1648770462.0437856,7617,0.0009568834211677313
1648770462.2024271,7627,0.0006436695693992078
1648770462.2357209,7629,0.0011638622963801026
1648770462.4600337,7642,0.0001806448126444593
1648770462.4928725,7644,0.0004990449524484575
1648770463.2486432,7689,0.0008370096911676228
1648770463.3138447,7693,0.0009113650303333998
1648770463.3805358,7697,0.0009244002867490053
1648770463.442077,7701,0.0006790162296965718
1648770463.7010376,7717,0.0002733134897425771
1648770464.2117715,7749,0.0002947511966340244
1648770464.356228,7758,0.0016182641265913844
1648770464.483291,7766,0.001051928149536252
1648770464.4987392,7767,0.00037166420952416956
1648770464.578455,7772,0.0008319292683154345
1648770464.985652,7798,0.0019251293269917369
1648770465.1123009,7806,0.000680950004607439
1648770465.5837896,7836,0.0006681125378236175
1648770465.724253,7845,0.00101985945366323
1648770465.9920955,7862,0.0006286260904744267
1648770466.3524256,7885,0.0010677583049982786
1648770466.5597773,7898,0.0007041863282211125
1648770466.813557,7914,0.0005028568557463586
1648770467.0441177,7927,0.0005540435668081045
1648770467.3282654,7943,0.0015072155511006713
1648770467.3651748,7945,0.0009074799600057304
1648770467.4179902,7948,0.0018597956513985991
1648770467.6323488,7960,0.00038549836608581245
1648770467.7396958,7966,0.004544272553175688
1648770469.4306147,7982,0.0020691324025392532
1648770469.7878983,8004,0.0012008622288703918
1648770469.8189273,8006,0.000659923127386719
1648770469.8682058,8009,0.0013382703764364123
1648770470.190263,8029,0.0012255992041900754
1648770470.2781906,8034,0.000526315183378756
1648770470.3304524,8037,0.002599052619189024
1648770470.400533,8041,0.0004435884184204042
1648770470.7791457,8064,0.00910732802003622
1648770470.8431015,8068,0.0004813114064745605
1648770470.8757603,8070,0.0004029909323435277
1648770470.9548368,8075,0.0011111212661489844
1648770471.3202362,8097,0.0008446717984043062
1648770471.8017433,8127,0.0001941347582032904
1648770471.834776,8129,0.0002792954910546541
1648770471.9566398,8137,0.0006872197263874114
1648770472.1936524,8152,0.0007487857365049422
1648770472.5732825,8176,0.0011177214328199625
1648770472.8910487,8196,0.0021567626390606165
1648770473.1281123,8211,0.0006335290381684899
1648770473.2997243,8222,0.0011182849993929267
1648770473.7116055,8248,0.0007935473695397377
1648770474.0439215,8269,0.000611606112215668
1648770474.2480118,8282,0.001493884832598269
1648770474.2934754,8285,0.0009108060039579868
1648770474.3579772,8289,0.0008689116220921278
1648770474.8238945,8318,0.0002695404109545052
1648770475.386031,8353,0.000345484382705763
1648770476.0684834,8396,0.0016787120839580894
1648770476.6001842,8428,0.0032566573936492205
1648770478.3782415,8444,0.001543477876111865
1648770478.4107502,8446,0.000978269032202661
1648770478.562828,8455,0.0013909251429140568
1648770478.8094926,8470,0.0001980389206437394
1648770478.990482,8481,0.0007163290865719318
1648770479.104355,8488,0.0015260089421644807
1648770479.3994439,8506,0.0012553150299936533
1648770479.7356327,8526,0.00030056864488869905
1648770479.8039215,8530,0.0006584072252735496
1648770479.9521441,8539,0.0011075924849137664
1648770480.0977957,8548,0.00027221793425269425
1648770480.3064222,8560,0.00033212554990313947
1648770480.35372,8563,0.00011086509039159864
1648770480.9019656,8596,0.0006741723045706749
1648770481.1560407,8611,0.0005234427517279983
1648770481.5723445,8635,0.0016985300462692976
1648770481.9582095,8658,0.001338352682068944
1648770482.0077014,8661,0.0021154657006263733
1648770482.0235858,8662,0.0009853914380073547
1648770482.0394115,8663,0.0004237554385326803
1648770482.6836226,8703,0.0007983331452123821
1648770483.4624965,8752,0.000734823290258646
1648770483.4965053,8754,0.00040681494283489883
1648770483.6226358,8762,0.0005519857513718307
1648770483.8616967,8777,0.0007382382173091173
1648770484.179426,8797,0.002233202336356044
1648770484.7955408,8836,0.00048146245535463095
1648770484.842108,8839,0.011457852087914944
1648770485.193509,8861,0.00026263523614034057
1648770485.305324,8868,0.00043315047514624894
1648770485.641477,8889,0.00023771233099978417
1648770485.7220614,8894,0.0008076654630713165
1648770485.898458,8905,0.001714320620521903
1648770485.9609828,8909,0.00045425863936543465
1648770487.4510984,8912,0.0009515486308373511
1648770487.7454174,8929,0.0002574833924882114
1648770488.0870261,8948,0.0003153148863930255
1648770488.1212056,8950,0.001173927797935903
1648770488.4193354,8967,0.0007192247430793941
1648770488.8519754,8991,0.0007122518727555871
1648770488.9254105,8995,0.00044862698996439576
1648770489.1828194,9011,0.0008252464467659593
1648770489.213814,9013,0.0008766293758526444
1648770489.2623818,9016,0.0007639747345820069
1648770489.2772083,9017,0.0012841224670410156
1648770489.292727,9018,0.0012608043616637588
1648770489.6862314,9043,0.00131885870359838
1648770490.2303584,9077,0.0014100796543061733
1648770490.9893758,9123,0.0017627229681238532
1648770491.0351863,9126,0.0005007355939596891
1648770491.352404,9144,0.0008644653134979308
1648770491.777463,9171,0.000266291230218485
1648770492.1583498,9195,0.0004108933499082923
1648770492.293072,9203,0.0005239943275228143
1648770492.309663,9204,0.0011161089641973376
1648770492.521348,9217,0.0015089273219928145
1648770493.0505311,9251,0.0051267193630337715
1648770493.3595734,9271,0.0006992138805799186
1648770493.4841545,9279,0.0009930637897923589
1648770493.6746492,9291,0.0008272028062492609
1648770493.9421604,9308,0.0002803440438583493
1648770494.072733,9316,0.0014353113947436213
1648770494.4608421,9339,0.0004971665912307799
1648770496.782559,9393,0.0011284204665571451
1648770496.8759024,9399,0.0011361499782651663
1648770496.89377,9400,0.00014335369633045048
1648770496.9400718,9403,0.0005652607069350779
1648770496.9716299,9405,0.0005470890318974853
1648770497.035497,9409,0.0004068034468218684
1648770497.1304018,9415,0.0005934407818131149
1648770497.3679795,9430,0.0002507055178284645
1648770497.4791853,9437,0.000711713801138103
1648770497.7965515,9457,0.0005988028715364635
1648770497.9089332,9464,0.0002728927065618336
1648770499.163448,9538,0.0003533639246597886
1648770500.013675,9591,0.0004434811125975102
1648770500.5318458,9622,0.00013567425776273012
1648770500.7759824,9636,0.0019273031502962112
1648770501.2594733,9666,0.009767882525920868
1648770501.2937334,9668,0.0010569040896371007
1648770501.3127553,9669,0.009904516860842705
1648770501.4485586,9677,0.0005477234371937811
1648770502.2177377,9721,0.0009414537926204503
1648770502.287577,9725,0.0007764439797028899
1648770502.383278,9731,0.0021354476921260357
1648770502.6031077,9745,0.0004224784206598997
1648770502.6577845,9748,0.0012612997088581324
1648770502.7092302,9751,0.0013485566014423966
1648770503.6289952,9809,0.00038500636583194137
1648770503.785219,9819,0.0005897707887925208
1648770504.002322,9833,0.0004933653399348259
1648770504.2306643,9848,0.0005977869732305408
1648770505.7087936,9849,0.0002559798595029861
1648770505.8829935,9860,0.0018361801048740745
1648770506.4891043,9898,0.0012129381066188216
1648770506.5675988,9903,0.003722443478181958
1648770506.6162586,9906,0.0014272400876507163
1648770506.631799,9907,0.0005100282141938806
1648770506.6784732,9910,0.00021331296011339873
1648770506.7123382,9912,0.00042368238791823387
1648770507.2736719,9945,0.0006668277783319354
1648770507.41906,9954,0.0006713395123369992
1648770507.4348633,9955,0.0016382181784138083
1648770507.578045,9964,0.0007321051089093089
1648770507.7057135,9972,0.0004100449732504785
1648770508.176988,10000,0.0014215793926268816
1648770508.3045096,10008,0.0009149572579190135
1648770508.947904,10048,7.435035513481125e-05
1648770509.368723,10071,0.00043992517748847604
1648770509.4961183,10079,0.00011679397721309215
1648770509.5442739,10082,0.002281511900946498
1648770509.6055048,10086,0.0002143165038432926
1648770509.8875039,10104,0.0002458395319990814
1648770510.3660502,10133,0.0019061974016949534
1648770510.4950001,10141,0.00036234722938388586
1648770510.548218,10144,0.0005491528427228332
1648770510.6317255,10149,0.000515868014190346
1648770510.9426205,10168,0.0012514452682808042
1648770511.167763,10182,0.0005894125788472593
1648770511.1832948,10183,0.0002540889836382121
1648770511.8092065,10221,0.001485002925619483
1648770511.9167166,10228,0.0015067727072164416
1648770511.9343443,10229,0.003919410053640604
1648770512.0227041,10234,0.0005841001984663308
1648770512.0765805,10237,0.001005847007036209
1648770512.0930889,10238,0.0002291587443323806
1648770512.2446172,10247,0.009986660443246365
1648770512.483942,10262,0.008056245744228363
1648770513.0504925,10297,0.0010273916414007545
1648770514.8999455,10322,0.00032441873918287456
1648770515.0810666,10333,0.0005401921807788312
1648770515.2776363,10344,0.0017249617958441377
1648770515.3153012,10346,0.0005416367785073817
1648770515.4077737,10351,0.00034924483043141663
1648770515.6910162,10367,0.0010440117912366986
1648770515.767968,10372,0.0007247515604831278
1648770515.9595284,10384,0.001652300008572638
1648770516.0397832,10389,0.0018364558927714825
1648770516.2603889,10403,0.00147652393206954
1648770516.4008594,10412,0.001016652793623507
1648770516.7010257,10430,0.0005966314347460866
1648770516.8087306,10436,0.000412475987104699
1648770517.0501513,10451,0.0009080262389034033
1648770517.3073769,10467,0.001671590725891292
1648770517.5253773,10480,0.0004953974857926369
1648770517.6303911,10486,0.00046818546252325177
1648770517.764061,10494,0.0008351238793693483
1648770517.8272333,10498,0.0006278741639107466
1648770518.30678,10527,0.000607356196269393
1648770518.5533242,10542,0.00042980327270925045
1648770519.2030303,10582,0.0006691887392662466
1648770519.3982065,10594,0.0007813232368789613
1648770519.5776992,10605,0.00020288977248128504
1648770519.7070293,10613,0.00037136604078114033
1648770520.2080414,10644,0.0009578830213285983
1648770520.3225577,10651,0.0006259841029532254
1648770520.3881772,10655,0.00033283597440458834
1648770520.4856606,10661,0.00041732110548764467
1648770520.5980654,10668,0.0011362320510670543
1648770520.7120955,10675,0.0006798687390983105
1648770520.8762858,10685,0.0017855262849479914
1648770520.9911516,10692,0.0010659729596227407
1648770521.4156632,10718,0.0008584701572544873
1648770522.085553,10759,0.00030794739723205566
1648770522.1162372,10761,0.00034504791256040335
1648770522.1317303,10762,0.0007083774544298649
1648770522.229485,10768,0.0016392250545322895
1648770522.29214,10772,0.00015752200852148235
1648770522.3567028,10776,5.8808345784200355e-05
1648770522.3721163,10777,0.0005630966043099761
1648770524.148182,10797,0.0002264677023049444
1648770524.7764807,10836,0.000342260958859697
1648770524.8394403,10840,0.00019173169857822359
1648770525.0124826,10850,0.0004108875000383705
1648770525.3277373,10868,0.0010906034149229527
1648770525.4129646,10873,0.0001747607602737844
1648770525.4599717,10876,0.0014915862120687962
1648770525.4913502,10878,0.0007226928719319403
1648770525.5261438,10880,0.00020828249398618937
1648770526.0233295,10911,0.00019374171097297221
1648770527.2474253,10985,0.00031823560129851103
1648770527.3864741,10994,0.0006074742414057255
1648770528.067263,11037,0.0006836950196884573
1648770528.4063034,11058,0.018038636073470116
1648770528.487307,11063,0.00042721471982076764
1648770528.5674038,11068,0.0023279760498553514
1648770528.646796,11073,0.00027832825435325503
1648770529.0001564,11095,0.00034122777287848294
1648770529.3836308,11119,0.000893615884706378
1648770529.526478,11128,0.0013052639551460743
1648770529.6220355,11134,0.000671603309456259
1648770530.0476048,11161,0.0024857744574546814
1648770530.062968,11162,0.00031749310437589884
1648770530.1417212,11167,0.00038530147867277265
1648770530.4546466,11186,0.0012123256456106901
1648770530.4880264,11188,0.0007093186723068357
1648770530.5347016,11191,0.0007084196549840271
1648770530.6300316,11197,0.001481335610151291
1648770531.1191833,11228,0.00038466049591079354
1648770531.1993275,11233,0.00016669422620907426
1648770531.2307317,11235,0.01361781731247902
1648770533.530599,11283,0.00011951664055231959
1648770533.585152,11286,0.000991747248917818
1648770533.8850725,11303,0.0007478751940652728
1648770534.0605323,11313,0.0016019957838580012
1648770534.3987188,11332,0.0006851297803223133
1648770534.506855,11338,0.00012453470844775438
1648770534.6684887,11348,0.000609979557339102
1648770534.6841137,11349,0.001822891877964139
1648770534.7808597,11355,0.0031651128083467484
1648770534.8276982,11358,0.0005259569152258337
1648770535.3318136,11389,0.0007550506270490587
1648770535.4138389,11394,0.0011576794786378741
1648770535.4648292,11397,0.0003371945640537888
1648770535.5586007,11403,0.00025064838700927794
1648770535.639646,11408,0.0008530986960977316
1648770536.5338151,11461,0.0003641539951786399
1648770536.7082963,11471,0.0009723319089971483
1648770537.2882411,11507,0.0007584178238175809
1648770537.5320897,11522,0.0003603853692766279
1648770537.5478623,11523,0.00040425374754704535
1648770538.3080812,11569,0.00029844132950529456
1648770538.6751873,11591,0.00073778978548944
1648770539.2837949,11627,0.001912771025672555
1648770539.7485173,11655,0.0004425265942700207
1648770539.9699357,11669,0.0007064216770231724
1648770540.266358,11686,0.0003851675137411803
1648770540.580471,11705,0.0008585330797359347
1648770540.6601217,11710,0.00043665021075867116
1648770540.791267,11718,0.0004946338594891131
1648770540.8571343,11722,0.0003197469632141292
1648770542.3607771,11726,0.0005568046472035348
1648770542.523184,11736,0.0004815338470507413
1648770542.996257,11765,0.0005448604933917522
1648770543.1078787,11772,0.00017911885515786707
1648770543.2972507,11784,0.0022566046100109816
1648770543.723618,11811,0.0005418934742920101
1648770543.8968172,11822,5.031437103752978e-05
1648770543.9113028,11823,0.0012193716829642653
1648770544.0656466,11833,0.0028932993300259113
1648770544.0809655,11834,0.0004886124515905976
1648770544.2545745,11845,0.001703195390291512
1648770544.2695122,11846,0.00037942471681162715
1648770544.5328488,11863,0.00042017988744191825
1648770544.6441586,11870,0.0007103501120582223
1648770545.0718057,11897,0.0008248390513472259
1648770545.1356068,11901,0.0005363995442166924
1648770545.3368068,11914,0.0007005405495874584
1648770545.6830723,11936,0.0012105257483199239
1648770545.8253453,11945,0.0007694975356571376
1648770545.840282,11946,0.007345227524638176
1648770546.0134873,11957,0.0018614059081301093
1648770546.2628481,11973,0.000816245679743588
1648770546.2933373,11975,0.0009063182515092194
1648770546.31141,11976,0.0003473112010397017
1648770546.5483165,11991,0.001199728692881763
1648770546.7875087,12006,0.0006594822043552995
1648770546.818068,12008,0.00042044962174259126
1648770546.848436,12010,0.00027868206962011755
1648770546.9117203,12014,0.00400253152474761
1648770547.7719705,12068,0.007742467802017927
1648770547.9319148,12078,0.00042487872997298837
1648770548.1085222,12089,0.0006161284982226789
1648770548.1706514,12093,0.0008687125518918037
1648770548.3159282,12102,0.0006428040214814246
1648770548.4503665,12110,0.0008671599207445979
1648770548.6081498,12119,0.0007740753353573382
1648770548.6913424,12124,0.0002643088228069246
1648770548.706995,12125,0.005814890842884779
1648770548.8494506,12134,0.00020309374667704105
1648770549.048224,12146,0.0007163408445194364
1648770549.1167705,12150,0.0005131139769218862
1648770549.4750779,12172,0.0004459898918867111
1648770549.6494186,12183,0.0003710889141075313
1648770549.7908678,12192,0.00021746481070294976
1648770551.646202,12217,0.0004572192265186459
1648770551.8534465,12229,0.0011158178094774485
1648770551.9256988,12233,0.0006295510684140027
1648770551.9965868,12237,0.00025358336279168725
1648770552.3905935,12262,0.0006995865842327476
1648770552.4743268,12267,0.0005347422556951642
1648770552.66314,12279,0.0013277335092425346
1648770552.6792214,12280,0.0014045810094103217
1648770552.6942282,12281,0.00051497743697837
1648770552.9462996,12297,0.0009706597193144262
1648770553.7969248,12349,0.002089844550937414
1648770553.875567,12354,0.00037567835533991456
1648770554.1018052,12367,0.00953705981373787
1648770554.4821062,12391,0.0007142421673052013
1648770554.8822289,12414,0.0001994412741623819
1648770554.9158835,12416,0.0011817964259535074
1648770555.3468437,12440,0.0009798497194424272
1648770555.4968467,12448,0.00012886195327155292
1648770556.0701668,12482,0.0006034963298588991
1648770556.4551058,12506,0.0010355578269809484
1648770556.6661081,12518,0.00033666682429611683
1648770557.168295,12549,0.001228638575412333
1648770557.5011063,12568,0.00015551755495835096
1648770557.706148,12581,0.0009647335391491652
1648770557.7579098,12584,0.00047576570068486035
1648770558.0161335,12599,0.0005331445718184114
1648770558.1936226,12610,0.0022376147098839283
1648770558.3378162,12619,0.0014507658779621124
1648770558.3839126,12622,0.0005384231917560101
1648770559.0297842,12661,0.0006179153569974005
1648770560.6242192,12667,0.001379618770442903
1648770560.7846794,12676,0.0005401249509304762
1648770561.1234076,12697,0.00017729827959556133
1648770561.2507386,12705,0.000801740912720561
1648770561.3714938,12712,0.000226964897592552
1648770561.6395657,12728,0.00045067406608723104
1648770562.2458372,12764,0.0008478433010168374
1648770562.5001976,12780,0.0007376358844339848
1648770562.6201026,12787,0.0012773274211212993
1648770562.823854,12799,0.0007398764719255269
1648770563.0620828,12814,0.0015693486202508211
1648770563.4530473,12838,0.001049673417583108
1648770563.9252539,12866,0.0007190658361651003
1648770564.260492,12885,0.002205638214945793
1648770564.2785976,12886,0.00038066174602136016
1648770563.7529547,12952,0.0010511749424040318
1648770564.522273,12996,0.00042744152597151697
1648770564.6665351,13005,0.0003711798635777086
1648770564.874117,13018,0.0002113816881319508
1648770565.0166404,13027,0.000667752989102155
1648770565.3896756,13050,0.0006837605615146458
1648770565.9207404,13084,0.0003787802124861628
1648770565.9682422,13087,0.0001670705823926255
1648770566.0460465,13092,0.000561382039450109
1648770566.3377254,13110,0.0009467803174629807
1648770568.3781977,13148,0.0015337229706346989
1648770568.9485042,13184,0.00022448154049925506
1648770569.2219129,13201,0.000751047395169735
1648770569.4134536,13213,0.000823014706838876
1648770569.6700065,13229,0.0020748015958815813
1648770569.816757,13238,0.00038072705501690507
1648770569.9790938,13248,0.0003681957023218274
1648770570.2731779,13266,0.0010730890790000558
1648770570.367251,13271,0.0005424395785667002
1648770570.807337,13297,0.00023046506976243109
1648770570.9753947,13307,0.0010179465170949697
1648770571.3241692,13326,0.001619025133550167
1648770571.3780103,13329,0.00011648862709989771
1648770571.4290738,13332,0.0008328933618031442
1648770571.5005598,13336,0.0006743751000612974
1648770571.5177233,13337,0.0014870141167193651
1648770571.853526,13356,0.0005086752353236079
1648770572.1201398,13370,0.00046078916057012975
1648770572.3964493,13387,0.0006836039829067886
1648770572.498449,13393,0.0006037576240487397
1648770572.6026711,13399,0.00044257662375457585
1648770572.7348115,13407,0.0009415659587830305
1648770573.517336,13456,0.0001269729109480977
1648770573.7908723,13473,0.0005452118348330259
1648770573.8524778,13477,0.0007392841507680714
1648770574.236171,13501,0.0007081932853907347
1648770574.509976,13518,0.0009145733201876283
1648770574.5255444,13519,0.0003760052495636046
1648770574.7659004,13534,0.0003893336688634008
1648770574.9891539,13548,0.0011987565085291862
1648770575.4699042,13578,0.00030032204813323915
1648770575.5008607,13580,0.000496090273372829
1648770575.6744497,13591,0.0009649819694459438
1648770575.7240505,13594,0.00035074513289146125
1648770577.421047,13610,0.000923807849176228
1648770577.8332896,13636,0.0005373349413275719
1648770577.9209566,13641,0.00021043943706899881
1648770577.9772148,13644,0.00025267485762014985
1648770578.013869,13646,0.0027666680980473757
1648770578.0664744,13649,0.0005729677504859865
1648770578.233967,13659,0.0013538120547309518
1648770578.2830095,13662,0.0008752980502322316
1648770578.3460565,13666,0.0012957442086189985
1648770578.4114928,13670,0.0018888007616624236
1648770578.449166,13672,0.0006512486143037677
1648770578.795244,13692,0.0012516697170212865
1648770578.8278356,13694,0.0015752501785755157
1648770579.7510526,13749,0.0009303578990511596
1648770579.7677057,13750,0.00042583985486999154
1648770579.980521,13763,0.00023279435117729008
1648770580.135144,13772,0.0009885054314509034
1648770580.257387,13779,0.0007426273659802973
1648770580.4330902,13790,0.0007350014057010412
1648770580.785013,13812,0.0006141599151305854
1648770580.960407,13823,0.00017476770153734833
1648770581.0416322,13828,0.0004034124140162021
1648770581.1071985,13832,0.0007652808562852442
1648770581.3755298,13849,0.0008178408606909215
1648770581.390908,13850,0.0005677531007677317
1648770581.4065235,13851,0.0007191196200437844
1648770581.441164,13853,0.0010999689111486077
1648770581.7286758,13871,0.001067758654244244
1648770581.9688148,13886,0.0012802458368241787
1648770582.3062432,13907,0.001123820198699832
1648770582.6243348,13927,0.0013777446001768112
1648770582.8470066,13941,0.00029042456299066544
1648770583.1888533,13962,9.634665912017226e-05
1648770583.3333151,13971,0.00022317036928143352
1648770583.3504806,13972,0.003398183034732938
1648770583.381707,13974,0.0005626319325529039
1648770583.7259707,13996,0.0010220378171652555
1648770584.0105324,14014,0.00030609031091444194
1648770584.3282988,14034,0.0011593663366511464
