,Wall time,Step,Value
0,1648780244.5208125,4,2.050925850868225
1,1648780244.737032,17,1.3040207227071126
2,1648780244.9841735,32,0.8836270173390707
3,1648780245.0931797,39,0.5745397905508677
4,1648780245.124161,41,0.5762647887070974
5,1648780245.248002,49,0.4195184310277303
6,1648780245.572111,70,0.3037043462196985
7,1648780245.601944,72,0.361070454120636
8,1648780245.6624537,76,0.33078640202681225
9,1648780245.926465,93,0.23412488400936127
10,1648780246.548262,133,0.22373677293459568
11,1648780246.693193,142,0.23705930014451337
12,1648780246.9530623,159,0.16996813068787253
13,1648780247.461794,192,0.24233387907346082
14,1648780247.5245385,196,0.16192771494388578
15,1648780247.583688,200,0.15693966299295423
16,1648780247.8605182,218,0.163208690782388
17,1648780248.2906804,246,0.18989118685324982
18,1648780248.4264762,255,0.1364804754654566
19,1648780248.730416,275,0.1891730676094691
20,1648780248.8067465,280,0.13896543284257248
21,1648780249.2487383,309,0.0989882076780001
22,1648780249.3703454,317,0.10652051617701845
23,1648780249.9984822,358,0.13310985763867694
24,1648780250.0746562,363,0.11700210471947986
25,1648780250.151312,368,0.12616766989231107
26,1648780250.5037866,391,0.0768387503921985
27,1648780250.520641,392,0.13320564478635785
28,1648780250.6552403,401,0.09250155960520107
29,1648780250.6845772,403,0.113921508193016
30,1648780253.4936335,485,0.0836992040276527
31,1648780253.7997954,504,0.08407527208328243
32,1648780253.8145523,505,0.07943259303768474
33,1648780253.8606372,508,0.08687071502208703
34,1648780254.0323374,519,0.04337206482887263
35,1648780254.047553,520,0.15445580333471295
36,1648780254.4650755,547,0.06954462702075637
37,1648780254.7268696,564,0.10794026901324587
38,1648780255.2065551,595,0.0633836984634399
39,1648780255.2219236,596,0.08016120580335453
40,1648780255.3314245,603,0.0740949337681134
41,1648780255.377174,606,0.09552188217639919
42,1648780255.5673351,618,0.11485360624889529
43,1648780255.7876933,632,0.11669555306434627
44,1648780255.9614816,643,0.07076205499470227
45,1648780256.086911,651,0.08704279611508044
46,1648780256.102071,652,0.0538224149495363
47,1648780256.1819167,657,0.11042629554867738
48,1648780256.2438812,661,0.0694839830199877
49,1648780256.2744794,663,0.0799351409077644
50,1648780256.6541374,687,0.08680349929879105
51,1648780256.7650568,694,0.12293452024459837
52,1648780256.7802322,695,0.09016120433807369
53,1648780256.9538844,706,0.08971308295925452
54,1648780257.2041547,722,0.10234002210199829
55,1648780257.282023,727,0.13583873460690177
56,1648780257.422414,736,0.10465243210395177
57,1648780257.8499863,763,0.0846900300433238
58,1648780257.945356,769,0.11990145283440741
59,1648780258.1157584,780,0.11861973752578096
60,1648780258.192137,785,0.11139984677235283
61,1648780258.2507112,789,0.07101522323985889
62,1648780258.3564532,796,0.06939242780208583
63,1648780258.55774,809,0.08222765972216921
64,1648780258.572889,810,0.08535299450159066
65,1648780258.6834888,817,0.11334734906752901
66,1648780258.7297566,820,0.08500686536232627
67,1648780259.0585668,841,0.028782019081215037
68,1648780259.4371953,865,0.046559035157163864
69,1648780259.452835,866,0.06973352655768389
70,1648780259.5171251,870,0.06105570246775944
71,1648780259.5972724,875,0.0579176470637321
72,1648780259.7252896,883,0.03831078608830766
73,1648780260.3178372,921,0.0878660045564174
74,1648780262.1465557,944,0.034041016052166605
75,1648780262.3515725,957,0.0641257377962271
76,1648780262.399659,960,0.06463279326756789
77,1648780262.5870194,972,0.0713454733292261
78,1648780263.202603,1011,0.0733689740300178
79,1648780263.3627625,1021,0.10778457174698508
80,1648780263.5598648,1034,0.06513861690958339
81,1648780263.840108,1052,0.059563066810369464
82,1648780263.9655766,1060,0.07883441448211666
83,1648780264.214233,1076,0.08001170555750527
84,1648780264.2777915,1080,0.07445688607792054
85,1648780264.3731625,1086,0.04182831477373836
86,1648780265.304618,1146,0.0410302157203356
87,1648780265.35268,1149,0.0704990240434805
88,1648780265.4612184,1156,0.03379795017341767
89,1648780266.1614523,1199,0.08016932134826973
90,1648780266.6476662,1228,0.06664482566217576
91,1648780266.7251244,1233,0.048442557454109136
92,1648780266.863219,1242,0.09470288952191667
93,1648780267.0813794,1256,0.04702863345543536
94,1648780267.1744149,1262,0.07407186614970364
95,1648780267.237384,1266,0.045593137542406674
96,1648780267.5672474,1287,0.09185079981883364
97,1648780267.6284025,1291,0.0660344337423642
98,1648780267.9074829,1309,0.06312114248673119
99,1648780268.0618832,1319,0.04685920725266133
100,1648780268.2599258,1332,0.0404021429518858
101,1648780268.3355029,1337,0.05440249045689897
102,1648780268.3651533,1339,0.05424400418996803
103,1648780268.4576595,1345,0.0436155370747049
104,1648780268.4725604,1346,0.045270184054970665
105,1648780268.7168028,1362,0.0701367482542991
106,1648780268.8879995,1373,0.07494057466586428
107,1648780268.9980726,1380,0.04075510768840704
108,1648780269.1686091,1391,0.0913616629938284
109,1648780269.2905135,1399,0.09684783344467478
110,1648780271.0515597,1419,0.026850379382570528
111,1648780271.1599052,1426,0.028884548849115732
112,1648780271.530541,1450,0.045111504072944265
113,1648780271.9780934,1479,0.037555305908123594
114,1648780272.0550184,1484,0.0930468825002511
115,1648780272.5619168,1517,0.04200245812535283
116,1648780272.6399145,1522,0.041247465337316165
117,1648780273.1958735,1558,0.0769152442614237
118,1648780273.2890477,1564,0.036613077080498095
119,1648780273.3196175,1566,0.040138956780234936
120,1648780274.066123,1614,0.08104819183548286
121,1648780274.1137035,1617,0.0535287521779537
122,1648780274.1761606,1621,0.07323806732892986
123,1648780274.3328063,1631,0.06877754877010976
124,1648780274.970406,1672,0.0238203989962736
125,1648780275.3470037,1696,0.0530754613379637
126,1648780275.5789635,1711,0.07673850407203033
127,1648780275.780558,1724,0.041703837302823836
128,1648780276.6710138,1782,0.0316845560446381
129,1648780276.7332263,1786,0.038093225409587164
130,1648780276.780241,1789,0.03802771059175327
131,1648780277.0476444,1806,0.032274708151817266
132,1648780277.1891778,1815,0.0548430386309822
133,1648780277.3152423,1823,0.04448052340497569
134,1648780277.7849035,1853,0.05644248798489563
135,1648780279.7785056,1884,0.02872093394398687
136,1648780279.9564686,1895,0.01866338914260263
137,1648780280.1970477,1910,0.04068409092724317
138,1648780280.368817,1921,0.045668624341487836
139,1648780281.0544145,1960,0.0588858455109099
140,1648780281.1640947,1967,0.04762982018291944
141,1648780281.503785,1989,0.02312993413458263
142,1648780281.8467777,2011,0.024620074778795197
143,1648780281.9399962,2017,0.03404997475445263
144,1648780282.0652485,2025,0.0343074152866999
145,1648780282.0983984,2027,0.03427667294939354
146,1648780282.23885,2036,0.0514168310910463
147,1648780282.5364523,2055,0.01938648118327053
148,1648780282.723163,2067,0.022880080776909933
149,1648780282.957862,2082,0.0494447561601797
150,1648780283.1785328,2096,0.07876878852645554
151,1648780283.2577744,2101,0.07727725307146703
152,1648780283.7083418,2130,0.026418469846248568
153,1648780283.9101183,2143,0.061793799201647404
154,1648780283.9585414,2146,0.0210158859069148
155,1648780284.54452,2184,0.0523040816187858
156,1648780284.6215997,2189,0.05661383395393687
157,1648780284.6662292,2192,0.04862436155478153
158,1648780284.8967905,2207,0.12188589262465632
159,1648780285.158295,2224,0.0720454861099521
160,1648780285.280757,2232,0.044125152130921635
161,1648780285.340472,2236,0.029551514113942735
162,1648780285.5396774,2249,0.0632953817645708
163,1648780285.5545,2250,0.021964292973279866
164,1648780286.0899625,2285,0.06396442775924997
165,1648780286.1368327,2288,0.05995579032848277
166,1648780286.260281,2296,0.0516421037415663
167,1648780286.337886,2301,0.046077518413464164
168,1648780286.948584,2338,0.024884847613672403
169,1648780288.6757183,2355,0.047845911855498906
170,1648780288.6904666,2356,0.04576458223164077
171,1648780288.9387412,2372,0.026020702905952865
172,1648780289.0920093,2382,0.03232718786845597
173,1648780289.735386,2424,0.041405771160498234
174,1648780290.077806,2446,0.06394163363923623
175,1648780290.4079256,2467,0.06491766179290906
176,1648780290.5364037,2475,0.025217445567250196
177,1648780290.5521543,2476,0.043358787894248935
178,1648780290.6171377,2480,0.030095921984563196
179,1648780290.8823917,2497,0.0207113831614454
180,1648780291.2555425,2521,0.06680949466923868
181,1648780291.3484602,2527,0.046395525957147236
182,1648780291.5135028,2537,0.04538025582830107
183,1648780291.5287895,2538,0.0644787891457478
184,1648780291.5442376,2539,0.02352992321054137
185,1648780291.7458074,2552,0.0445500140388806
186,1648780292.4261982,2596,0.04486811688790717
187,1648780292.890108,2626,0.016963018725315665
188,1648780293.2019556,2646,0.039026541014512334
189,1648780293.3280094,2654,0.052327645321686996
190,1648780293.373843,2657,0.07791340289016563
191,1648780293.482462,2664,0.07848979905247687
192,1648780294.0413723,2700,0.05433288154502703
193,1648780294.1340208,2706,0.042013190686702666
194,1648780294.211859,2711,0.03284012402097377
195,1648780294.7362127,2745,0.06024679914116856
196,1648780294.797068,2749,0.06920609871546424
197,1648780294.9677143,2760,0.017962760447214
198,1648780295.0609305,2766,0.06186929655571773
199,1648780295.1839733,2774,0.02256825007498257
200,1648780295.2922668,2781,0.058447118693341765
201,1648780295.4149537,2789,0.079603520532449
202,1648780295.6631594,2805,0.033763398726781135
203,1648780295.7706769,2812,0.03631580931444956
204,1648780298.000324,2859,0.010713782161474167
205,1648780298.0975442,2865,0.04925277394553016
206,1648780298.1953835,2871,0.028309859956304195
207,1648780298.308874,2878,0.023192222851018063
208,1648780298.390154,2883,0.019197462126612632
209,1648780298.5494945,2893,0.024085624453922067
210,1648780298.5812163,2895,0.04164947569370263
211,1648780298.7246068,2904,0.016666967188939435
212,1648780298.7723255,2907,0.028603269097705632
213,1648780299.0017805,2921,0.0451650780936082
214,1648780299.1821876,2932,0.019203957635909267
215,1648780299.548885,2955,0.037415130063891404
216,1648780299.7858932,2970,0.03693546603123343
217,1648780299.925869,2979,0.027551382469634168
218,1648780300.114616,2991,0.05478301892677937
219,1648780300.269941,3001,0.05183855195840193
220,1648780300.5418477,3019,0.03265927421549953
221,1648780300.679324,3028,0.018610069528222032
222,1648780300.6965246,3029,0.011416867064932966
223,1648780300.805753,3036,0.04481595320006207
224,1648780300.8967185,3042,0.025627545391519832
225,1648780301.2389412,3064,0.0452088980625073
226,1648780301.689713,3093,0.017338663650055666
227,1648780302.237472,3128,0.04445949941873543
228,1648780302.5139616,3146,0.029823545211305202
229,1648780302.5454023,3148,0.077026921013991
230,1648780303.056776,3181,0.0403018960108359
231,1648780303.2757115,3195,0.041441451758146265
232,1648780303.3076596,3197,0.0354319565619031
233,1648780303.5410414,3212,0.0554919838905334
234,1648780303.743899,3225,0.025424573260048964
235,1648780303.8195872,3230,0.08380611240863796
236,1648780304.1789489,3253,0.03464655391871923
237,1648780304.508673,3274,0.0365350556870301
238,1648780304.584602,3279,0.057337029526631
239,1648780306.8872595,3331,0.0475779250264167
240,1648780306.9638405,3336,0.015448437848438766
241,1648780306.9792652,3337,0.06781098603581383
242,1648780307.0716162,3343,0.04213005211204287
243,1648780307.2910786,3357,0.04711750894784924
244,1648780307.3846264,3363,0.0673020668327808
245,1648780307.5080369,3371,0.1059727407991886
246,1648780307.5863645,3376,0.010689804020027267
247,1648780307.7107944,3384,0.026399891978750603
248,1648780307.726202,3385,0.02362028602510687
249,1648780308.3116388,3422,0.0092377060403426
250,1648780308.560674,3438,0.011341308010742034
251,1648780309.155423,3476,0.033309282734990064
252,1648780309.388239,3491,0.061390620966752296
253,1648780309.6986794,3511,0.05320052988827223
254,1648780309.8888445,3523,0.025809943055113135
255,1648780309.9853976,3529,0.03135415849586323
256,1648780310.4718451,3560,0.06130744672069943
257,1648780310.5813508,3567,0.04481216085453823
258,1648780311.1572504,3604,0.049467938641707065
259,1648780311.37337,3618,0.044161149611075666
260,1648780311.464009,3624,0.08633708705504729
261,1648780312.0314732,3661,0.022935485156873797
262,1648780312.294206,3678,0.0292824277033408
263,1648780312.6032977,3698,0.026756735208133802
264,1648780312.8174772,3712,0.08952385932207108
265,1648780313.20167,3737,0.0895213639984528
266,1648780315.1284757,3766,0.059970602393150295
267,1648780315.385762,3781,0.044050152258326564
268,1648780315.5031548,3788,0.020154374962051667
269,1648780315.518315,3789,0.031790159021814604
270,1648780315.6402645,3797,0.013744798023253632
271,1648780315.7471037,3804,0.06378870705763494
272,1648780316.171929,3832,0.023971120826899967
273,1648780316.4614298,3851,0.03195351858933763
274,1648780317.0131898,3887,0.0515156723558902
275,1648780317.0877442,3892,0.01808739375943933
276,1648780317.662102,3929,0.041199916352828304
277,1648780317.7222302,3933,0.013763009104877634
278,1648780317.769621,3936,0.014621601750453232
279,1648780318.2582295,3968,0.024170010505864967
280,1648780318.2732477,3969,0.039164415871103565
281,1648780318.3987832,3977,0.051452479014794
282,1648780318.9046514,4010,0.043335228847960594
283,1648780319.2403884,4032,0.022009396304686832
284,1648780319.3459785,4039,0.037964570180823366
285,1648780319.517979,4050,0.0280321755756934
286,1648780319.6084917,4056,0.0805411040782928
287,1648780319.685264,4061,0.024934263589481465
288,1648780319.8374195,4071,0.09466920668880141
289,1648780319.9297335,4077,0.0352100290668507
290,1648780320.0067642,4082,0.024850573701163097
291,1648780320.3627007,4105,0.012901466572657167
292,1648780320.378467,4106,0.02006452623754733
293,1648780320.695728,4126,0.06430822362502413
294,1648780320.8213713,4134,0.0207023946568369
295,1648780320.9328508,4141,0.007721652121593499
296,1648780321.2207396,4159,0.07333895067373906
297,1648780321.7162895,4190,0.0350312703909973
298,1648780321.8536952,4199,0.016134160726020665
299,1648780323.6915617,4223,0.025822672527283402
300,1648780324.4408264,4271,0.01830538300176453
301,1648780324.5195663,4276,0.01617998490110033
302,1648780324.6914515,4287,0.03534641178945693
303,1648780324.800516,4294,0.05836395670970276
304,1648780324.8308983,4296,0.019144779536873033
305,1648780325.0325782,4309,0.0189874824136495
306,1648780325.6880054,4351,0.023036915808916036
307,1648780325.8450172,4361,0.021642795453468897
308,1648780325.98395,4370,0.0130637600862731
309,1648780326.5973468,4409,0.05274287487069763
310,1648780326.6719327,4414,0.03106390312314027
311,1648780327.3400722,4457,0.005113006569445066
312,1648780328.138739,4509,0.0355570381507277
313,1648780328.6326113,4541,0.019852594666493365
314,1648780328.9282205,4560,0.015213498224814668
315,1648780329.3443902,4587,0.016463737158725598
316,1648780329.7019956,4610,0.0201918194070458
317,1648780329.7167478,4611,0.017916159393886702
318,1648780329.889156,4622,0.026095265522599165
319,1648780330.0911036,4635,0.02557380621631933
320,1648780330.3388832,4651,0.023678973006705368
321,1648780330.4324343,4657,0.026233933866023972
322,1648780330.761387,4678,0.01811536409271253
323,1648780332.536629,4698,0.020000172313302735
324,1648780332.6143267,4703,0.02966433297842737
325,1648780333.0039992,4728,0.006111871295918967
326,1648780333.0191252,4729,0.019681133485088667
327,1648780333.1776965,4739,0.03897693256537113
328,1648780333.192681,4740,0.04835121519863603
329,1648780333.4217277,4755,0.021356494786838636
330,1648780333.4513752,4757,0.004528794049595733
331,1648780333.5280428,4762,0.04620494864260153
332,1648780333.5725148,4765,0.004669864506771134
333,1648780334.3225868,4814,0.029022900698085566
334,1648780334.4938602,4825,0.008585471504678267
335,1648780334.9005144,4851,0.014410749698678635
336,1648780335.7315924,4905,0.03898213182886437
337,1648780335.8249187,4911,0.0324469540889064
338,1648780335.9481106,4919,0.0137798655778169
339,1648780336.12107,4930,0.028374303753177302
340,1648780336.18516,4934,0.0171745046973228
341,1648780336.480146,4953,0.0323398945232232
342,1648780336.9821217,4985,0.04095241334289307
343,1648780336.9971745,4986,0.019005411925415133
344,1648780337.0618272,4990,0.005684707701827034
345,1648780337.0921922,4992,0.02913018253942327
346,1648780337.1537597,4996,0.051549079517523404
347,1648780337.4198754,5013,0.0497435893242557
348,1648780338.0217884,5052,0.051271988699833494
349,1648780338.0385213,5053,0.044718709463874434
350,1648780338.1903338,5063,0.010872926097363166
351,1648780338.2516472,5067,0.03494153947879863
352,1648780338.4667523,5081,0.02123508788645263
353,1648780338.8211408,5104,0.034021317027509164
354,1648780339.2979374,5135,0.03506870319445923
355,1648780339.4687512,5146,0.0139879704608271
356,1648780339.513482,5149,0.0528079054007927
357,1648780339.546111,5151,0.039016129138568965
358,1648780339.6058056,5155,0.04593347447613869
359,1648780341.6087842,5188,0.031192545662634037
360,1648780342.1127336,5220,0.011796072435875667
361,1648780342.285589,5231,0.006010262334408834
362,1648780342.364724,5236,0.03344867937266823
363,1648780343.0531108,5280,0.024490944323285097
364,1648780343.2422142,5292,0.04397456483760223
365,1648780343.444463,5305,0.04180634021759027
366,1648780343.6628363,5319,0.026933472564754337
367,1648780343.7235675,5323,0.0157765966529647
368,1648780343.7898517,5327,0.0090110648889094
369,1648780343.834928,5330,0.029844290887316032
370,1648780343.9942243,5340,0.06213865304986633
371,1648780344.257727,5357,0.02167276378410553
372,1648780345.154488,5413,0.026499744504690132
373,1648780345.5755875,5439,0.0338045686949044
374,1648780345.5918667,5440,0.022824762854725067
375,1648780345.674935,5445,0.012878138261536734
376,1648780346.097247,5471,0.028073357418179467
377,1648780346.2742722,5482,0.019266611430793935
378,1648780346.4499674,5493,0.012679092508430233
379,1648780346.5964408,5502,0.010923173356180331
380,1648780346.758286,5512,0.017884703353047333
381,1648780347.0996487,5533,0.03823400102555747
382,1648780347.2122023,5540,0.004909890315805834
383,1648780347.422758,5553,0.008891563086459968
384,1648780347.6815083,5569,0.02817375065448377
385,1648780347.824734,5578,0.0176050197333097
386,1648780350.0732355,5628,0.0121792740343759
387,1648780350.104924,5630,0.012644650414586033
388,1648780350.5104847,5656,0.018820445984601936
389,1648780350.696769,5668,0.012967224077632003
390,1648780351.2748098,5705,0.008849320157120567
391,1648780351.305481,5707,0.02062721985081827
392,1648780351.6655445,5730,0.03423102293163533
393,1648780352.1457567,5761,0.012812801015873733
394,1648780353.0617535,5820,0.031192772090435
395,1648780353.5922005,5854,0.0151458010077476
396,1648780353.8838477,5873,0.015714850742369835
397,1648780353.9595914,5878,0.027047139902909533
398,1648780354.3198352,5901,0.007116314411784167
399,1648780354.3640118,5904,0.016830684888797468
400,1648780354.8156548,5933,0.01683170084531103
401,1648780354.8640676,5936,0.020893494986618497
402,1648780355.2230997,5959,0.013394775781004334
403,1648780355.3483758,5967,0.029571476392447903
404,1648780355.3962448,5970,0.0334304086863994
405,1648780355.6307917,5985,0.015651748515665465
406,1648780355.6454215,5986,0.023358904465567265
407,1648780355.7845373,5995,0.0167476810359706
408,1648780355.8477883,5999,0.022514069918543062
409,1648780356.0134485,6010,0.0044007897377013995
410,1648780356.199584,6022,0.01362525213820233
411,1648780356.2627158,6026,0.014951689712082298
412,1648780359.3236716,6129,0.009137535545354033
413,1648780359.513505,6141,0.05436481399616843
414,1648780359.7318466,6155,0.006973572929079267
415,1648780359.9031494,6166,0.037175656684363796
416,1648780360.164653,6183,0.012468635647868065
417,1648780360.1797378,6184,0.015123463119380134
418,1648780360.226601,6187,0.006917463227485566
419,1648780360.461789,6202,0.01713488871852553
420,1648780360.6504557,6214,0.05841490191717941
421,1648780360.754311,6220,0.009965498524252301
422,1648780361.0851092,6240,0.01594227191526437
423,1648780361.1007843,6241,0.015244930167682434
424,1648780361.32148,6255,0.013237717095762465
425,1648780362.3455875,6320,0.008864827376479834
426,1648780362.3773658,6322,0.010135060797135
427,1648780362.4080317,6324,0.025497565123562965
428,1648780362.533822,6332,0.0263434629887342
429,1648780362.7896757,6348,0.026234195451252135
430,1648780362.821264,6350,0.0179690786559755
431,1648780362.9482143,6358,0.0159182437540342
432,1648780363.2340264,6376,0.03167230356484647
433,1648780364.0284023,6426,0.0184860676527023
434,1648780364.285437,6441,0.017516000584388732
435,1648780364.5675333,6459,0.05589039685825503
436,1648780364.813952,6474,0.050277185315887096
437,1648780365.4228146,6513,0.007653965808761566
438,1648780365.6764371,6529,0.012191284835959432
439,1648780365.8187592,6538,0.01635309929649033
440,1648780366.2272933,6564,0.02999514853581783
441,1648780367.7643042,6568,0.020283045926286467
442,1648780367.9454,6579,0.0194579719876249
443,1648780368.1195362,6590,0.005066938465461066
444,1648780368.8845043,6638,0.0039232051931321335
445,1648780369.0417843,6648,0.007719848072156268
446,1648780369.305636,6665,0.047529914493982924
447,1648780369.414626,6672,0.009740318443315667
448,1648780369.8346937,6699,0.005204920424148367
449,1648780369.8972287,6703,0.007065419961387866
450,1648780370.1623366,6720,0.009551694151014032
451,1648780370.7639148,6759,0.0219433640595525
452,1648780370.9056263,6768,0.02331858962619053
453,1648780370.9824576,6773,0.013221347394088867
454,1648780371.434704,6802,0.005263730699274033
455,1648780371.6524434,6816,0.004446674797994333
456,1648780371.7124636,6820,0.0135615452503164
457,1648780371.8355286,6828,0.0033258907108877334
458,1648780372.340653,6860,0.005749641684815233
459,1648780372.843852,6891,0.008168708339023034
460,1648780373.0884995,6906,0.0215784811104337
461,1648780373.3477037,6922,0.0293006832556178
462,1648780373.7325337,6946,0.019037608367701297
463,1648780373.9916549,6962,0.017663531238213136
464,1648780374.219804,6976,0.008396018839751634
465,1648780374.3166437,6982,0.0249640997499227
466,1648780374.811057,7013,0.0033273655765999662
467,1648780374.8265867,7014,0.020109614357352198
468,1648780374.8727868,7017,0.012216425035148798
469,1648780375.0011914,7025,0.003326052101328933
470,1648780377.4260964,7079,0.0059827713218207
471,1648780377.490321,7083,0.013191232069705868
472,1648780377.5218196,7085,0.018062764778733233
473,1648780377.793661,7102,0.0021038570751746
474,1648780377.9218674,7110,0.017533030273625568
475,1648780377.9859562,7114,0.007340533348421233
476,1648780378.1455464,7124,0.003833314326281334
477,1648780378.163481,7125,0.0378389564963678
478,1648780378.3698366,7138,0.020874163756767868
479,1648780378.4340217,7142,0.0161529769732927
480,1648780378.5142038,7147,0.0269796858774498
481,1648780378.5457792,7149,0.0030042950529605
482,1648780378.561613,7150,0.003977130157484934
483,1648780378.8803775,7170,0.014566988839457368
484,1648780379.1396425,7186,0.019678943635274934
485,1648780379.211931,7190,0.004183310734030434
486,1648780379.3180315,7196,0.019593666618068967
487,1648780379.349511,7198,0.015188756709297433
488,1648780379.5251973,7209,0.013716401648707632
489,1648780379.541102,7210,0.021840804178888566
490,1648780379.6025572,7214,0.0105497316496136
491,1648780379.77674,7225,0.005673758685588833
492,1648780380.1668658,7250,0.010629420517943732
493,1648780380.18493,7251,0.0085553346240582
494,1648780380.2766094,7257,0.007045435505763867
495,1648780380.6564136,7278,0.006380841213588867
496,1648780380.7538514,7284,0.005000744325419234
497,1648780381.3287756,7318,0.005887290385241266
498,1648780381.4574544,7326,0.0112385541821519
499,1648780381.556979,7332,0.018066614866256665
500,1648780381.9165745,7354,0.010808401139608232
501,1648780381.997674,7359,0.008093865122646033
502,1648780382.0789964,7364,0.014966971861819367
503,1648780382.47174,7389,0.004430805332958633
504,1648780382.488617,7390,0.007562278769910301
505,1648780382.615872,7398,0.0028362174828847
506,1648780382.6780028,7402,0.004857247074445067
507,1648780382.822142,7411,0.0130252490829055
508,1648780383.4534533,7451,0.024261439529557966
509,1648780383.630653,7462,0.009982103637109168
510,1648780383.7727914,7471,0.016565705998800636
511,1648780383.8543136,7476,0.0060807645010451
512,1648780383.9170003,7480,0.016715533779157903
513,1648780383.9990437,7485,0.0020371866024409
514,1648780386.1624005,7528,0.003988354466855466
515,1648780386.2722888,7535,0.003144315152894667
516,1648780386.5220337,7551,0.0063800437298292675
517,1648780386.728172,7564,0.006632997343937501
518,1648780387.0557046,7585,0.0017917987715917998
519,1648780387.6952977,7626,0.0025398680785049333
520,1648780387.8541317,7636,0.028386920224875167
521,1648780387.9148052,7640,0.021578182446925536
522,1648780387.962933,7643,0.010562803906698967
523,1648780388.0238206,7647,0.035465211297074896
524,1648780388.133551,7654,0.010497938841581301
525,1648780388.1493185,7655,0.02425660689671827
526,1648780388.2436483,7661,0.003720578543531333
527,1648780388.757879,7694,0.004965222207829333
528,1648780389.2774198,7727,0.0039146918570622325
529,1648780389.3378353,7731,0.0027187244413653003
530,1648780389.400803,7735,0.0028463181030625663
531,1648780389.7744682,7759,0.0006091935210860918
532,1648780389.870494,7765,0.0007672879340437333
533,1648780390.8858678,7830,0.000678065950827
534,1648780391.1035843,7844,0.003596615279093333
535,1648780391.3081963,7857,0.0066665193686882
536,1648780391.681157,7881,0.009250892782195734
537,1648780391.742581,7885,0.0028914160405595665
538,1648780391.868332,7893,0.0015960425856367333
539,1648780391.962486,7899,0.0103263951217134
540,1648780392.117745,7909,0.0028958353407991
541,1648780392.8329315,7955,0.003978161762158033
542,1648780392.864533,7957,0.021648621671677835
543,1648780392.9437313,7962,0.0033706992010896
544,1648780394.9063096,7992,0.0031556281028314666
545,1648780395.0015645,7998,0.0008062437021483667
546,1648780395.369845,8021,0.0024565922406812
547,1648780395.5732749,8034,0.003922188307721292
548,1648780395.734793,8044,0.0010043383275235667
549,1648780395.814314,8049,0.005129432460914
550,1648780396.0929613,8067,0.0034252899931743338
551,1648780396.4344296,8089,0.0020619520607093665
552,1648780396.4495888,8090,0.009744904823795234
553,1648780396.5760837,8098,0.0038721749636654664
554,1648780396.749034,8109,0.0060102213174104335
555,1648780397.4154313,8149,0.0173437769990414
556,1648780397.8926144,8176,0.002730160427745367
557,1648780397.9094849,8177,0.0005279214334828667
558,1648780398.262142,8197,0.0009853210067376243
559,1648780398.731836,8224,0.006641575775574834
560,1648780398.8378975,8230,0.0011343555524945
561,1648780399.0314653,8241,0.0005142195853598333
562,1648780399.1912389,8250,0.0034415918247153003
563,1648780399.6437888,8276,0.001262276355798
564,1648780399.7319255,8281,0.0038706759708777663
565,1648780399.8361342,8287,0.011565737130392
566,1648780399.974682,8295,0.0008558749298875002
567,1648780400.0617757,8300,0.0010980197500126332
568,1648780400.1664248,8306,0.0010287648668357002
569,1648780400.5159557,8326,0.003299157173993633
570,1648780400.5337715,8327,0.0017487417208030334
571,1648780401.1533425,8367,0.00046745994283503334
572,1648780401.3541062,8380,0.0017873341178831334
573,1648780401.7606914,8406,0.0034509230948363005
574,1648780401.8223426,8410,0.0070265933560828
575,1648780401.837946,8411,0.006871417572256133
576,1648780401.901354,8415,0.0021584903588517663
577,1648780402.0712152,8426,0.0020546550901295664
578,1648780404.09309,8463,0.0019672599689025336
579,1648780404.1391532,8466,0.0005836376027824334
580,1648780404.2332227,8472,0.0013053665364471335
581,1648780404.6691785,8500,0.0011927104108811332
582,1648780404.764162,8506,0.0029611374193336333
583,1648780405.0447395,8524,0.0031485731063488
584,1648780405.2039585,8534,0.011793207804051499
585,1648780405.2822866,8539,0.0018593412823974668
586,1648780405.8001795,8572,0.0035070506079743005
587,1648780406.002578,8585,0.008251808506126166
588,1648780406.2391105,8600,0.0011759214175981274
589,1648780406.2545457,8601,0.0002573302093272
590,1648780406.416236,8611,0.009944013188942268
591,1648780406.513386,8617,0.025076356095572266
592,1648780406.624675,8624,0.0008132512933419
593,1648780406.6893437,8628,0.0044164605302890675
594,1648780406.705371,8629,0.008440479733205034
595,1648780406.8364964,8637,0.0008876760742471667
596,1648780406.980291,8646,0.0141861682059243
597,1648780407.1232271,8655,0.005700157916483766
598,1648780407.174259,8658,0.002507543307729033
599,1648780407.7306166,8692,0.0012831500474324512
600,1648780407.960225,8706,0.004493124812142867
601,1648780408.0090866,8709,0.0071819052488232
602,1648780408.0564258,8712,0.004162255727957567
603,1648780408.2149796,8722,0.010769961343612466
604,1648780408.5385473,8743,0.007840596760312634
605,1648780408.571892,8745,0.011601955062360461
606,1648780408.7627642,8757,0.003916363959433434
607,1648780408.8488631,8762,0.0009934094171815332
608,1648780408.996421,8770,0.0007477394343974
609,1648780409.0892897,8775,0.00816970293089979
610,1648780409.1070056,8776,0.0006092187056007
611,1648780409.1252012,8777,0.010745753679657334
612,1648780409.2189574,8782,0.01773321234941247
613,1648780409.2372234,8783,0.0016599765610104667
614,1648780409.3265977,8788,0.0004969847868778586
615,1648780409.5373964,8800,0.0016967417298776998
616,1648780409.8254046,8818,0.0008901612600311333
617,1648780410.6060667,8868,0.0008682788757141333
618,1648780410.767246,8878,0.002371508143066067
619,1648780410.8644776,8884,0.001700390023567367
620,1648780412.8414693,8917,0.003020738406727667
621,1648780413.3297746,8948,0.011171049610614598
622,1648780413.3761978,8951,0.0026264901583393004
623,1648780413.5510056,8962,0.0030567783396690668
624,1648780413.756856,8975,0.0011076472486213666
625,1648780414.096998,8995,0.0005033395670276333
626,1648780414.1288097,8997,0.0006390860071405334
627,1648780414.433451,9016,0.0003473152367708
628,1648780414.7575357,9037,0.008426154832704867
629,1648780415.0683546,9057,0.0024891625556240668
630,1648780415.2087293,9066,0.0015787873417138331
631,1648780415.3623486,9076,0.007816525113109133
632,1648780415.3948395,9078,0.0055590872167764335
633,1648780415.455844,9082,0.00043494122898356664
634,1648780415.5033977,9085,0.0006659653154201333
635,1648780415.8796248,9109,0.00026046052031836664
636,1648780415.9095798,9111,0.0008240663155447333
637,1648780416.2229848,9131,0.0005051679860722334
638,1648780416.4710908,9147,0.0005702271252327
639,1648780416.6440036,9158,0.0008906914566371333
640,1648780416.7222743,9163,0.0009320617294481668
641,1648780416.8901782,9174,0.00035885800510486666
642,1648780417.1202545,9189,0.003670405162362511
643,1648780417.197067,9194,0.0005686823569703
644,1648780417.5957208,9220,0.0016860897594596664
645,1648780417.6259933,9222,0.0004217575478832666
646,1648780417.6408958,9223,0.0008254114945884
647,1648780418.022038,9247,0.0005003901023883
648,1648780418.5169034,9278,0.0004459141734210667
649,1648780418.6471982,9285,0.00037282298338440004
650,1648780418.8087888,9295,0.0021467382636425345
651,1648780419.1199782,9315,0.0008315931772812666
652,1648780419.1699147,9318,0.00029508721005786664
653,1648780419.51314,9340,0.0006153428160662334
654,1648780419.6538224,9349,0.00031004504126023335
655,1648780419.7983234,9358,0.00012697376951103332
656,1648780419.953105,9368,0.0011839634777666998
657,1648780421.9966097,9404,0.0014309399509026
658,1648780422.184965,9416,0.00034913160682963334
659,1648780422.433189,9432,0.0003025735059054137
660,1648780422.5719025,9441,0.00012391356237150705
661,1648780422.589455,9442,0.0031636543377923337
662,1648780423.3638573,9488,0.0005893460668933666
663,1648780423.5719442,9501,0.0004234755275925667
664,1648780423.960633,9526,0.002210153635436
665,1648780424.1297398,9537,0.0010844457234876332
666,1648780424.2215142,9543,0.0010570128603527333
667,1648780424.3898897,9554,9.78293331475161e-05
668,1648780424.404327,9555,0.00042680320135937846
669,1648780425.0980554,9600,0.0023275348939932336
670,1648780425.7132611,9639,0.0006332609918899612
671,1648780426.041854,9660,0.0002599220800523707
672,1648780426.072524,9662,0.0001286079811203628
673,1648780426.5475905,9692,0.0003780877765772208
674,1648780426.8220916,9708,0.00036751116082690003
675,1648780427.0369585,9721,0.0004249445434349036
676,1648780427.1158562,9726,0.0001581450414960166
677,1648780427.2583313,9735,0.0002945530771587667
678,1648780427.289684,9737,0.0002021490290644
679,1648780427.5401535,9751,0.00040507538748589994
680,1648780427.6219432,9756,0.000356313796752714
681,1648780427.8144696,9768,0.0001405516134885328
682,1648780428.595876,9813,0.0019608566944952833
683,1648780428.7204642,9821,0.0003639262189001667
684,1648780428.8343956,9828,0.0004929510663107666
685,1648780428.8519228,9829,0.00013249920327016527
686,1648780430.8327892,9858,0.0007124929907149001
687,1648780430.9436047,9865,0.00024684833382096667
688,1648780431.1621337,9879,0.0003735371161989
689,1648780431.3328266,9890,0.00029924039942366514
690,1648780431.3779368,9893,0.00022290618411103334
691,1648780431.7365034,9914,0.0005790724899270004
692,1648780431.791748,9917,0.0005394086183514
693,1648780432.0168853,9931,0.00022238232243880087
694,1648780432.1282434,9938,0.00026743109992818557
695,1648780432.192392,9942,6.287440191954374e-05
696,1648780432.335847,9951,0.00012784917998941243
697,1648780432.5781498,9965,0.0004632730197044812
698,1648780432.9525783,9986,0.00043669046741943605
699,1648780433.467658,10014,0.00014775176532564962
700,1648780433.748379,10032,0.00025335512509624454
701,1648780434.0279412,10050,0.0007695785946755666
702,1648780434.1590562,10058,0.0002467257193832632
703,1648780434.313355,10067,0.0002357331298601667
704,1648780434.6087978,10084,0.00023801534067993332
705,1648780434.7957015,10095,0.0001248517655767152
706,1648780435.0428195,10109,0.0008006691835665001
707,1648780435.5074365,10136,0.00029857450863344544
708,1648780435.6104028,10142,0.00012174628500358647
709,1648780435.7896743,10153,0.00014377895907572387
710,1648780436.301685,10186,9.940514792102692e-05
711,1648780436.812378,10219,0.0003001384223655596
712,1648780437.2337222,10246,9.678507437153043e-05
713,1648780437.970887,10293,0.0001292866339402446
714,1648780438.048966,10298,0.00021530105732377462
715,1648780440.177784,10337,0.0002668197763947625
716,1648780440.2110505,10339,0.0004907722225955333
717,1648780440.444951,10354,0.00011912274082228817
718,1648780440.5405488,10360,0.00015742965721677078
719,1648780440.788995,10376,0.0002583244495326
720,1648780440.835094,10379,0.0001878970797406221
721,1648780440.882546,10382,0.00041028948180606666
722,1648780440.976816,10388,0.00020494232982549567
723,1648780441.007742,10390,0.00025677245866970264
724,1648780441.0381784,10392,0.0005389056520167553
725,1648780441.1948364,10402,0.00013447866513159053
726,1648780441.6623073,10432,0.0001368259472656048
727,1648780442.417759,10480,0.00014414731655653873
728,1648780442.4495354,10482,0.0002743685278498
729,1648780442.530617,10487,0.0003107819769259654
730,1648780442.7501743,10501,0.00030804313913293334
731,1648780443.0005686,10517,0.00016521118959640004
732,1648780443.2847462,10535,0.00014141208036253625
733,1648780443.4243612,10544,0.00026532565001004195
734,1648780443.7905116,10567,0.00019091456973296668
735,1648780443.855652,10571,7.456607757676793e-05
736,1648780444.4043489,10605,0.0003871714373720363
737,1648780444.885566,10635,0.0001663562361500122
738,1648780445.3751185,10666,0.0002002519371065
739,1648780445.6403103,10683,0.00013496360285593332
740,1648780445.7009716,10687,0.0004598331482459945
741,1648780446.971296,10767,0.00015064975013952007
742,1648780448.8336897,10792,0.00014664509459785127
743,1648780449.141096,10812,0.00019242867225932288
744,1648780449.2033513,10816,0.00011355181777614252
745,1648780449.2182758,10817,8.559275981192143e-05
746,1648780449.372191,10827,5.2829885438162215e-05
747,1648780449.9410772,10863,0.00015125383166982644
748,1648780450.2539573,10883,8.233609908830086e-05
749,1648780450.302339,10886,0.00020540292219563334
750,1648780450.3178155,10887,8.257435789952435e-05
751,1648780450.5058727,10899,0.00013099999826706864
752,1648780450.666493,10909,0.00012518469156928263
753,1648780450.760254,10915,0.00012818646670585167
754,1648780450.8547149,10921,0.00011433906668872776
755,1648780450.8854368,10923,0.00026957174850394066
756,1648780451.009952,10931,0.00034463217889419995
757,1648780452.0973003,11000,0.0002945145048821722
758,1648780452.2055864,11007,0.0002303928146526333
759,1648780452.420848,11021,0.0009998604024682649
760,1648780452.5126543,11027,0.00015213065065229194
761,1648780454.646628,11160,0.00020031456430535951
762,1648780454.7614443,11167,0.00041556418970380344
763,1648780454.9558835,11179,0.00010076455995050273
764,1648780455.214152,11195,0.00012979716848344962
765,1648780455.618823,11220,0.0001894685628939667
766,1648780455.6976905,11225,0.00011391351290512255
767,1648780455.843221,11234,8.635250014775019e-05
768,1648780455.9082005,11238,0.0002985354609942
769,1648780455.9406557,11240,0.00015046384214654758
770,1648780457.863457,11264,7.136984762231198e-05
771,1648780458.4218106,11299,6.26890923740363e-05
772,1648780458.592195,11310,0.00021066308060346665
773,1648780458.7136805,11318,0.00018346428987563333
774,1648780458.900361,11330,0.00010657867945456762
775,1648780459.1052,11343,0.0001573823077099435
776,1648780459.2722087,11354,0.00021532666869456668
777,1648780459.4261923,11364,0.00010519883168546666
778,1648780460.1901302,11414,7.960882794575068e-05
779,1648780460.2369282,11417,0.00028251798842876666
780,1648780460.2676866,11419,0.00014973713405193396
781,1648780460.4400337,11430,0.00022045931109456666
782,1648780460.5179267,11435,0.00029854825576569333
783,1648780461.1065629,11473,0.00027746711566576667
784,1648780461.1998248,11479,0.00013828092293500797
785,1648780461.4626648,11496,0.0001697033731033333
786,1648780461.7143128,11512,0.0002851661847671
787,1648780461.9134216,11525,0.00018679341640863334
788,1648780461.9441762,11527,0.0001465710204987145
789,1648780462.4343686,11558,0.00018470464904866667
790,1648780462.5133789,11563,6.349650114619483e-05
791,1648780462.654897,11572,0.00023471674163976668
792,1648780463.1754663,11605,0.00020148930586094934
793,1648780463.272098,11611,0.00011078000776857274
794,1648780463.3825676,11618,0.00017056610037489997
795,1648780463.8656335,11649,0.00014466575945940038
796,1648780463.899129,11651,0.00017062597968710711
797,1648780464.469365,11688,0.000129861036839368
798,1648780464.7467694,11706,0.0001725957069235262
799,1648780466.7501802,11740,6.237703049311013e-05
800,1648780466.8098142,11744,0.00012899574721810563
801,1648780467.1230505,11764,0.0001967390320108236
802,1648780467.3559122,11779,0.00011335636130142399
803,1648780467.405074,11782,0.00017365738070413732
804,1648780467.6263213,11796,5.136379786563339e-05
805,1648780467.721905,11802,0.00019722887615591594
806,1648780467.9715722,11818,9.568013289632501e-05
807,1648780468.003116,11820,0.00012984185256446665
808,1648780468.0995758,11826,0.0002939837941084667
809,1648780468.7418158,11867,0.0001882660678044333
810,1648780468.7570412,11868,0.00021864734299009998
811,1648780468.9784758,11882,0.00013722350558961172
812,1648780469.1826074,11895,0.00021942775492786998
813,1648780469.3073473,11903,0.00020853079331566667
814,1648780469.3224692,11904,0.00014172431110634227
815,1648780469.5105128,11916,0.00020248719374643337
816,1648780469.6508942,11925,0.00010360083251722344
817,1648780470.007175,11948,0.00016052261586685897
818,1648780470.2939038,11967,0.00016838259762146668
819,1648780470.3092165,11968,0.00012322260105667525
820,1648780470.357339,11971,0.0005691030285864001
821,1648780470.3864834,11973,0.00012184343116429577
822,1648780470.5582447,11984,0.00019049733236893335
823,1648780470.740875,11996,0.0003692655494281218
824,1648780470.9263556,12008,5.631173674676878e-05
825,1648780471.0045342,12013,0.00027027320660026664
826,1648780471.0989954,12019,0.0003297200019005333
827,1648780471.2216923,12027,9.550706211787883e-05
828,1648780471.6460662,12054,6.764944434203954e-05
829,1648780471.676675,12056,9.734255824389694e-05
830,1648780471.9093497,12071,0.00023929380404289998
831,1648780471.9405787,12073,0.00025145132288639994
832,1648780472.010657,12077,0.00013232173175005047
833,1648780472.3582258,12097,0.0001438544010549096
834,1648780473.1886091,12146,0.0001257625553989241
835,1648780473.7091398,12179,0.0002590808483849333
836,1648780475.5061605,12201,0.00025764162758905746
837,1648780475.552384,12204,8.547304120535128e-05
838,1648780475.5827854,12206,0.0001431132768629898
839,1648780475.631198,12209,0.00018752868709265646
840,1648780475.8727963,12224,0.00010116233291528801
841,1648780476.111884,12239,0.00010170883130435173
842,1648780476.2859914,12250,0.00017642566369127405
843,1648780476.3166654,12252,0.00026598316859839866
844,1648780476.3317964,12253,0.0003549781637653667
845,1648780476.55102,12267,0.00011553813783391326
846,1648780476.5991688,12270,0.00023272883602957288
847,1648780476.6143036,12271,0.00016749916115561258
848,1648780477.0146613,12297,0.000201295656249
849,1648780477.0316532,12298,6.57976524962578e-05
850,1648780477.2655914,12313,0.00021951575763516664
851,1648780477.452398,12325,0.0002974639792227333
852,1648780477.6880293,12340,0.00017854844918469543
853,1648780478.028927,12362,0.00018064626783593333
854,1648780478.076024,12365,0.00015176113811316667
855,1648780478.207026,12373,0.0001228479401712685
856,1648780478.4652383,12390,0.0002745408758831333
857,1648780478.663923,12403,0.00011602115773711357
858,1648780478.8317535,12414,7.410888065348711e-05
859,1648780479.1853654,12437,0.00016007420708770732
860,1648780479.3712685,12449,0.0042331230215495
861,1648780479.4194374,12452,0.00010304169639613347
862,1648780479.696297,12470,0.00015077118708477523
863,1648780479.896477,12483,7.523787038127862e-05
864,1648780480.0337417,12492,0.0001815443101804307
865,1648780480.2175598,12504,0.0004005117862106757
866,1648780480.2617018,12507,0.00012076430721204673
867,1648780480.7070055,12536,0.00017842775074913332
868,1648780480.8168218,12543,0.00026308798987878784
869,1648780480.8612628,12546,9.424033729979198e-05
870,1648780480.984202,12554,0.00017571581702209997
871,1648780481.2180035,12569,0.0001060895713938402
872,1648780481.3275294,12576,0.00010268575715598493
873,1648780481.450592,12584,0.0001598150314142
874,1648780481.5441265,12590,0.00022304622204196667
875,1648780482.162068,12630,0.00020275149048146668
876,1648780482.2226305,12634,0.00023600072502926668
877,1648780484.2198234,12667,0.00023102149255764138
878,1648780484.2731106,12670,0.00015538737352466668
879,1648780484.4995596,12683,0.00012049181411075525
880,1648780484.6389434,12692,0.00017959132674146667
881,1648780484.7318392,12698,8.479089956380979e-05
882,1648780484.786266,12701,0.00011208395396048665
883,1648780485.1082988,12721,0.00013601016447257778
884,1648780485.123295,12722,0.00012193856552277013
885,1648780485.3787663,12738,9.827465873967914e-05
886,1648780485.5328865,12748,9.368131092436262e-05
887,1648780485.7185447,12760,0.00019176048226650366
888,1648780485.8740554,12770,0.00018967893750713332
889,1648780485.951985,12775,0.00010789470434242811
890,1648780486.0621688,12782,0.00010866302788293229
891,1648780486.3526075,12801,0.00026501785032446664
892,1648780486.73872,12826,0.0001596084378737
893,1648780486.995064,12842,0.00010398442706596077
894,1648780487.2131207,12856,8.071150538548935e-05
895,1648780487.3373008,12864,0.00015222523992023635
896,1648780487.3829813,12867,3.8108956990375496e-05
897,1648780487.4283636,12870,0.0001519906921505953
898,1648780487.566651,12879,0.00023938966720983332
899,1648780488.9419289,12969,0.00012587679763476656
900,1648780489.8621783,13029,0.00023946927103676946
901,1648780489.924296,13033,6.297233630901927e-05
902,1648780490.0001469,13038,0.00018816743492300003
903,1648780490.1270998,13046,8.281816189992148e-05
904,1648780490.8503437,13093,0.00011275048382229885
905,1648780491.0232,13104,0.00011765525899433333
906,1648780491.0689695,13107,0.00021008376158224875
907,1648780491.17708,13114,0.00019542638619893333
908,1648780491.223841,13117,6.968531912813584e-05
909,1648780491.238972,13118,0.00012228757744498552
910,1648780491.254132,13119,0.00016115240093003333
911,1648780492.9194868,13132,0.00021518992434716667
912,1648780492.9693892,13135,7.243066890317174e-05
913,1648780493.000475,13137,0.00016056551006230556
914,1648780493.350458,13159,8.241993903839583e-05
915,1648780493.4609358,13166,7.956034581485837e-05
916,1648780493.5861204,13174,0.00018241763609690002
917,1648780493.6796532,13180,0.0007340181133864667
918,1648780493.93055,13196,0.00014696074989230528
919,1648780494.1340818,13209,8.145193775513716e-05
920,1648780494.2617786,13217,8.47320225147918e-05
921,1648780494.3084314,13220,0.00019545639467341894
922,1648780494.4954731,13232,0.00035959407008093327
923,1648780494.5887492,13238,7.229908806038706e-05
924,1648780495.0689192,13269,0.00011739379624486536
925,1648780495.9785292,13327,0.00012161508493587869
926,1648780496.0709555,13333,0.00011678425410837777
927,1648780496.1823118,13340,0.00021755912166549957
928,1648780496.324657,13349,0.00015601917887880294
929,1648780496.466077,13358,0.00015300648131715396
930,1648780496.7192726,13374,0.0001783060918872
931,1648780496.75132,13376,6.24097168232159e-05
932,1648780496.828539,13381,0.00023936642780120003
933,1648780497.2063737,13405,0.00032444561414495215
934,1648780497.5893345,13430,0.00021332722099026667
935,1648780497.839241,13446,0.0004883861062504692
936,1648780498.0062742,13457,0.00020863380056344223
937,1648780498.1149518,13464,0.00014160453914273334
938,1648780498.1963062,13469,0.0004155569282980667
939,1648780498.8220954,13509,0.00012217839685032636
940,1648780499.0066674,13521,0.00014050512375735224
941,1648780499.0542166,13524,7.451378769474104e-05
942,1648780499.069774,13525,8.578966905283653e-05
943,1648780499.378703,13545,0.00028939040688170004
944,1648780499.4388366,13549,0.0001809187670005
945,1648780499.5316267,13555,9.103299756436308e-05
946,1648780499.6393929,13562,0.00019187173893436965
947,1648780500.10197,13592,0.00015658862442549152
948,1648780500.2254052,13600,8.419259393117878e-05
949,1648780501.9380317,13612,0.00015106111216782017
950,1648780502.0502548,13619,0.0004909619456156823
951,1648780502.8051374,13668,0.00039980591100170006
952,1648780502.8814073,13673,0.00011252744540491609
953,1648780503.004333,13681,8.712124084313636e-05
954,1648780503.0982623,13687,0.00015154143814770623
955,1648780503.161585,13691,0.00014508085344759999
956,1648780503.2707138,13698,0.00012144936287463363
957,1648780503.3007357,13700,0.0002316462632734
958,1648780503.5944066,13719,9.041302958695688e-05
959,1648780503.9624588,13743,5.60082141115951e-05
960,1648780504.1615748,13756,0.0002159453191173
961,1648780504.2523067,13762,8.524045248725985e-05
962,1648780504.5265677,13780,0.00016272133264766666
963,1648780504.5886457,13784,0.0001440996493329
964,1648780504.6036575,13785,0.00021016381651858696
965,1648780504.8170433,13799,0.0001676540826641244
966,1648780504.894345,13804,0.00019301103263082161
967,1648780504.9098492,13805,6.3225632402445e-05
968,1648780505.0026329,13811,0.0002391403613727995
969,1648780505.048391,13814,0.00014294747476618384
970,1648780505.3106918,13831,8.531096439884046e-05
971,1648780505.803892,13863,8.592529775340353e-05
972,1648780505.865509,13867,0.00016139377597328716
973,1648780505.8808284,13868,0.00022457328304879083
974,1648780505.8957,13869,9.434131425220679e-05
975,1648780505.9407933,13872,0.0003180571560126333
976,1648780505.958039,13873,7.257590793111446e-05
977,1648780505.9734907,13874,0.00010099069064986033
978,1648780506.0962367,13882,0.00018256190620976665
979,1648780506.3104827,13896,0.00010680941947304713
980,1648780506.7370658,13924,0.00011969462260213368
981,1648780506.7520068,13925,0.00017730344552544287
982,1648780506.9825346,13940,9.258270680825638e-05
983,1648780507.1384976,13950,0.00011026193048260167
984,1648780507.2919333,13960,0.00013811528575993594
985,1648780507.371911,13965,0.00014671222015749563
986,1648780507.6035645,13980,0.00019534853345243262
987,1648780507.6185746,13981,0.00010251432104265324
988,1648780507.7897103,13992,0.00017184536166797056
989,1648780507.8202453,13994,6.264511587990758e-05
990,1648780507.850126,13996,0.00014005162302052076
991,1648780508.1911654,14018,0.00010125384384684106
992,1648780508.2686174,14023,0.000226672872183
993,1648780508.2842045,14024,0.0001439373324198
994,1648780508.2996564,14025,9.711682529691253e-05
995,1648780508.5181062,14039,9.796256805805555e-05
996,1648780508.596332,14044,0.00027095151502476666
997,1648780508.6268785,14046,0.0004497234191754925
998,1648780508.828297,14059,0.00043317273230053494
999,1648780508.979476,14069,0.0003857171395793
