Wall time,Step,Value
1648749381.855904,7,2.3032734394073486
1648749381.873015,8,2.308441400527954
1648749381.9879003,15,2.3098690509796143
1648749382.0047107,16,2.312185287475586
1648749382.1970718,27,2.3096020221710205
1648749382.2750711,32,2.311082363128662
1648749382.2902572,33,2.30747127532959
1648749382.4675336,43,2.3059186935424805
1648749382.5677617,49,2.3101754188537598
1648749382.5993576,51,2.3211684226989746
1648749382.6159708,52,2.3137624263763428
1648749382.6483684,54,2.3103675842285156
1648749382.709092,58,2.3131954669952393
1648749382.848923,67,2.3093323707580566
1648749382.995673,76,2.3158392906188965
1648749383.167785,87,2.305084466934204
1648749383.2508285,92,2.3048832416534424
1648749383.266688,93,2.2942514419555664
1648749383.29999,95,2.307109832763672
1648749383.3167002,96,2.2992782592773438
1648749383.414218,102,2.3034636974334717
1648749383.4610991,105,2.299281358718872
1648749383.6295166,115,2.310420036315918
1648749383.646127,116,2.3015220165252686
1648749383.8075159,126,2.3006374835968018
1648749383.9076025,132,2.30741286277771
1648749384.0227225,139,2.307307004928589
1648749384.071439,142,2.3008804321289062
1648749384.1354592,146,2.3195741176605225
1648749384.2049675,150,2.3064918518066406
1648749384.2387528,152,2.313551902770996
1648749384.5209062,169,2.3013505935668945
1648749384.538324,170,2.3059945106506348
1648749384.5550346,171,2.3010475635528564
1648749384.6055644,174,2.3182194232940674
1648749384.6672385,178,2.313467025756836
1648749384.6826699,179,2.3055524826049805
1648749384.7510805,183,2.3036744594573975
1648749384.766255,184,2.302414655685425
1648749384.7992342,186,2.3032546043395996
1648749384.950527,195,2.3042542934417725
1648749385.0289183,200,2.301255702972412
1648749385.2504776,214,2.293137311935425
1648749385.3616278,221,2.2949678897857666
1648749385.37964,222,2.3139147758483887
1648749385.4892297,229,2.306635618209839
1648749385.5202541,231,2.299419641494751
1648749385.5356042,232,2.3054022789001465
1648749385.5812633,235,2.2998270988464355
1648749385.8006043,249,2.314546585083008
1648749385.8171685,250,2.3070342540740967
1648749385.849061,252,2.30533504486084
1648749385.8807847,254,2.3115129470825195
1648749386.0813897,267,2.312875270843506
1648749386.125185,270,2.2983193397521973
1648749386.1861987,274,2.3009252548217773
1648749386.277399,280,2.293084144592285
1648749386.307485,282,2.3034918308258057
1648749386.42903,290,2.3007924556732178
1648749386.4614973,292,2.3107311725616455
1648749386.6593814,305,2.296208143234253
1648749386.7365959,310,2.3119704723358154
1648749386.8445613,317,2.306438684463501
1648749386.9390104,323,2.3013505935668945
1648749387.1101346,334,2.2982828617095947
1648749387.1710732,338,2.298835039138794
1648749387.3280365,348,2.3026905059814453
1648749387.357612,350,2.3071396350860596
1648749387.402748,353,2.3031632900238037
1648749387.418176,354,2.299880266189575
1648749387.4502828,356,2.2955844402313232
1648749387.480356,358,2.294433355331421
1648749387.510782,360,2.289060115814209
1648749387.6956062,372,2.2982351779937744
1648749387.7886882,378,2.3047876358032227
1648749387.8192782,380,2.3001351356506348
1648749387.944138,388,2.298396587371826
1648749387.9923923,391,2.3088769912719727
1648749388.0222588,393,2.295243978500366
1648749388.0369105,394,2.2861764430999756
1648749388.0525155,395,2.3032798767089844
1648749388.1004171,398,2.2966787815093994
1648749388.1460516,401,2.29685640335083
1648749388.3930037,417,2.2946510314941406
1648749388.4109414,418,2.296661138534546
1648749388.4846861,423,2.318089485168457
1648749388.5170221,425,2.300974130630493
1648749388.5932505,430,2.296891450881958
1648749388.6406775,433,2.293607234954834
1648749388.8565943,447,2.29685640335083
1648749388.949732,453,2.298309326171875
1648749389.0254624,458,2.283290147781372
1648749389.057776,460,2.3015694618225098
1648749389.0722206,461,2.288698673248291
1648749389.1029541,463,2.3015310764312744
1648749389.1521485,466,2.292165517807007
1648749390.799726,470,2.295356273651123
1648749390.906846,477,2.29215931892395
1648749391.046521,486,2.296236991882324
1648749391.077085,488,2.2876079082489014
1648749391.09465,489,2.3034749031066895
1648749391.2191095,497,2.2950401306152344
1648749391.2787707,501,2.2898693084716797
1648749391.5564935,519,2.285930633544922
1648749391.6343713,524,2.2870371341705322
1648749391.6948874,528,2.294632911682129
1648749391.7879496,534,2.290616273880005
1648749391.8331497,537,2.2834203243255615
1648749391.8808777,540,2.2794487476348877
1648749391.9262383,543,2.2956669330596924
1648749391.9586904,545,2.2925407886505127
1648749391.9736981,546,2.2925772666931152
1648749392.0039768,548,2.287672758102417
1648749392.0194027,549,2.2840163707733154
1648749392.0670671,552,2.2901060581207275
1648749392.082442,553,2.2859725952148438
1648749392.190472,560,2.2819721698760986
1648749392.208156,561,2.285179853439331
1648749392.285163,566,2.2845563888549805
1648749392.4382434,576,2.2942748069763184
1648749392.4837725,579,2.2782793045043945
1648749392.5453527,583,2.286534309387207
1648749392.6241307,588,2.276423454284668
1648749392.6532226,590,2.2888693809509277
1648749392.7902765,599,2.2771003246307373
1648749392.822757,601,2.283198833465576
1648749392.8676896,604,2.271202325820923
1648749392.9914827,612,2.2842140197753906
1648749393.2114923,626,2.2835171222686768
1648749393.226753,627,2.282466411590576
1648749393.2735353,630,2.277895927429199
1648749393.2887352,631,2.27685284614563
1648749393.36797,636,2.277599811553955
1648749393.4142292,639,2.27703857421875
1648749393.5073285,645,2.2755491733551025
1648749393.52317,646,2.2711422443389893
1648749393.6004527,651,2.277798891067505
1648749393.6774004,656,2.270045757293701
1648749393.6937847,657,2.279816150665283
1648749393.7710052,662,2.2667696475982666
1648749393.8026938,664,2.268256664276123
1648749393.8181894,665,2.2656798362731934
1648749393.8795645,669,2.265334129333496
1648749393.9271286,672,2.2779695987701416
1648749393.9881551,676,2.273615598678589
1648749394.0207865,678,2.262725591659546
1648749394.0364847,679,2.2758452892303467
1648749394.083116,682,2.2726919651031494
1648749394.1297371,685,2.266120195388794
1648749394.1752098,688,2.2638309001922607
1648749394.2990801,696,2.264049530029297
1648749394.3291442,698,2.268890380859375
1648749394.4858818,708,2.257396936416626
1648749394.626458,717,2.271494150161743
1648749394.657291,719,2.2666964530944824
1648749394.689281,721,2.258263111114502
1648749394.7205222,723,2.255239486694336
1648749394.751014,725,2.261277437210083
1648749394.784138,727,2.253478765487671
1648749394.923495,736,2.258859157562256
1648749395.2034502,754,2.2516469955444336
1648749395.2199497,755,2.2487633228302
1648749395.2354703,756,2.2461676597595215
1648749395.2957428,760,2.23356556892395
1648749395.3278096,762,2.248469829559326
1648749395.357757,764,2.253253936767578
1648749395.4188695,768,2.2367336750030518
1648749395.4831254,772,2.24653697013855
1648749395.5138247,774,2.240675449371338
1648749395.6386566,782,2.2450623512268066
1648749395.6864417,785,2.2390806674957275
1648749395.840339,795,2.2467830181121826
1648749395.8730648,797,2.232872486114502
1648749395.9181304,800,2.2256410121917725
1648749395.9332893,801,2.2272377014160156
1648749396.0278761,807,2.236193895339966
1648749396.074263,810,2.2373082637786865
1648749396.0916204,811,2.222872734069824
1648749396.121321,813,2.2206342220306396
1648749396.6332438,846,2.2131845951080322
1648749396.6936266,850,2.2103898525238037
1648749396.815165,858,2.208636999130249
1648749396.9073544,864,2.201429843902588
1648749396.9224248,865,2.1982486248016357
1648749396.953607,867,2.200556755065918
1648749396.9690697,868,2.189279079437256
1648749397.1205137,878,2.205634593963623
1648749397.183393,882,2.1917221546173096
1648749397.1985254,883,2.1899280548095703
1648749397.4288704,898,2.1686298847198486
1648749397.6463645,912,2.1846823692321777
1648749397.7243183,917,2.1620771884918213
1648749397.7553139,919,2.1578736305236816
1648749397.8325903,924,2.160343885421753
1648749397.9709816,933,2.129220724105835
1648749397.9858081,934,2.127318859100342
1648749398.0067742,935,2.142659902572632
1648749399.4759476,939,2.109187126159668
1648749399.567116,945,2.13496994972229
1648749399.6119597,948,2.091804265975952
1648749399.6593578,951,2.1173548698425293
1648749399.7196858,955,2.0874204635620117
1648749399.7352057,956,2.1111955642700195
1648749399.8139434,961,2.0923407077789307
1648749399.9225943,968,2.0825042724609375
1648749399.9373734,969,2.09053635597229
1648749400.0143642,974,2.0852832794189453
1648749400.1206768,981,2.0650882720947266
1648749400.1808474,985,2.0647878646850586
1648749400.273593,991,2.0586938858032227
1648749400.323039,994,2.0118167400360107
1648749400.4301789,1001,2.037872552871704
1648749400.5691733,1010,2.0040807723999023
1648749400.6316323,1014,2.00866436958313
1648749400.7852554,1024,1.9453896284103394
1648749400.9397893,1034,1.9494215250015259
1648749401.0021498,1038,1.944563388824463
1648749401.0807247,1043,1.8694888353347778
1648749401.1888928,1050,1.8504000902175903
1648749401.2193081,1052,1.917588233947754
1648749401.2494397,1054,1.8940495252609253
1648749401.281532,1056,1.8869737386703491
1648749401.3145263,1058,1.883068323135376
1648749401.344098,1060,1.8362759351730347
1648749401.4223702,1065,1.8557004928588867
1648749401.4831936,1069,1.8000245094299316
1648749401.499925,1070,1.8579119443893433
1648749401.5154512,1071,1.8076159954071045
1648749401.5310051,1072,1.7981504201889038
1648749401.5612662,1074,1.8018620014190674
1648749401.6087365,1077,1.7898943424224854
1648749401.6394145,1079,1.7872689962387085
1648749401.903824,1096,1.7771319150924683
1648749401.937545,1098,1.7370730638504028
1648749401.9514065,1099,1.7100257873535156
1648749401.981525,1101,1.7385140657424927
1648749402.0127027,1103,1.789622187614441
1648749402.1209805,1110,1.702283263206482
1648749402.1360195,1111,1.621114730834961
1648749402.1531007,1112,1.7196729183197021
1648749402.4029472,1128,1.618769645690918
1648749402.4333434,1130,1.6488404273986816
1648749402.542675,1137,1.5663608312606812
1648749402.681446,1146,1.5622098445892334
1648749402.7603035,1151,1.5382063388824463
1648749402.775824,1152,1.5628231763839722
1648749402.8089466,1154,1.4800519943237305
1648749402.8236532,1155,1.5177979469299316
1648749402.9321663,1162,1.4511295557022095
1648749403.0468693,1169,1.3827605247497559
1648749403.1575828,1176,1.4502270221710205
1648749403.2361386,1181,1.3776581287384033
1648749403.3014657,1185,1.3911916017532349
1648749403.4448676,1194,1.3563811779022217
1648749403.4607236,1195,1.353664517402649
1648749403.5088794,1198,1.2867892980575562
1648749403.5875704,1203,1.3119573593139648
1648749403.6193318,1205,1.2581180334091187
1648749403.6347134,1206,1.3456783294677734
1648749403.6817985,1209,1.3215513229370117
1648749403.7154841,1211,1.295655608177185
1648749403.8292418,1218,1.2591781616210938
1648749404.0716488,1233,1.1777844429016113
1648749404.3112442,1248,1.179461121559143
1648749404.3444333,1250,1.1051578521728516
1648749404.358384,1251,1.1339741945266724
1648749404.6155918,1267,1.1443283557891846
1648749404.6322787,1268,1.1033093929290771
1648749404.6487248,1269,1.072239875793457
1648749404.6653285,1270,1.1568444967269897
1648749404.7021945,1272,1.0527303218841553
1648749404.7207751,1273,1.0909984111785889
1648749404.8178446,1279,1.0455211400985718
1648749404.8822172,1283,1.0735276937484741
1648749404.9301186,1286,1.0801024436950684
1648749405.2846105,1309,1.0360908508300781
1648749405.2992575,1310,0.968502938747406
1648749405.3142562,1311,0.9493700265884399
1648749405.3783016,1315,0.9844138622283936
1648749405.5307617,1325,0.9248741865158081
1648749405.6698372,1334,0.9193783402442932
1648749405.795116,1342,0.9459571838378906
1648749405.8899763,1348,0.9774600267410278
1648749405.9222605,1350,0.8407962322235107
1648749405.937045,1351,0.8748555183410645
1648749405.9522414,1352,0.9398916363716125
1648749406.0121658,1356,0.8828786611557007
1648749406.0441031,1358,0.8416708707809448
1648749406.1370952,1364,0.8466249704360962
1648749406.1827211,1367,0.8647211194038391
1648749406.2127688,1369,0.8321685791015625
1648749406.2280073,1370,0.8922125101089478
1648749406.2447848,1371,0.8994042873382568
1648749406.3374238,1377,0.8504430055618286
1648749406.7106357,1401,0.9000423550605774
1648749408.305233,1411,0.6794260740280151
1648749408.3391054,1413,0.7804213166236877
1648749408.4459248,1420,0.7344844341278076
1648749408.491914,1423,0.7534282803535461
1648749408.6527827,1433,0.6675359010696411
1648749408.7146146,1437,0.6827048659324646
1648749408.7450902,1439,0.7682232856750488
1648749408.8222995,1444,0.7669259309768677
1648749408.8850338,1448,0.7004029154777527
1648749408.9300928,1451,0.7300452589988708
1648749409.0222642,1457,0.7278690338134766
1648749409.1151,1463,0.6972463726997375
1648749409.2216687,1470,0.5963155031204224
1648749409.2678819,1473,0.6271843910217285
1648749409.2986584,1475,0.6514794826507568
1648749409.3140497,1476,0.64617919921875
1648749409.3438716,1478,0.7643635272979736
1648749409.358594,1479,0.631041407585144
1648749409.4352946,1484,0.5762244462966919
1648749409.5245345,1490,0.6390259861946106
1648749409.555028,1492,0.6021443009376526
1648749409.5708969,1493,0.6261076331138611
1648749409.6636107,1499,0.5973628759384155
1648749409.6937547,1501,0.6795686483383179
1648749409.8659992,1512,0.5748933553695679
1648749409.973613,1519,0.5434043407440186
1648749410.2417846,1536,0.5929812788963318
1648749410.2571125,1537,0.5222427248954773
1648749410.321105,1541,0.5766503810882568
1648749410.3516097,1543,0.5651360154151917
1648749410.3983133,1546,0.5600399374961853
1648749410.4139974,1547,0.5657305121421814
1648749410.4438705,1549,0.5818518400192261
1648749410.4747145,1551,0.7011343836784363
1648749410.6935575,1565,0.5483688712120056
1648749410.803162,1572,0.6272786259651184
1648749410.8656328,1576,0.48999324440956116
1648749410.9906292,1584,0.532844603061676
1648749411.0053518,1585,0.5576314330101013
1648749411.2543666,1601,0.4644585847854614
1648749411.2859514,1603,0.592139482498169
1648749411.3478768,1607,0.4183722734451294
1648749411.3633041,1608,0.4840681850910187
1648749411.628433,1625,0.5462184548377991
1648749411.7534661,1633,0.4619062840938568
1648749411.768733,1634,0.5694233179092407
1648749411.8328571,1638,0.5335546731948853
1648749411.862723,1640,0.5591395497322083
1648749412.001375,1649,0.37584441900253296
1648749412.0349667,1651,0.5013247728347778
1648749412.080131,1654,0.5903854966163635
1648749412.1249673,1657,0.5354208946228027
1648749412.1429002,1658,0.49809136986732483
1648749412.158075,1659,0.34737643599510193
1648749412.2528307,1665,0.45638811588287354
1648749412.297163,1668,0.4040994644165039
1648749412.3274183,1670,0.3921947479248047
1648749412.4049234,1675,0.44132575392723083
1648749412.4670897,1679,0.3143734931945801
1648749412.5117528,1682,0.47451862692832947
1648749412.5752664,1686,0.5898124575614929
1648749412.6048,1688,0.45068982243537903
1648749412.6199899,1689,0.40811771154403687
1648749412.8707473,1705,0.3626724183559418
1648749412.96544,1711,0.5123984813690186
1648749412.9806962,1712,0.3565255105495453
1648749413.1041396,1720,0.3480365574359894
1648749413.1683362,1724,0.3616034984588623
1648749413.3130708,1733,0.34400078654289246
1648749413.3289547,1734,0.49859896302223206
1648749413.396868,1738,0.42225170135498047
1648749413.5095177,1745,0.37603887915611267
1648749413.5254238,1746,0.5859735608100891
1648749413.5448563,1747,0.5282717943191528
1648749413.8241262,1764,0.4007568061351776
1648749413.8851416,1768,0.3838527798652649
1648749413.9794354,1774,0.35393714904785156
1648749413.994827,1775,0.43975895643234253
1648749414.0108218,1776,0.4668766260147095
1648749414.303893,1795,0.43619289994239807
1648749414.3335707,1797,0.36587589979171753
1648749414.3794928,1800,0.3168443739414215
1648749414.5125535,1808,0.48070064187049866
1648749414.601006,1813,0.28035616874694824
1648749414.670058,1817,0.3491784930229187
1648749414.8372314,1826,0.41401660442352295
1648749414.8830302,1829,0.32000234723091125
1648749414.898484,1830,0.3574748933315277
1648749414.9774277,1835,0.37859612703323364
1648749415.007927,1837,0.31465229392051697
1648749415.0736086,1841,0.3177926242351532
1648749415.3085732,1854,0.2853344678878784
1648749415.418421,1861,0.30848994851112366
1648749415.4491634,1863,0.31053513288497925
1648749415.5902548,1872,0.27886471152305603
1648749415.6241164,1874,0.294480562210083
1648749417.1604066,1878,0.3366948366165161
1648749417.205692,1881,0.39093005657196045
1648749417.2536924,1884,0.3659179210662842
1648749417.284157,1886,0.35918861627578735
1648749417.3617182,1891,0.2863174378871918
1648749417.3911126,1893,0.4461907148361206
1648749417.439175,1896,0.4117225706577301
1648749417.4682968,1898,0.2835254669189453
1648749417.483348,1899,0.3041236400604248
1648749417.5132825,1901,0.43762707710266113
1648749417.5451329,1903,0.35248130559921265
1648749417.6203964,1908,0.3523666560649872
1648749417.6521282,1910,0.27425718307495117
1648749417.6964843,1913,0.26010218262672424
1648749417.8326488,1922,0.3057575523853302
1648749417.8666987,1924,0.27418002486228943
1648749417.9545596,1930,0.5194305181503296
1648749417.9713454,1931,0.26584377884864807
1648749418.0008962,1933,0.2988045811653137
1648749418.0611517,1937,0.37415334582328796
1648749418.0783305,1938,0.34172672033309937
1648749418.1073308,1940,0.35030919313430786
1648749418.1377437,1942,0.24051913619041443
1648749418.1531017,1943,0.3569360077381134
1648749418.230405,1948,0.2206682711839676
1648749418.5082514,1966,0.1768883764743805
1648749418.6900377,1978,0.21689638495445251
1648749418.7229745,1980,0.3223852813243866
1648749418.8332453,1987,0.3155018985271454
1648749419.0995176,2004,0.23981672525405884
1648749419.1452494,2007,0.19734857976436615
1648749419.2695203,2015,0.2801764905452728
1648749419.3455274,2020,0.18523836135864258
1648749419.3603654,2021,0.2549932301044464
1648749419.4077878,2024,0.19923505187034607
1648749419.4538095,2027,0.231552392244339
1648749419.46891,2028,0.27610576152801514
1648749419.5618703,2034,0.27848726511001587
1648749419.5935886,2036,0.2534674108028412
1648749419.6089056,2037,0.19423426687717438
1648749419.6397386,2039,0.15070703625679016
1648749419.7478118,2046,0.22671546041965485
1648749419.7625735,2047,0.24310369789600372
1648749419.9485526,2059,0.24243749678134918
1648749420.0089543,2063,0.381858229637146
1648749420.0251853,2064,0.12747937440872192
1648749420.086539,2068,0.31128114461898804
1648749420.101163,2069,0.312730997800827
1648749420.1337152,2071,0.2386961132287979
1648749420.1633918,2073,0.21628254652023315
1648749420.1782336,2074,0.2680490016937256
1648749420.1930475,2075,0.26359474658966064
1648749420.2561038,2079,0.25013279914855957
1648749420.3169549,2083,0.26885178685188293
1648749420.395039,2088,0.19097957015037537
1648749420.4724612,2093,0.3281615972518921
1648749420.5490062,2098,0.18967914581298828
1648749420.611098,2102,0.30235087871551514
1648749420.6566513,2105,0.18021871149539948
1648749420.6883025,2107,0.21344974637031555
1648749420.7819118,2113,0.2468765527009964
1648749420.9236648,2122,0.1783556491136551
1648749420.9842749,2126,0.25421464443206787
1648749421.0921483,2133,0.23562543094158173
1648749421.1869268,2139,0.17675995826721191
1648749421.2519608,2143,0.2358679473400116
1648749421.333162,2148,0.27502676844596863
1648749421.3965461,2152,0.2482774555683136
1648749421.4126348,2153,0.24427007138729095
1648749421.4782186,2157,0.2749558687210083
1648749421.5272791,2160,0.1570391058921814
1648749421.543986,2161,0.26713648438453674
1648749421.6116548,2165,0.15966272354125977
1648749421.6931205,2170,0.1940096616744995
1648749421.8846025,2182,0.2824769616127014
1648749422.162994,2200,0.13652904331684113
1648749422.304147,2209,0.25321823358535767
1648749422.3824692,2214,0.2720600664615631
1648749422.4132285,2216,0.21508361399173737
1648749422.4798234,2220,0.20847122371196747
1648749422.6513176,2231,0.18742728233337402
1648749422.7452488,2237,0.1718316227197647
1648749422.809635,2241,0.21944767236709595
1648749422.8594913,2244,0.32951703667640686
1648749422.968205,2251,0.15852095186710358
1648749423.2915618,2270,0.19575169682502747
1648749423.465467,2281,0.21358852088451385
1648749423.5913103,2289,0.1547480970621109
1648749423.8065286,2302,0.1719987690448761
1648749423.9385693,2310,0.2767461836338043
1648749424.0026498,2314,0.17314378917217255
1648749424.085741,2319,0.12108833342790604
1648749424.1576133,2323,0.16147452592849731
1648749424.3328896,2334,0.0815221294760704
1648749424.3643546,2336,0.13566581904888153
1648749424.4476306,2341,0.13648810982704163
1648749424.4684663,2342,0.12730015814304352
1648749426.037336,2349,0.27375006675720215
1648749426.0526865,2350,0.17062437534332275
1648749426.1022868,2353,0.07528223842382431
1648749426.1175473,2354,0.2317589819431305
1648749426.2268164,2361,0.12906664609909058
1648749426.3378353,2368,0.174611434340477
1648749426.4486127,2375,0.16468405723571777
1648749426.5595136,2382,0.10707245767116547
1648749426.7330198,2393,0.1313493400812149
1648749426.7478244,2394,0.18650394678115845
1648749426.7629135,2395,0.16568468511104584
1648749426.8418663,2400,0.09474948048591614
1648749426.8722525,2402,0.15606069564819336
1648749426.9181852,2405,0.14981794357299805
1648749426.9810803,2409,0.12461225688457489
1648749427.0115962,2411,0.11056094616651535
1648749427.0431445,2413,0.13879479467868805
1648749427.060447,2414,0.1437912881374359
1648749427.075768,2415,0.12189570814371109
1648749427.2229373,2424,0.20575380325317383
1648749427.2382653,2425,0.15176482498645782
1648749427.2858207,2428,0.11116627603769302
1648749427.3166132,2430,0.1253412961959839
1648749427.362796,2433,0.20962850749492645
1648749427.7013094,2455,0.13618208467960358
1648749427.717671,2456,0.11605867743492126
1648749427.779392,2460,0.06835237145423889
1648749427.8570368,2465,0.1736023873090744
1648749428.0902445,2480,0.1445281058549881
1648749428.1054223,2481,0.14517919719219208
1648749428.1211026,2482,0.09006386995315552
1648749428.1533673,2484,0.10397657006978989
1648749428.2005572,2487,0.08123577386140823
1648749428.279685,2492,0.17612648010253906
1648749428.3737814,2498,0.06377923488616943
1648749428.4995043,2506,0.14693771302700043
1648749428.514562,2507,0.1201617643237114
1648749428.5950155,2512,0.1593683362007141
1648749428.6091373,2513,0.06550061702728271
1648749428.6836953,2518,0.214960977435112
1648749428.895192,2532,0.052210960537195206
1648749429.0013335,2539,0.11469443142414093
1648749429.0330837,2541,0.1868906468153
1648749429.2117043,2552,0.11450447142124176
1648749429.22661,2553,0.19851015508174896
1648749429.7294312,2584,0.08469342440366745
1648749429.8570874,2592,0.12397070974111557
1648749429.872441,2593,0.06762421876192093
1648749429.8877594,2594,0.16737234592437744
1648749429.9201837,2596,0.04135163128376007
1648749429.9356468,2597,0.07934980094432831
1648749429.9503903,2598,0.10311567783355713
1648749430.1845741,2613,0.1360161155462265
1648749430.4145024,2628,0.17662644386291504
1648749430.429686,2629,0.10593412816524506
1648749430.4776666,2632,0.12176530063152313
1648749430.5534177,2637,0.09837176650762558
1648749430.6318557,2642,0.13881759345531464
1648749430.6624823,2644,0.1075248271226883
1648749430.8574038,2656,0.03978808969259262
1648749430.987142,2664,0.14732956886291504
1648749431.0218089,2666,0.040833331644535065
1648749431.1003156,2671,0.041717953979969025
1648749431.3743007,2688,0.13768154382705688
1648749431.434063,2692,0.07962585240602493
1648749431.4962208,2696,0.14408992230892181
1648749431.620382,2704,0.21726590394973755
1648749431.6354716,2705,0.2092251032590866
1648749431.6999915,2709,0.13844497501850128
1648749431.794093,2715,0.17192095518112183
1648749431.83949,2718,0.19881804287433624
1648749431.8547363,2719,0.13182726502418518
1648749432.0141306,2729,0.13849076628684998
1648749432.0751638,2733,0.09015362709760666
1648749432.1049402,2735,0.03906413912773132
1648749432.1366007,2737,0.12262557446956635
1648749432.1669781,2739,0.2081662118434906
1648749432.1817813,2740,0.15054970979690552
1648749432.3482795,2750,0.14697636663913727
1648749432.395104,2753,0.09905587136745453
1648749432.4739068,2758,0.1288708746433258
1648749432.5727417,2764,0.07759859412908554
1648749432.5890806,2765,0.0819406732916832
1648749432.6049604,2766,0.1451587677001953
1648749432.6358736,2768,0.16209524869918823
1648749432.6517768,2769,0.10985742509365082
1648749432.684523,2771,0.1241244301199913
1648749432.7153566,2773,0.1023407131433487
1648749432.7952862,2778,0.06109495088458061
1648749432.8256223,2780,0.15454982221126556
1648749432.8753006,2783,0.1556873768568039
1648749432.8909426,2784,0.11838892102241516
1648749432.9235113,2786,0.08866342157125473
1648749433.2291265,2805,0.14737571775913239
1648749434.8966482,2816,0.16767235100269318
1648749434.9264157,2818,0.09597872942686081
1648749434.9414654,2819,0.11159975826740265
1648749434.9738011,2821,0.1747892200946808
1648749434.989048,2822,0.12673237919807434
1648749435.1774976,2833,0.14863789081573486
1648749435.2077305,2835,0.07637737691402435
1648749435.253513,2838,0.1382664442062378
1648749435.285816,2840,0.11778457462787628
1648749435.300991,2841,0.16317304968833923
1648749435.347358,2844,0.09519121050834656
1648749435.396433,2847,0.12377031147480011
1648749435.4753354,2852,0.0791962668299675
1648749435.5124173,2854,0.1411728411912918
1648749435.6053216,2860,0.05712259188294411
1648749435.6712434,2864,0.08376570791006088
1648749435.6867323,2865,0.17780238389968872
1648749435.7029068,2866,0.06577551364898682
1648749435.7529361,2869,0.06920210272073746
1648749435.768739,2870,0.11477331817150116
1648749435.8003492,2872,0.10903532803058624
1648749435.8325698,2874,0.10613714903593063
1648749435.8967817,2878,0.07770448178052902
1648749435.9635384,2882,0.14095385372638702
1648749436.0087156,2885,0.05788223817944527
1648749436.0242522,2886,0.10546175390481949
1648749436.0553648,2888,0.07397066056728363
1648749436.0715961,2889,0.13634830713272095
1648749436.181273,2896,0.12487403303384781
1648749436.2117484,2898,0.11504381895065308
1648749436.2270858,2899,0.18101099133491516
1648749436.3681102,2908,0.09800191968679428
1648749436.4456084,2913,0.12825748324394226
1648749436.5388823,2919,0.1302877515554428
1648749436.5691357,2921,0.04727854207158089
1648749436.6163301,2924,0.10762552171945572
1648749436.6313944,2925,0.07769463956356049
1648749436.661909,2927,0.05749975144863129
1648749436.7071126,2930,0.10599358379840851
1648749436.8619668,2940,0.10765759646892548
1648749436.877052,2941,0.12480123341083527
1648749437.015106,2950,0.07620877772569656
1648749437.0944653,2955,0.21647457778453827
1648749437.330097,2970,0.17240509390830994
1648749437.4396446,2977,0.08172505348920822
1648749437.455823,2978,0.09321747720241547
1648749437.6052597,2987,0.08919500559568405
1648749437.701119,2993,0.05717286095023155
1648749437.7204285,2994,0.07546588778495789
1648749437.8206942,3000,0.0354313850402832
1648749437.869228,3003,0.0581238679587841
1648749438.001052,3011,0.08643348515033722
1648749438.0319078,3013,0.08756505697965622
1648749438.0649767,3015,0.07875761389732361
1648749438.1116588,3018,0.10022447258234024
1648749438.1899393,3023,0.08021874725818634
1648749438.2051165,3024,0.0783059224486351
1648749438.3535726,3033,0.08814734220504761
1648749438.435581,3038,0.18220049142837524
1648749438.4862761,3041,0.11773329228162766
1648749438.5847077,3047,0.07603487372398376
1648749438.648798,3051,0.12616713345050812
1648749438.6800587,3053,0.0739814043045044
1648749438.7105474,3055,0.0585261769592762
1648749438.9601493,3071,0.08795256167650223
1648749438.9746754,3072,0.11697934567928314
1648749438.9899104,3073,0.23931823670864105
1648749439.034083,3076,0.15121328830718994
1648749439.1574073,3084,0.10047470778226852
1648749439.1761994,3085,0.07985148578882217
1648749439.363115,3097,0.15138548612594604
1648749439.3783824,3098,0.12340068817138672
1648749439.4425526,3102,0.08395494520664215
1648749439.5115697,3106,0.220451220870018
1648749439.544477,3108,0.24886523187160492
1648749439.6711216,3116,0.28036606311798096
1648749439.7346709,3120,0.16543208062648773
1648749439.8565023,3127,0.09325699508190155
1648749440.0088162,3136,0.1880100518465042
1648749440.038192,3138,0.12691248953342438
1648749440.068913,3140,0.09062523394823074
1648749440.1763613,3147,0.12282870709896088
1648749440.193398,3148,0.10579744726419449
1648749440.2233179,3150,0.2053307592868805
1648749440.241285,3151,0.18402208387851715
1648749440.2916913,3154,0.1921582818031311
1648749440.3086567,3155,0.11392256617546082
1648749440.4349527,3163,0.027716966345906258
1648749440.5119195,3168,0.07331452518701553
1648749440.5296514,3169,0.18208518624305725
1648749440.6374953,3176,0.1240789145231247
1648749440.6991167,3180,0.11191140860319138
1648749440.855538,3190,0.253144770860672
1648749440.9150548,3194,0.18507029116153717
1648749440.9624913,3197,0.15089985728263855
1648749441.1313255,3208,0.17567291855812073
1648749441.1784122,3211,0.1402464061975479
1648749441.2544777,3216,0.15983819961547852
1648749441.3477576,3222,0.17677851021289825
1648749441.379047,3224,0.09863696247339249
1648749441.639526,3240,0.14315073192119598
1648749441.6712418,3242,0.03199014812707901
1648749441.6872935,3243,0.08886879682540894
1648749441.719262,3245,0.224131241440773
1648749441.737126,3246,0.049335554242134094
1648749441.8165777,3251,0.14268751442432404
1648749441.9854937,3261,0.09544392675161362
1648749442.0024772,3262,0.13668861985206604
1648749442.0333977,3264,0.102215975522995
1648749442.048803,3265,0.13840234279632568
1648749442.0971565,3268,0.10055091232061386
1648749442.2065833,3275,0.1496877521276474
1648749442.2355433,3277,0.19776421785354614
1648749442.2507963,3278,0.22031714022159576
1648749443.9643345,3293,0.21302302181720734
1648749444.057711,3299,0.12339524179697037
1648749444.151419,3305,0.34390193223953247
1648749444.1826797,3307,0.1518401950597763
1648749444.2004533,3308,0.089467354118824
1648749444.25195,3311,0.26109856367111206
1648749444.2977507,3314,0.20108628273010254
1648749444.313295,3315,0.13643449544906616
1648749444.407203,3321,0.2306245118379593
1648749444.5639102,3331,0.1850060671567917
1648749444.5795238,3332,0.17889997363090515
1648749444.6253138,3335,0.07444047927856445
1648749444.6410074,3336,0.09885162115097046
1648749444.7505085,3343,0.19523966312408447
1648749444.7822418,3345,0.28866490721702576
1648749444.8441439,3349,0.08498809486627579
1648749444.8941932,3352,0.23185494542121887
1648749444.9094198,3353,0.45090416073799133
1648749444.9552865,3356,0.1542178839445114
1648749445.049802,3362,0.21998873353004456
1648749445.12902,3367,0.2123883068561554
1648749445.286519,3377,0.20817656815052032
1648749445.3174338,3379,0.1644860804080963
1648749445.3341694,3380,0.3654939532279968
1648749445.4572341,3388,0.36415958404541016
1648749445.5037289,3391,0.2707595229148865
1648749445.6764321,3402,0.1961502730846405
1648749446.0361507,3425,0.2437104880809784
1648749446.3686566,3446,0.4602586030960083
1648749446.3841875,3447,0.36853528022766113
1648749446.607295,3460,0.11795777082443237
1648749446.6587052,3463,0.1596078872680664
1648749446.7298918,3467,0.1702193319797516
1648749446.7475731,3468,0.20742131769657135
1648749446.852313,3474,0.24900083243846893
1648749446.9767983,3481,0.19753992557525635
1648749447.0151963,3483,0.24527394771575928
1648749447.0635097,3486,0.2211306244134903
1648749447.1711721,3493,0.1847766488790512
1648749447.2335176,3497,0.2291085422039032
1648749447.34094,3504,0.43750014901161194
1648749447.4305365,3510,0.3221662640571594
1648749447.477573,3513,0.23149733245372772
1648749447.5078585,3515,0.41825172305107117
1648749447.6926448,3527,0.32668623328208923
1648749447.7527294,3531,0.6799082159996033
1648749447.7847805,3533,0.47937265038490295
1648749448.047049,3550,0.5348464846611023
1648749448.1093247,3554,0.34203454852104187
1648749448.2632844,3564,0.31903353333473206
1648749448.3102748,3567,0.3485075533390045
1648749448.4333553,3575,0.3743812143802643
1648749448.5415566,3582,0.48481932282447815
1648749448.6690454,3590,0.41299155354499817
1648749448.7154071,3593,0.4184098541736603
1648749448.8172698,3599,0.2336418479681015
1648749448.9443824,3607,0.7069407105445862
1648749448.958409,3608,0.3806060254573822
1648749449.1130204,3618,0.5406342148780823
1648749449.1434944,3620,0.6028979420661926
1648749449.2137752,3624,0.7795566320419312
1648749449.3162186,3630,0.6925297975540161
1648749449.3678818,3633,0.591937780380249
1648749449.4014242,3635,0.9466108083724976
1648749449.4183064,3636,0.6484349966049194
1648749449.4541152,3638,0.3852306008338928
1648749449.489871,3640,0.9377524852752686
1648749449.52728,3642,0.6498616337776184
1648749449.573183,3645,0.5865508317947388
1648749449.6653686,3651,0.7982540130615234
1648749449.741364,3656,0.9725342988967896
1648749449.9031775,3666,0.7629597187042236
1648749449.918564,3667,0.6062842607498169
1648749450.0796974,3677,0.8060965538024902
1648749450.3410563,3693,1.0732028484344482
1648749450.3718472,3695,1.5243797302246094
1648749450.3875215,3696,0.9461675882339478
1648749450.4196875,3698,1.505562424659729
1648749450.435619,3699,1.1329634189605713
1648749450.5200388,3704,1.1219003200531006
1648749450.5684135,3707,0.7684364318847656
1648749450.6300368,3711,1.1666988134384155
1648749450.708653,3716,0.8439443111419678
1648749450.7268572,3717,0.6689525246620178
1648749450.744667,3718,1.0409117937088013
1648749450.7620492,3719,0.7298837900161743
1648749450.8308039,3723,0.8202025294303894
1648749450.9093494,3728,0.9745554327964783
1648749450.9864802,3733,1.1046926975250244
1648749451.0511353,3737,1.0267359018325806
1648749451.1445606,3743,1.4378998279571533
1648749451.1918595,3746,1.4116541147232056
1648749452.7602425,3753,1.690118432044983
1648749452.791716,3755,1.3072618246078491
1648749452.9177928,3763,1.7280503511428833
1648749452.950527,3765,2.1984219551086426
1648749453.1408622,3777,4.638216495513916
1648749453.4925983,3799,3.37249755859375
1648749453.5249946,3801,4.001916408538818
1648749453.6382694,3808,3.5002334117889404
1648749453.7503898,3815,3.372236967086792
1648749453.844648,3821,1.7182971239089966
1648749453.9398582,3827,1.861782431602478
1648749453.9567938,3828,1.906478762626648
1648749454.0837245,3836,1.9985005855560303
1648749454.098824,3837,2.600364923477173
1648749454.210465,3844,2.320735216140747
1648749454.3047204,3850,2.339627265930176
1648749454.3977082,3856,2.9670677185058594
1648749454.598652,3869,2.059333324432373
1648749454.646701,3872,2.145925521850586
1648749454.6615005,3873,2.9731273651123047
1648749454.6926556,3875,2.5181148052215576
1648749454.7546618,3879,3.8429646492004395
1648749454.7997086,3882,3.749919891357422
1648749454.880273,3887,4.772675037384033
1648749454.9132473,3889,3.4369139671325684
1648749455.0923865,3900,5.314137935638428
1648749455.1389248,3903,6.753909111022949
1648749455.2647893,3911,4.946503162384033
1648749455.3954647,3919,5.8193254470825195
1648749455.4254925,3921,5.198366165161133
1648749455.455677,3923,4.363333702087402
1648749455.5671275,3930,3.9101996421813965
1648749455.5828557,3931,5.0617451667785645
1648749455.6779168,3937,9.94316291809082
1648749455.7262669,3940,15.970544815063477
1648749455.977025,3956,21.029603958129883
1648749456.058684,3961,8.85706615447998
1648749456.1191056,3965,17.661407470703125
1648749456.276475,3975,10.797781944274902
1648749456.3085732,3977,12.72972297668457
1648749456.3237011,3978,13.171027183532715
1648749456.4495327,3986,11.988767623901367
1648749456.5286036,3991,10.740306854248047
1648749456.5591571,3993,9.697391510009766
1648749456.6103785,3996,10.29023265838623
1648749456.656742,3999,13.567527770996094
1648749456.8558812,4012,11.08476448059082
1648749456.9802895,4020,13.453893661499023
1648749457.0116403,4022,12.640829086303711
1648749457.0753381,4026,22.543174743652344
1648749457.1211445,4029,14.113072395324707
1648749457.1703973,4032,8.660191535949707
1648749457.2973514,4040,8.865302085876465
1648749457.3422933,4043,11.050810813903809
1648749457.3913496,4046,12.694767951965332
1648749457.5535,4056,17.492027282714844
1648749457.7150896,4066,16.941858291625977
1648749457.871607,4076,10.665997505187988
1648749457.9360418,4080,14.155415534973145
1648749458.027699,4086,19.039731979370117
1648749458.0610056,4088,21.061920166015625
1648749458.0765676,4089,13.906402587890625
1648749458.121974,4092,20.366191864013672
1648749458.1709623,4095,14.451740264892578
1648749458.186337,4096,14.930437088012695
1648749458.2019434,4097,17.367202758789062
1648749458.2171445,4098,17.52262306213379
1648749458.2487464,4100,15.840510368347168
1648749458.2806466,4102,15.936168670654297
1648749458.295882,4103,19.600252151489258
1648749458.3422346,4106,12.768050193786621
1648749458.3744984,4108,23.445785522460938
1648749458.4355266,4112,23.87077522277832
1648749458.528889,4118,18.2078857421875
1648749458.731278,4131,11.778440475463867
1648749458.8560848,4139,11.889474868774414
1648749458.8714986,4140,7.743435382843018
1648749458.8869717,4141,13.220196723937988
1648749458.9337585,4144,9.579310417175293
1648749458.9488292,4145,13.08869743347168
1648749458.9797435,4147,12.287158012390137
1648749459.0571225,4152,22.6739559173584
1648749459.087215,4154,17.460805892944336
1648749459.1167245,4156,13.053352355957031
1648749459.1483753,4158,19.278039932250977
1648749459.1636305,4159,21.805124282836914
1648749459.1938767,4161,18.103809356689453
1648749459.3180485,4169,11.378101348876953
1648749459.3330681,4170,15.678840637207031
1648749459.3796058,4173,18.120601654052734
1648749459.548548,4184,13.183741569519043
1648749459.7494507,4197,12.480042457580566
1648749459.7643912,4198,13.676494598388672
1648749459.7970076,4200,14.827974319458008
1648749459.9672556,4211,16.016769409179688
1648749460.0009754,4213,17.36895751953125
1648749460.0808322,4218,10.004054069519043
1648749461.5783346,4221,11.698850631713867
1648749461.608452,4223,14.691869735717773
1648749461.654546,4226,10.932367324829102
1648749461.6870573,4228,9.889878273010254
1648749461.7329743,4231,15.763973236083984
1648749461.7482631,4232,17.353933334350586
1648749461.8275285,4237,18.83694076538086
1648749461.8434868,4238,17.2999324798584
1648749461.9847023,4247,15.771505355834961
1648749462.0172374,4249,16.523513793945312
1648749462.1559062,4258,15.358314514160156
1648749462.2817159,4266,9.7037935256958
1648749462.562273,4284,21.766111373901367
1648749462.592491,4286,12.41469955444336
1648749462.6078918,4287,15.925271034240723
1648749462.6384072,4289,15.740884780883789
1648749462.6560931,4290,18.104433059692383
1648749462.6869838,4292,24.182491302490234
1648749462.7023091,4293,24.823062896728516
1648749462.7173076,4294,23.380840301513672
1648749462.7954354,4299,24.503042221069336
1648749462.888716,4305,23.78432273864746
1648749462.9348042,4308,22.638416290283203
1648749463.0517359,4315,27.36528778076172
1648749463.0668209,4316,21.677030563354492
1648749463.081881,4317,19.905241012573242
1648749463.128792,4320,18.336021423339844
1648749463.2379339,4327,25.64484214782715
1648749463.4845111,4343,27.838825225830078
1648749463.5171926,4345,24.296297073364258
1648749463.5336103,4346,23.432361602783203
1648749463.5476341,4347,24.262601852416992
1648749463.5941834,4350,21.123666763305664
1648749463.6095793,4351,18.004249572753906
1648749463.6413956,4353,17.87259292602539
1648749463.6565292,4354,19.81878089904785
1648749463.6717346,4355,16.043394088745117
1648749463.7015183,4357,20.042739868164062
1648749463.8570907,4367,35.60500717163086
1648749463.8726387,4368,23.406787872314453
1648749464.133229,4385,20.566242218017578
1648749464.2585754,4393,15.701067924499512
1648749464.4277506,4404,16.77637481689453
1648749464.4733806,4407,25.63095474243164
1648749464.5214262,4410,12.560992240905762
1648749464.5507784,4412,18.289260864257812
1648749464.6731951,4420,30.78856086730957
1648749464.6882455,4421,32.106201171875
1648749464.7199411,4423,36.832523345947266
1648749464.7352083,4424,29.72228240966797
1648749464.7948048,4428,31.366878509521484
1648749464.8257232,4430,25.452394485473633
1648749465.001883,4441,24.266639709472656
1648749465.0326824,4443,23.83770179748535
1648749465.0796192,4446,19.987834930419922
1648749465.2190664,4455,20.636241912841797
1648749465.2339816,4456,28.384252548217773
1648749465.2665138,4458,11.553851127624512
1648749465.2813075,4459,19.02606201171875
1648749465.42091,4468,28.629989624023438
1648749465.4361937,4469,31.63970375061035
1648749465.451871,4470,27.97350311279297
1648749465.4672115,4471,32.24789047241211
1648749465.5163226,4474,29.171354293823242
1648749465.5470548,4476,33.473262786865234
1648749465.5621746,4477,28.340566635131836
1648749465.6404202,4482,29.775920867919922
1648749465.6556458,4483,26.53029441833496
1648749465.670507,4484,43.06174850463867
1648749465.7027116,4486,11.486957550048828
1648749465.717353,4487,8.582343101501465
1648749465.7929788,4492,28.834949493408203
1648749465.9480088,4502,25.89482307434082
1648749465.9638782,4503,28.509784698486328
1648749466.0569205,4509,36.961788177490234
1648749466.0719101,4510,27.82993507385254
1648749466.134649,4514,23.665563583374023
1648749466.2253013,4520,45.4245491027832
1648749466.2570174,4522,47.21338653564453
1648749466.272412,4523,56.51795959472656
1648749466.3184934,4526,41.91356658935547
1648749466.3507333,4528,50.23634338378906
1648749466.395645,4531,49.39341354370117
1648749466.6651268,4548,70.4751968383789
1648749466.7287617,4552,47.25832748413086
1648749466.7911499,4556,54.24591064453125
1648749466.8071709,4557,56.24496078491211
1648749466.871833,4561,50.2349739074707
1648749466.9500058,4566,39.59842300415039
1648749467.121308,4577,54.020286560058594
1648749467.3369339,4591,47.62577819824219
1648749467.3519573,4592,59.66889190673828
1648749467.3821065,4594,54.133480072021484
1648749467.4307835,4597,44.36566162109375
1648749467.5586555,4605,36.2359504699707
1648749467.7393956,4616,26.014877319335938
1648749467.8423138,4622,34.60818862915039
1648749467.8875027,4625,43.676597595214844
1648749467.935953,4628,27.98503303527832
1648749468.0754755,4637,34.552032470703125
1648749468.0901785,4638,33.48885726928711
1648749468.1827438,4644,43.95777130126953
1648749468.1980157,4645,53.26305389404297
1648749468.2610412,4649,52.79116439819336
1648749468.3212044,4653,27.906307220458984
1648749468.3687203,4656,45.14288330078125
1648749468.5307705,4666,43.54544448852539
1648749468.5783813,4669,58.38736343383789
1648749468.59307,4670,59.215110778808594
1648749468.6086013,4671,59.39892578125
1648749468.6236215,4672,63.88948059082031
1648749468.6537943,4674,70.041259765625
1648749468.7812054,4682,56.376991271972656
1648749468.8713472,4688,75.22499084472656
1648749468.884892,4689,56.01559829711914
