Wall time,Step,Value
1648781570.743616,29,0.04003491252660751
1648781570.8814206,37,0.0400560162961483
1648781570.9148085,39,0.040062066167593
1648781570.9658592,42,0.040071725845336914
1648781571.577301,80,0.04025445505976677
1648781571.5926428,81,0.04026077315211296
1648781572.1685643,117,0.040539830923080444
1648781572.3509114,128,0.040645089000463486
1648781572.569771,142,0.040792565792798996
1648781572.8951678,162,0.04102947190403938
1648781573.0907097,174,0.041186410933732986
1648781573.2839634,186,0.04135442525148392
1648781573.5223606,201,0.04157999902963638
1648781573.690453,212,0.04175639525055885
1648781573.8667119,223,0.041942059993743896
1648781574.072518,236,0.042173415422439575
1648781574.2983642,250,0.042437005788087845
1648781574.3301077,252,0.042475879192352295
1648781574.5350816,265,0.0427360013127327
1648781574.7540002,279,0.0430305115878582
1648781574.7699044,280,0.04305211827158928
1648781575.0244157,295,0.04338530823588371
1648781575.1216438,301,0.043523356318473816
1648781575.2818584,311,0.04375948756933212
1648781575.6122265,331,0.04425438866019249
1648781575.805466,343,0.044565778225660324
1648781575.9008048,349,0.044725529849529266
1648781575.9313889,351,0.04477937892079353
1648781576.1644368,365,0.045164719223976135
1648781576.7985854,402,0.046253498643636703
1648781577.3351805,434,0.04727700352668762
1648781577.3531833,435,0.04731020703911781
1648781577.5041428,444,0.047612324357032776
1648781577.5911858,449,0.047782737761735916
1648781577.850345,465,0.04834035784006119
1648781577.8701394,466,0.04837583005428314
1648781579.6942751,479,0.04884359985589981
1648781579.8754444,490,0.04924900457262993
1648781580.2415254,513,0.050124965608119965
1648781580.2892609,516,0.05024203285574913
1648781580.477888,528,0.05071677267551422
1648781580.6059227,536,0.05103899911046028
1648781581.1302502,568,0.05237353593111038
1648781581.321274,580,0.05289269983768463
1648781581.3872979,584,0.05306801199913025
1648781581.4770784,590,0.053333088755607605
1648781581.5097308,592,0.05342201143503189
1648781581.9751291,622,0.054789382964372635
1648781582.0410452,626,0.054976433515548706
1648781582.4970567,653,0.056267935782670975
1648781582.7676654,670,0.057106781750917435
1648781582.8027208,672,0.05720676854252815
1648781582.9036264,678,0.057508353143930435
1648781583.4036984,709,0.05910534784197807
1648781583.68855,727,0.060062237083911896
1648781583.7525346,731,0.06027780845761299
1648781583.8137767,735,0.06049444153904915
1648781584.1935017,759,0.06181643530726433
1648781584.2576642,763,0.06204044446349144
1648781584.6091986,785,0.06329114735126495
1648781584.742436,793,0.06375373154878616
1648781585.6381834,844,0.06679891049861908
1648781586.0111995,866,0.06816315650939941
1648781586.5997941,904,0.07059002667665482
1648781586.8042243,917,0.07144046574831009
1648781588.6371145,940,0.072969950735569
1648781588.7492313,947,0.07344169914722443
1648781588.9265997,958,0.07418885827064514
1648781589.3149376,982,0.07584357261657715
1648781589.4297502,989,0.07633248716592789
1648781589.4608915,991,0.0764726921916008
1648781589.5943785,999,0.0770358145236969
1648781590.2340512,1037,0.07976016402244568
1648781590.6525643,1063,0.08167054504156113
1648781590.8423042,1075,0.08256472647190094
1648781590.9059203,1079,0.08286451548337936
1648781591.7327688,1131,0.0868392214179039
1648781591.9085057,1142,0.08769811689853668
1648781592.0801592,1153,0.08856320381164551
1648781592.1710331,1159,0.08903765678405762
1648781592.2980235,1167,0.08967307955026627
1648781592.4227602,1175,0.09031170606613159
1648781592.4542208,1177,0.09047186374664307
1648781592.548705,1183,0.0909535139799118
1648781593.3254645,1229,0.0947045087814331
1648781593.4054468,1234,0.09511833637952805
1648781593.4910786,1239,0.0955333337187767
1648781594.066734,1273,0.09838607162237167
1648781594.2682433,1285,0.09940549731254578
1648781594.4271152,1295,0.100259929895401
1648781594.4427047,1296,0.10034561902284622
1648781594.7962556,1318,0.10224183648824692
1648781594.956481,1328,0.103110671043396
1648781595.1946168,1343,0.10442191362380981
1648781595.3350267,1352,0.10521318763494492
1648781595.5112395,1363,0.10618485510349274
1648781595.6260414,1370,0.10680577158927917
1648781595.876451,1385,0.10814297944307327
1648781595.8925939,1386,0.10823244601488113
1648781597.8448417,1414,0.11075351387262344
1648781598.0907679,1429,0.11211652308702469
1648781598.3477626,1444,0.11348800361156464
1648781599.054132,1487,0.11746495217084885
1648781599.3387787,1505,0.11914898455142975
1648781599.3682067,1507,0.11933677643537521
1648781599.3850696,1508,0.11943072080612183
1648781599.4001794,1509,0.11952470242977142
1648781599.6933353,1528,0.12131665647029877
1648781600.2783077,1559,0.1242654100060463
1648781600.3116257,1561,0.12445668876171112
1648781600.375106,1565,0.12483961880207062
1648781600.4692328,1571,0.1254149228334427
1648781600.6570396,1582,0.12647247314453125
1648781600.8376274,1593,0.12753359973430634
1648781601.2828388,1620,0.13015297055244446
1648781601.7582476,1650,0.13308696448802948
1648781602.6718488,1707,0.13872478902339935
1648781602.6875,1708,0.13882438838481903
1648781602.7181637,1710,0.13902366161346436
1648781602.9934816,1727,0.14072111248970032
1648781603.0846183,1733,0.14132171869277954
1648781603.4395807,1754,0.14342987537384033
1648781603.975004,1787,0.14676053822040558
1648781604.1493797,1797,0.147773876786232
1648781604.606609,1824,0.15051867067813873
1648781604.8659687,1839,0.1520487666130066
1648781604.920263,1842,0.15235522389411926
1648781605.0959532,1852,0.1533776819705963
1648781605.4614267,1875,0.1557348668575287
1648781607.0815809,1886,0.15686477720737457
1648781607.2030578,1894,0.15768751502037048
1648781607.636739,1922,0.1605731099843979
1648781607.732428,1928,0.16119259595870972
1648781607.7953432,1932,0.16160579025745392
1648781607.8897831,1938,0.1622258871793747
1648781607.9668803,1943,0.16274291276931763
1648781608.403967,1971,0.16564245522022247
1648781608.482375,1976,0.16616091132164001
1648781608.686492,1989,0.16750980913639069
1648781608.7644298,1994,0.16802893579006195
1648781608.922014,2004,0.16906768083572388
1648781608.9693594,2007,0.16937942802906036
1648781609.0783057,2014,0.17010702192783356
1648781609.668768,2052,0.17406104505062103
1648781609.7128103,2055,0.17437344789505005
1648781609.836933,2063,0.17520666122436523
1648781610.2562976,2090,0.17801982164382935
1648781610.4430006,2102,0.1792704463005066
1648781610.664001,2116,0.18072956800460815
1648781611.06881,2142,0.18343903124332428
1648781611.1000173,2144,0.18364740908145905
1648781611.3018572,2157,0.1850016564130783
1648781611.3800282,2162,0.1855224072933197
1648781611.4100266,2164,0.1857306957244873
1648781611.4560215,2167,0.18604308366775513
1648781611.893902,2195,0.1889570951461792
1648781612.0496268,2205,0.18999694287776947
1648781612.064623,2206,0.19010089337825775
1648781612.655906,2244,0.1940464973449707
1648781612.9067018,2260,0.1957046240568161
1648781613.0302231,2268,0.19653286039829254
1648781613.126391,2274,0.19715365767478943
1648781613.1712966,2277,0.19746392965316772
1648781613.2947438,2285,0.1982908844947815
1648781613.6233552,2306,0.20045849680900574
1648781613.874451,2322,0.20210668444633484
1648781614.1416287,2339,0.20385444164276123
1648781614.1569557,2340,0.20395712554454803
1648781615.6753902,2345,0.20447039604187012
1648781615.8967288,2359,0.2059057056903839
1648781616.4326184,2393,0.2093794345855713
1648781616.6663215,2408,0.21090611815452576
1648781617.0907862,2435,0.21364429593086243
1648781617.3544707,2452,0.21536143124103546
1648781618.2539005,2510,0.22117561101913452
1648781618.3010683,2513,0.22147434949874878
1648781618.5803344,2531,0.22326238453388214
1648781618.7809138,2544,0.22454892098903656
1648781619.299109,2577,0.22779574990272522
1648781619.6636121,2599,0.2299444079399109
1648781619.680491,2600,0.2300417572259903
1648781619.8395317,2610,0.23101374506950378
1648781619.995417,2620,0.23198290169239044
1648781620.1494186,2630,0.2329491674900055
1648781620.2459538,2636,0.2335275262594223
1648781620.524416,2654,0.235256165266037
1648781620.6320436,2661,0.23592574894428253
1648781620.724416,2667,0.23649846017360687
1648781620.8494577,2675,0.23726032674312592
1648781621.0519865,2688,0.23849402368068695
1648781621.2548134,2701,0.23972223699092865
1648781621.2997482,2704,0.24000488221645355
1648781621.3943822,2710,0.24056927859783173
1648781621.6909926,2729,0.24234847724437714
1648781622.0293927,2751,0.2443930059671402
1648781622.1528194,2759,0.2451322227716446
1648781622.2917511,2768,0.24596107006072998
1648781622.4299965,2777,0.246786966919899
1648781622.9695158,2812,0.24996991455554962
1648781624.4799337,2815,0.2502405643463135
1648781624.559486,2820,0.25069084763526917
1648781624.5738914,2821,0.25078079104423523
1648781624.681545,2828,0.25140929222106934
1648781624.8068635,2836,0.25212517380714417
1648781625.2437696,2864,0.25461050868034363
1648781625.4137573,2875,0.25557810068130493
1648781625.688297,2892,0.25706344842910767
1648781625.7202315,2894,0.25723737478256226
1648781625.7856781,2898,0.25758475065231323
1648781625.9300284,2907,0.2583637833595276
1648781626.0923207,2917,0.2592252790927887
1648781626.2085502,2924,0.2598257064819336
1648781626.258153,2927,0.2600823640823364
1648781626.2900467,2929,0.26025325059890747
1648781626.3221385,2931,0.2604239881038666
1648781626.5495012,2945,0.2616139352321625
1648781626.6803737,2953,0.26228994131088257
1648781626.826823,2962,0.2630469501018524
1648781626.9405966,2969,0.2636331617832184
1648781627.4458218,3000,0.2662017345428467
1648781628.1000466,3040,0.2694479823112488
1648781628.2116027,3047,0.27000799775123596
1648781628.27621,3051,0.2703269124031067
1648781628.682732,3077,0.2723802328109741
1648781628.8283508,3086,0.2730829417705536
1648781628.9089777,3091,0.27347156405448914
1648781629.0083115,3097,0.2739361822605133
1648781629.3135018,3116,0.2753950357437134
1648781629.4259007,3123,0.27592772245407104
1648781629.5963259,3134,0.276759535074234
1648781629.7057703,3141,0.27728548645973206
1648781629.785131,3146,0.2776595652103424
1648781629.990384,3159,0.2786257863044739
1648781630.5258582,3191,0.2809646427631378
1648781630.9223742,3214,0.28261038661003113
1648781630.9929993,3218,0.2828935384750366
1648781631.1140945,3225,0.28338685631752014
1648781631.1502385,3227,0.28352731466293335
1648781631.2006946,3230,0.28373754024505615
1648781631.2343798,3232,0.2838774025440216
1648781631.2706735,3234,0.28401702642440796
1648781631.37572,3240,0.2844345271587372
1648781631.546933,3250,0.2851257622241974
1648781631.6162763,3254,0.2854005992412567
1648781631.6335077,3255,0.2854691743850708
1648781631.8961906,3270,0.28649067878723145
1648781633.973232,3305,0.2888222932815552
1648781634.004343,3307,0.2889533042907715
1648781634.1291494,3315,0.2894749641418457
1648781634.2079947,3320,0.2897990345954895
1648781634.2866323,3325,0.29012158513069153
1648781635.232723,3384,0.293811172246933
1648781635.76966,3415,0.2956622540950775
1648781636.185808,3440,0.2971101999282837
1648781636.3612235,3451,0.29773449897766113
1648781636.9916632,3490,0.29988396167755127
1648781637.2144594,3504,0.30063101649284363
1648781637.829552,3542,0.3025924563407898
1648781638.4067228,3576,0.3042643070220947
1648781638.5995176,3588,0.30483540892601013
1648781638.8704574,3604,0.30558139085769653
1648781639.2744787,3629,0.30671125650405884
1648781639.4821537,3642,0.307281494140625
1648781639.576294,3648,0.3075406551361084
1648781640.0380435,3677,0.3087572753429413
1648781641.215144,3750,0.3115530014038086
1648781642.8692892,3758,0.311835914850235
1648781643.0771792,3771,0.3122856318950653
1648781643.2614996,3783,0.31268978118896484
1648781643.617551,3806,0.31343477964401245
1648781643.7264605,3813,0.31365376710891724
1648781643.742671,3814,0.31368476152420044
1648781644.3265772,3851,0.31477904319763184
1648781645.1696444,3905,0.3161923885345459
1648781645.3300507,3915,0.3164300322532654
1648781645.3614469,3917,0.31647664308547974
1648781645.524412,3927,0.31670519709587097
1648781645.8275518,3946,0.3171186149120331
1648781645.8917553,3950,0.3172021508216858
1648781645.941381,3953,0.31726399064064026
1648781645.9886217,3956,0.3173251748085022
1648781646.532725,3987,0.3179171085357666
1648781646.5641143,3989,0.3179527819156647
1648781646.59659,3991,0.3179881274700165
1648781646.6124115,3992,0.3180057108402252
1648781646.6792886,3996,0.3180752098560333
1648781646.7253954,3999,0.31812652945518494
1648781646.8541002,4007,0.3182600140571594
1648781647.1139085,4023,0.31851229071617126
1648781647.7514539,4063,0.3190569579601288
1648781648.1240053,4085,0.3193039894104004
1648781648.2643464,4093,0.31938454508781433
1648781648.5030432,4108,0.31952229142189026
1648781648.564706,4112,0.3195560872554779
1648781649.277828,4153,0.3198310434818268
1648781650.089119,4202,0.31998878717422485
1648781650.1517792,4206,0.31999343633651733
1648781651.9826114,4226,0.3199996054172516
1648781652.3179119,4247,0.31999361515045166
1648781652.3500164,4249,0.31999266147613525
1648781652.4461548,4255,0.3199894428253174
1648781652.5250015,4260,0.3199863135814667
1648781652.5817678,4263,0.31998422741889954
1648781652.7165546,4271,0.3199779987335205
1648781652.8002295,4276,0.31997355818748474
1648781653.2042103,4301,0.3199452757835388
1648781653.219479,4302,0.31994393467903137
1648781653.2343247,4303,0.31994256377220154
1648781653.2830882,4306,0.31993839144706726
1648781653.3629363,4311,0.31993111968040466
1648781653.3780506,4312,0.3199295997619629
1648781653.5630991,4324,0.3199102580547333
1648781653.596138,4326,0.3199068307876587
1648781653.6310844,4328,0.31990331411361694
1648781653.7117193,4333,0.3198942244052887
1648781653.7896512,4338,0.3198847472667694
1648781653.870173,4343,0.3198748528957367
1648781654.1255913,4359,0.3198404908180237
1648781654.2219207,4365,0.31982654333114624
1648781654.4892483,4382,0.3197837769985199
1648781654.6418405,4392,0.3197564482688904
1648781654.765615,4400,0.3197334110736847
1648781654.9110246,4409,0.3197062611579895
1648781654.9251516,4410,0.3197031617164612
1648781654.9878767,4414,0.3196905851364136
1648781655.0035162,4415,0.3196874260902405
1648781655.7916324,4464,0.31951168179512024
1648781655.8778863,4469,0.31949153542518616
1648781655.9292548,4472,0.3194792866706848
1648781656.4000533,4500,0.3193577229976654
1648781656.8730989,4530,0.3192133903503418
1648781657.3948667,4561,0.3190489113330841
1648781657.664076,4577,0.3189579248428345
1648781657.6970296,4579,0.3189462721347809
1648781657.7478015,4582,0.31892865896224976
1648781657.8799899,4589,0.31888699531555176
1648781657.9152029,4591,0.31887492537498474
1648781658.0827382,4600,0.31881991028785706
1648781658.1345537,4603,0.31880128383636475
1648781658.208493,4607,0.3187761902809143
1648781658.2622159,4610,0.31875723600387573
1648781658.5737708,4629,0.31863370537757874
1648781658.6794806,4635,0.31859347224235535
1648781658.69527,4636,0.31858670711517334
1648781661.191656,4691,0.3181900680065155
1648781661.2456143,4694,0.3181670308113098
1648781661.278245,4696,0.318151593208313
1648781661.4304533,4705,0.3180813193321228
1648781661.6710362,4719,0.317969411611557
1648781661.7576535,4724,0.3179287016391754
1648781661.8779886,4731,0.31787100434303284
1648781661.9304352,4734,0.31784602999687195
1648781662.4831023,4766,0.3175707459449768
1648781663.51012,4828,0.3169906735420227
1648781663.6189728,4835,0.31692132353782654
1648781663.7641847,4844,0.3168310225009918
1648781663.874223,4851,0.31675985455513
1648781663.8893597,4852,0.316749632358551
1648781663.9049313,4853,0.31673941016197205
1648781663.983879,4858,0.3166879415512085
1648781664.0308588,4861,0.3166568875312805
1648781664.0614913,4863,0.3166360855102539
1648781664.2047606,4872,0.31654176115989685
1648781664.6703627,4900,0.31624001264572144
1648781664.8417652,4910,0.31612923741340637
1648781665.06791,4923,0.315982848405838
1648781665.4498663,4945,0.3157289922237396
1648781665.4660356,4946,0.31571725010871887
1648781665.5032935,4948,0.31569376587867737
1648781665.8499663,4968,0.3154553771018982
1648781665.9549904,4974,0.31538262963294983
1648781666.0259697,4978,0.3153338134288788
1648781666.2511199,4991,0.3151734173297882
1648781666.373333,4998,0.3150859475135803
1648781666.5069418,5006,0.3149850368499756
1648781666.6889434,5017,0.31484463810920715
1648781667.1076796,5043,0.3145051896572113
1648781667.3333738,5057,0.3143180012702942
1648781667.865465,5090,0.3138646185398102
1648781668.1255352,5106,0.3136386573314667
1648781668.3342454,5119,0.3134521245956421
1648781668.4321756,5125,0.3133651316165924
1648781668.5445905,5132,0.313262939453125
1648781668.834309,5150,0.31299665570259094
1648781670.8826084,5185,0.3124644458293915
1648781671.5648549,5226,0.31181684136390686
1648781671.861534,5244,0.31152430176734924
1648781671.9766667,5251,0.3114091753959656
1648781672.055646,5256,0.3113265037536621
1648781672.305302,5272,0.3110593259334564
1648781672.3533356,5275,0.3110088109970093
1648781672.9498115,5313,0.3103567659854889
1648781673.2674818,5333,0.31000471115112305
1648781674.078026,5383,0.30909788608551025
1648781674.1821456,5389,0.30898651480674744
1648781675.1357358,5447,0.30788183212280273
1648781675.2297447,5453,0.3077646791934967
1648781675.2453148,5454,0.3077450692653656
1648781675.2626638,5455,0.3077254891395569
1648781675.2939782,5457,0.3076862394809723
1648781675.4190288,5465,0.30752870440483093
1648781675.8599732,5493,0.30696970224380493
1648781676.0776024,5507,0.30668580532073975
1648781676.4896514,5533,0.3061508238315582
1648781676.9485543,5562,0.3055422604084015
1648781677.1048656,5572,0.3053295314311981
1648781677.2282417,5580,0.30515825748443604
1648781679.6091812,5637,0.3039107620716095
1648781680.2111506,5674,0.3030754625797272
1648781680.5792868,5695,0.30259251594543457
1648781681.2863305,5736,0.30163121223449707
1648781681.8496952,5770,0.3008156418800354
1648781681.8825893,5772,0.3007671535015106
1648781682.0051117,5780,0.30057260394096375
1648781682.0363705,5782,0.3005238175392151
1648781682.1005065,5786,0.30042609572410583
1648781682.2249794,5794,0.3002299666404724
1648781682.5551162,5815,0.299710750579834
1648781682.7264674,5826,0.2994363009929657
1648781682.8347042,5833,0.2992607355117798
1648781682.9608183,5841,0.2990592420101166
1648781683.6061425,5882,0.2980124354362488
1648781683.870498,5899,0.29757148027420044
1648781684.1316564,5914,0.2971790134906769
1648781684.1644435,5916,0.2971264719963074
1648781684.4104395,5930,0.29675695300102234
1648781684.532666,5937,0.29657116532325745
1648781684.7863867,5952,0.29617077112197876
1648781684.8340375,5955,0.29609033465385437
1648781684.8790376,5958,0.29600974917411804
1648781685.0502055,5969,0.29571324586868286
1648781685.2031295,5979,0.29544222354888916
1648781685.233433,5981,0.295387864112854
1648781685.6872156,6010,0.29459336400032043
1648781685.9039488,6024,0.2942056655883789
1648781686.0759058,6035,0.29389920830726624
1648781686.2010324,6043,0.2936752736568451
1648781686.3885715,6055,0.29333773255348206
1648781686.6878023,6074,0.29279932379722595
1648781688.8159547,6112,0.2917078733444214
1648781688.9577765,6120,0.2914756238460541
1648781689.0883536,6128,0.2912425100803375
1648781689.121143,6130,0.29118409752845764
1648781689.3929532,6147,0.2906854748725891
1648781689.565701,6157,0.29039037227630615
1648781689.5839024,6158,0.29036077857017517
1648781689.7076685,6166,0.2901236116886139
1648781690.0205011,6186,0.289527028799057
1648781690.0513344,6188,0.28946709632873535
1648781690.1614392,6195,0.28925687074661255
1648781690.6520264,6226,0.28831809759140015
1648781690.827104,6237,0.28798195719718933
1648781690.8580568,6239,0.28792068362236023
1648781690.8735468,6240,0.2878900170326233
1648781691.4543676,6273,0.28687089681625366
1648781691.5669959,6279,0.2866840958595276
1648781691.9024072,6299,0.2860580384731293
1648781691.9648795,6303,0.2859322130680084
1648781692.0419242,6308,0.2857746481895447
1648781692.6159196,6344,0.28463074564933777
1648781693.4273276,6391,0.2831125855445862
1648781693.4944296,6395,0.28298211097717285
1648781693.620573,6403,0.28272053599357605
1648781693.636039,6404,0.282687783241272
1648781694.1403964,6436,0.2816331088542938
1648781694.1557655,6437,0.2815999388694763
1648781694.2483592,6443,0.2814007103443146
1648781694.6505346,6469,0.28053221106529236
1648781695.079678,6497,0.27958762645721436
1648781695.1119986,6499,0.27951979637145996
1648781695.406443,6518,0.27887293696403503
1648781695.7811792,6542,0.27804961800575256
1648781695.9959233,6556,0.27756616473197937
1648781698.0908842,6594,0.27624207735061646
1648781698.1061487,6595,0.2762070298194885
1648781698.299534,6607,0.2757851779460907
1648781698.7065747,6630,0.27497196197509766
1648781699.0389724,6651,0.27422404289245605
1648781699.3638551,6671,0.2735069692134857
1648781699.3985803,6673,0.27343499660491943
1648781699.526523,6681,0.27314668893814087
1648781699.5742588,6684,0.273038387298584
1648781699.8747969,6703,0.2723500430583954
1648781699.9280322,6706,0.2722409963607788
1648781700.3846126,6734,0.27121812105178833
1648781700.5433228,6742,0.27092424035072327
1648781700.7530189,6755,0.27044516801834106
1648781700.8014455,6758,0.2703343331813812
1648781701.2000515,6781,0.26948127150535583
1648781701.5804405,6804,0.26862233877182007
1648781701.6923106,6811,0.2683597803115845
1648781702.0258076,6832,0.26756879687309265
1648781702.2992265,6849,0.2669249475002289
1648781702.3919952,6855,0.266696959733963
1648781702.4704468,6860,0.2665066719055176
1648781702.5013807,6862,0.26643046736717224
1648781702.6414664,6871,0.2660870850086212
1648781703.398277,6918,0.2642796039581299
1648781703.7374406,6939,0.26346442103385925
1648781704.0502954,6958,0.2627228796482086
1648781704.7071514,6998,0.26114940643310547
1648781704.9982147,7016,0.26043596863746643
1648781705.1987555,7028,0.25995850563049316
1648781706.82429,7037,0.2595994472503662
1648781707.4596398,7078,0.25795334577560425
1648781708.0896041,7117,0.25637200474739075
1648781708.3848147,7135,0.25563713908195496
1648781708.7980924,7161,0.2545700669288635
1648781708.845257,7164,0.25444650650024414
1648781709.0023367,7174,0.2540340721607208
1648781710.2958963,7257,0.2505743205547333
1648781710.3285594,7259,0.2504901885986328
1648781710.6867833,7281,0.24956198036670685
1648781710.721468,7283,0.24947738647460938
1648781710.8095918,7288,0.24926573038101196
1648781710.8958123,7293,0.24905383586883545
1648781711.18598,7310,0.24833174049854279
1648781711.4711335,7328,0.24756433069705963
1648781711.5494351,7333,0.24735064804553986
1648781711.6605027,7340,0.24705110490322113
1648781711.677592,7341,0.24700827896595
1648781711.9302723,7357,0.2463218718767166
1648781712.3702424,7385,0.245115265250206
1648781712.6400366,7402,0.24437935650348663
1648781712.7181592,7407,0.2441624402999878
1648781712.8423862,7415,0.24381493031978607
1648781712.8905141,7418,0.24368447065353394
1648781712.952788,7422,0.2435104101896286
1648781713.3004704,7444,0.24255065619945526
1648781716.3380165,7542,0.23822662234306335
1648781716.4573355,7549,0.2379147857427597
1648781716.8089697,7570,0.23697695136070251
1648781716.9210238,7577,0.2366635799407959
1648781717.1565435,7592,0.2359907627105713
1648781717.2830205,7600,0.23563121259212494
1648781717.3436093,7604,0.23545125126838684
1648781717.500235,7614,0.2350008338689804
1648781717.5480585,7617,0.23486554622650146
1648781717.5784976,7619,0.23477531969547272
1648781717.7229848,7628,0.2343689501285553
1648781717.7377586,7629,0.23432375490665436
1648781717.8359287,7635,0.23405244946479797
1648781717.8513865,7636,0.23400719463825226
1648781718.1568277,7655,0.23314613103866577
1648781718.1745515,7656,0.2331007421016693
1648781718.6064832,7684,0.23182670772075653
1648781718.7735822,7695,0.23132461309432983
1648781718.8527882,7700,0.23109610378742218
1648781718.99148,7709,0.2306843250989914
1648781719.3644452,7733,0.22958342730998993
1648781719.798839,7761,0.22829388082027435
1648781719.8748085,7766,0.22806303203105927
1648781720.3572996,7797,0.2266279011964798
1648781720.6816661,7818,0.22565200924873352
1648781720.7926,7825,0.2253260612487793
1648781721.0408604,7841,0.2245797961950302
1648781721.3428497,7860,0.2236914336681366
1648781721.4375024,7866,0.22341041266918182
1648781721.623504,7878,0.22284767031669617
1648781721.6720781,7881,0.2227068394422531
1648781721.7490506,7886,0.22247199714183807
1648781721.8147786,7890,0.2222840040922165
1648781722.0806007,7907,0.22148393094539642
1648781722.0987732,7908,0.22143681347370148
1648781722.5196192,7935,0.22016221284866333
1648781722.5378833,7936,0.22011491656303406
1648781722.6319432,7942,0.21983103454113007
1648781722.6494308,7943,0.2197836935520172
1648781722.6963115,7946,0.21964165568351746
1648781724.8013196,7986,0.21774254739284515
1648781724.8173904,7987,0.217694953083992
1648781724.9300041,7994,0.21736159920692444
1648781724.9981344,7998,0.21717098355293274
1648781725.3500805,8019,0.21616870164871216
1648781725.5399127,8031,0.2155948430299759
1648781725.7295237,8043,0.21502016484737396
1648781725.7604656,8045,0.21492432057857513
1648781725.9324825,8056,0.21439670026302338
1648781726.0085235,8061,0.21415665745735168
1648781726.1023295,8067,0.2138684093952179
1648781726.1654646,8071,0.21367613971233368
1648781726.447121,8089,0.21280986070632935
1648781726.5408247,8095,0.21252070367336273
1648781726.775616,8110,0.21179699897766113
1648781726.810386,8112,0.2117004096508026
1648781727.1374526,8133,0.21068499982357025
1648781727.1830251,8136,0.21053975820541382
1648781727.63049,8165,0.2091333568096161
1648781728.4356637,8217,0.206601083278656
1648781728.7247522,8236,0.20567260682582855
1648781728.7570288,8238,0.20557476580142975
1648781728.8641598,8245,0.20523220300674438
1648781728.909613,8248,0.20508532226085663
1648781728.9573,8251,0.2049383968114853
1648781729.1269574,8262,0.20439933240413666
1648781729.2349813,8269,0.2040559947490692
1648781729.2977734,8273,0.20385971665382385
1648781729.313005,8274,0.20381063222885132
1648781729.3913665,8279,0.20356515049934387
1648781729.4989283,8286,0.20322129130363464
1648781729.6852348,8298,0.20263130962848663
1648781729.7489796,8302,0.2024345099925995
1648781730.536117,8352,0.1999688297510147
1648781730.9715915,8380,0.19858355820178986
1648781731.0348177,8384,0.19838540256023407
1648781731.7222793,8427,0.19625142216682434
1648781731.8930016,8437,0.19575415551662445
1648781733.4815056,8445,0.195356085896492
1648781733.5317476,8448,0.19520674645900726
1648781733.871336,8469,0.19416047632694244
1648781734.031157,8479,0.19366171956062317
1648781734.3041687,8496,0.19281303882598877
1648781734.8495736,8530,0.19111281633377075
1648781734.8986712,8533,0.19096261262893677
1648781735.0577629,8543,0.19046175479888916
1648781735.1377196,8548,0.1902112066745758
1648781735.535302,8573,0.1889573186635971
1648781735.7252078,8585,0.18835479021072388
1648781735.7563517,8587,0.18825432658195496
1648781736.0124822,8603,0.18745023012161255
1648781736.4103212,8628,0.18619239330291748
1648781736.6980476,8646,0.18528573215007782
1648781736.7942836,8652,0.18498331308364868
1648781737.0188665,8666,0.18427732586860657
1648781737.1462646,8674,0.18387369811534882
1648781737.209491,8678,0.18367181718349457
1648781737.2263622,8679,0.183621346950531
1648781737.385468,8689,0.18311646580696106
1648781737.5630574,8700,0.18256081640720367
1648781737.881181,8720,0.18154986202716827
1648781738.138502,8736,0.18074044585227966
1648781738.1539943,8737,0.18068984150886536
1648781738.6242986,8767,0.17917071282863617
1648781738.6391299,8768,0.1791200339794159
1648781738.6860812,8771,0.17896802723407745
1648781738.7460172,8775,0.17876529693603516
1648781739.0981958,8798,0.17759908735752106
1648781739.2490358,8808,0.17709174752235413
1648781739.3117154,8812,0.17688874900341034
1648781739.7898264,8843,0.17531469464302063
1648781740.0085886,8857,0.17460332810878754
1648781740.0386481,8859,0.1745016723871231
1648781740.2380478,8872,0.17384082078933716
1648781740.2676442,8874,0.17373913526535034
1648781740.3459606,8879,0.17348487675189972
1648781740.4547472,8886,0.1731288731098175
1648781740.5636208,8893,0.17277279496192932
1648781740.6866233,8901,0.17236576974391937
1648781742.9326751,8950,0.16987109184265137
1648781742.9480708,8951,0.1698201596736908
1648781743.3034902,8974,0.16864830255508423
1648781743.3790052,8979,0.16839349269866943
1648781743.4414012,8983,0.1681896150112152
1648781743.6106038,8994,0.1676289141178131
1648781743.7838051,9005,0.16706810891628265
1648781744.0920177,9025,0.16604825854301453
1648781744.1228707,9027,0.16594626009464264
1648781744.3093874,9039,0.16533422470092773
1648781744.7015336,9064,0.1640588939189911
1648781744.7169418,9065,0.16400787234306335
1648781745.010282,9084,0.163038432598114
1648781745.0892775,9089,0.16278329491615295
1648781745.9376602,9139,0.16023166477680206
1648781746.3238182,9161,0.15910887718200684
1648781747.0881946,9209,0.15665942430496216
1648781747.3736796,9227,0.15574103593826294
1648781747.7015944,9246,0.15477178990840912
1648781748.131703,9273,0.15339478850364685
1648781748.437682,9292,0.15242606401443481
1648781748.7576056,9312,0.1514066606760025
1648781748.8066404,9315,0.15125377476215363
1648781748.8376555,9317,0.1511518657207489
1648781748.9290233,9323,0.15084613859653473
1648781751.314088,9382,0.14784176647663116
1648781751.4667594,9392,0.14733295142650604
1648781751.7304401,9409,0.14646826684474945
1648781752.0304332,9428,0.14550232887268066
1648781752.1058285,9433,0.14524821937084198
1648781752.1386306,9435,0.14514657855033875
1648781752.2937303,9445,0.14463850855827332
1648781752.5798085,9463,0.14372436702251434
1648781752.612061,9465,0.14362283051013947
1648781752.9148679,9483,0.14270929992198944
1648781753.1444106,9497,0.14199915528297424
1648781753.3965864,9512,0.14123870432376862
1648781753.6544302,9528,0.14042800664901733
1648781753.828386,9539,0.13987095654010773
1648781754.0584087,9553,0.1391623467206955
1648781754.12641,9557,0.13895995914936066
1648781754.8163338,9600,0.1367865353822708
1648781755.4858878,9641,0.13471826910972595
1648781755.6470866,9651,0.13421446084976196
1648781755.7451425,9657,0.13391229510307312
1648781755.8433168,9663,0.13361023366451263
1648781756.3812609,9696,0.13195063173770905
1648781756.622559,9711,0.1311972737312317
1648781756.9909356,9734,0.1300434172153473
1648781757.4783683,9761,0.1286909580230713
1648781757.51649,9763,0.12859086692333221
1648781757.6503434,9770,0.1282406598329544
1648781757.9203253,9784,0.1275406926870346
1648781758.2548056,9802,0.12664170563220978
1648781758.5358026,9817,0.12589338421821594
1648781758.6503224,9823,0.12559427320957184
1648781758.669239,9824,0.12554442882537842
1648781758.930849,9839,0.12479725480079651
1648781759.0330377,9845,0.12449861317873001
1648781759.066348,9847,0.1243990957736969
1648781760.6189735,9849,0.12429959326982498
1648781760.7822747,9858,0.12385199964046478
1648781761.0585678,9875,0.12300736457109451
1648781761.202661,9884,0.12256065011024475
1648781761.5923371,9908,0.12137091159820557
1648781761.8219018,9922,0.12067794799804688
1648781762.3386347,9953,0.11914632469415665
1648781762.4213605,9958,0.11889965832233429
1648781762.4705822,9961,0.11875170469284058
1648781762.5345616,9965,0.1185545027256012
1648781763.183108,10006,0.11653707176446915
1648781763.3264298,10015,0.11609520763158798
1648781763.510411,10026,0.11555564403533936
1648781763.916504,10051,0.11433139443397522
1648781764.1123295,10063,0.11374478787183762
1648781764.3529856,10078,0.11301247775554657
1648781764.6364303,10096,0.11213512718677521
1648781764.9209933,10114,0.11125936359167099
1648781764.9705772,10117,0.11111355572938919
1648781765.604904,10156,0.10922219604253769
1648781765.8494174,10171,0.10849682241678238
1648781766.114171,10187,0.1077243983745575
1648781766.4388373,10207,0.10676077753305435
1648781766.894563,10236,0.10536739230155945
1648781766.9889429,10242,0.10507968813180923
1648781767.0405617,10245,0.1049359068274498
1648781767.0551887,10246,0.10488799214363098
1648781767.1831126,10254,0.10450487583875656
1648781767.2320788,10257,0.10436130315065384
1648781767.266616,10259,0.10426561534404755
1648781767.282504,10260,0.1042177751660347
1648781767.330321,10263,0.10407429933547974
1648781767.3617687,10265,0.10397867858409882
1648781767.7657998,10290,0.10278536379337311
1648781769.7413042,10318,0.10145316272974014
1648781769.7572541,10319,0.10140567272901535
1648781769.9037948,10328,0.10097850859165192
1648781770.570405,10370,0.09899155795574188
1648781771.044904,10400,0.0975789874792099
1648781771.2328537,10412,0.09701555222272873
1648781771.3608398,10420,0.096640445291996
1648781771.6520627,10438,0.09579795598983765
1648781772.109788,10466,0.0944916382431984
1648781772.1427803,10468,0.09439852833747864
1648781772.3894446,10483,0.0937010645866394
1648781772.6595805,10498,0.09300511330366135
1648781772.710812,10501,0.09286610782146454
1648781773.1113715,10524,0.0918024405837059
1648781773.2508864,10532,0.0914333313703537
1648781773.5822327,10551,0.0905584767460823
1648781773.6692896,10556,0.09032867848873138
1648781773.8810782,10568,0.0897778794169426
1648781773.8981662,10569,0.08973202854394913
1648781773.9343936,10571,0.08964034169912338
1648781773.986378,10574,0.08950287103652954
1648781774.286149,10591,0.08872506767511368
1648781774.6029005,10609,0.08790379762649536
1648781775.0739145,10637,0.08663100749254227
1648781775.1079526,10639,0.08654031902551651
1648781775.4510944,10660,0.08558987081050873
1648781775.675697,10673,0.08500317484140396
1648781775.7801118,10679,0.08473282307386398
1648781777.1813412,10764,0.08093294501304626
1648781779.3206394,10805,0.07912067323923111
1648781779.3554182,10807,0.07903262227773666
1648781779.7031865,10828,0.07811006903648376
1648781779.799417,10834,0.07784715294837952
1648781780.0732539,10851,0.0771038755774498
1648781780.241769,10861,0.07666778564453125
1648781780.2611969,10862,0.07662422209978104
1648781780.4215956,10871,0.07623254507780075
1648781780.5577695,10879,0.07588496804237366
1648781780.6220338,10883,0.07571138441562653
1648781781.274091,10923,0.07398313283920288
1648781782.046423,10970,0.07197035849094391
1648781782.3644314,10990,0.07111983001232147
1648781782.4280403,10994,0.07095015794038773
1648781782.798338,11017,0.06997736543416977
1648781782.862548,11021,0.06980867683887482
1648781783.0357432,11032,0.06934554129838943
1648781783.0882556,11035,0.0692194253206253
1648781783.1411393,11038,0.06909339129924774
1648781783.190314,11041,0.06896743923425674
1648781783.2409415,11044,0.06884157657623291
1648781783.292492,11047,0.06871579587459564
1648781783.6434093,11069,0.06779594719409943
1648781783.8053112,11079,0.06737933307886124
1648781784.1273296,11099,0.06654893606901169
1648781784.2250543,11105,0.06630055606365204
1648781784.6255782,11130,0.0652693510055542
1648781784.7538247,11138,0.06494063884019852
1648781784.8804693,11146,0.06461253762245178
1648781784.929904,11149,0.06448966264724731
1648781785.0723362,11158,0.0641215592622757
1648781785.546516,11188,0.06290026754140854
1648781785.9813263,11215,0.06180870160460472
1648781786.061837,11220,0.06160735711455345
1648781786.5103674,11248,0.060484468936920166
1648781788.2285812,11258,0.06008535623550415
1648781788.295115,11262,0.05992599576711655
1648781788.4096425,11269,0.05964750424027443
1648781788.7505279,11290,0.05881504714488983
1648781788.8148963,11294,0.05865699425339699
1648781788.9092183,11300,0.05842022970318794
1648781788.97257,11304,0.05826259404420853
1648781789.116018,11313,0.05790851637721062
1648781789.2297976,11320,0.05763370171189308
1648781789.6747441,11348,0.05653957277536392
1648781790.6194193,11407,0.05426120012998581
1648781790.7658162,11416,0.05391692370176315
1648781791.1373818,11440,0.05300313979387283
1648781791.2152512,11445,0.05281355232000351
1648781791.3663025,11455,0.05243520066142082
1648781791.4409227,11460,0.05224643647670746
1648781791.8315973,11486,0.0512692853808403
1648781792.0709157,11502,0.05067167431116104
1648781792.203521,11511,0.050336770713329315
1648781792.403029,11524,0.04985461384057999
1648781792.4519007,11527,0.049743615090847015
1648781792.6927984,11543,0.04915333166718483
1648781792.8438709,11553,0.048785872757434845
1648781792.9490867,11560,0.04852932319045067
1648781793.0246773,11565,0.04834641143679619
1648781793.2837186,11582,0.047726646065711975
1648781793.301057,11583,0.047690290957689285
1648781794.101402,11634,0.045851461589336395
1648781794.2099771,11641,0.04560142010450363
1648781794.3196194,11648,0.04535195231437683
1648781794.3980637,11653,0.04517410695552826
1648781794.542266,11662,0.044854722917079926
1648781794.9132583,11685,0.04404284060001373
1648781797.2418134,11741,0.04209227114915848
1648781797.619104,11765,0.04126778990030289
1648781797.9935825,11788,0.040484193712472916
1648781798.5201707,11821,0.039371151477098465
1648781798.6016555,11826,0.039203669875860214
1648781798.9074798,11846,0.03853682801127434
1648781799.130698,11859,0.038106027990579605
1648781799.217237,11864,0.037940893322229385
1648781799.574927,11885,0.03725072741508484
1648781799.6581962,11890,0.03708721324801445
1648781799.7866676,11898,0.0368262380361557
1648781800.0050623,11912,0.036371465772390366
1648781800.0223541,11913,0.03633907437324524
1648781800.0514824,11915,0.03627433255314827
1648781800.6303422,11952,0.035085730254650116
1648781800.790345,11962,0.03476746380329132
1648781800.9007208,11969,0.03454543650150299
1648781800.9943283,11975,0.03435562551021576
1648781801.1852245,11987,0.033977385610342026
1648781801.2623594,11992,0.03382033109664917
1648781801.6502564,12016,0.03307093679904938
1648781801.6953971,12019,0.03297778218984604
1648781802.0024981,12038,0.0323905274271965
1648781802.0354664,12040,0.03232898190617561
1648781803.0469577,12099,0.03053690493106842
1648781803.3163493,12115,0.03005879558622837
1648781803.6389353,12134,0.02949543669819832
1648781803.946318,12152,0.028966149315238
1648781804.5132818,12184,0.028035873547196388
1648781806.4791503,12214,0.027176223695278168
1648781807.087771,12253,0.026076875627040863
1648781807.2107172,12261,0.025853922590613365
1648781807.44113,12276,0.02543824538588524
1648781807.8913248,12305,0.024643344804644585
1648781808.149786,12321,0.024209732189774513
1648781808.1665106,12322,0.024182748049497604
1648781808.2170882,12325,0.024101881310343742
1648781808.446449,12339,0.023726146668195724
1648781808.494995,12342,0.023645984008908272
1648781809.4500868,12402,0.02206907607614994
1648781810.465665,12466,0.020442740991711617
1648781810.6046007,12474,0.020243525505065918
1648781810.7383149,12482,0.020045218989253044
1648781811.6790326,12540,0.01863483339548111
1648781812.1625547,12570,0.01792428083717823
1648781812.1813858,12571,0.017900818958878517
1648781812.8772385,12614,0.016905685886740685
1648781813.569327,12657,0.015937473624944687
1648781815.3083375,12673,0.015584117732942104
1648781815.5759585,12690,0.015212799422442913
1648781815.7687948,12702,0.014953253790736198
1648781815.834518,12706,0.014867210760712624
1648781815.8979995,12710,0.014781404286623001
1648781815.981081,12715,0.014674479141831398
1648781816.0614622,12720,0.014567922800779343
1648781816.378387,12739,0.014166384935379028
1648781816.7518666,12761,0.013708139769732952
1648781816.9778924,12775,0.013420279137790203
1648781817.0441236,12779,0.013338569551706314
1648781817.2675498,12793,0.013054468668997288
1648781817.3325691,12797,0.01297383476048708
1648781817.3985915,12801,0.012893440201878548
1648781817.414494,12802,0.012873378582298756
1648781817.5102823,12808,0.012753325514495373
1648781817.5903337,12813,0.012653693556785583
1648781817.857593,12829,0.012337391264736652
1648781817.9218159,12833,0.012258916161954403
1648781818.0180306,12839,0.012141654267907143
1648781818.1962554,12850,0.011928081512451172
1648781818.2444916,12853,0.01187015138566494
1648781818.2926576,12856,0.011812355369329453
1648781818.4492292,12866,0.011620685458183289
1648781818.6060104,12876,0.011430525220930576
1648781819.1038857,12907,0.010850642807781696
1648781819.5968416,12938,0.01028534397482872
1648781819.6295338,12940,0.010249375365674496
1648781819.6758282,12943,0.01019553653895855
1648781819.8975081,12957,0.009946102276444435
1648781820.5095928,12994,0.009301302954554558
1648781820.5635636,12997,0.009249940514564514
1648781820.6317835,13001,0.00918167270720005
1648781821.6671565,13065,0.008122846484184265
1648781822.0276268,13088,0.007757768500596285
1648781822.202167,13099,0.007586061488837004
1648781822.2624497,13103,0.007524087559431791
1648781822.3662765,13109,0.0074315923266112804
1648781822.3978372,13111,0.007400884758681059
1648781824.228973,13134,0.007052214816212654
1648781824.4054413,13145,0.006888368632644415
1648781824.5492716,13154,0.006755714304745197
1648781824.8657522,13174,0.00646545086055994
1648781824.9290922,13178,0.0064081475138664246
1648781825.091705,13188,0.006265983451157808
1648781825.3665042,13206,0.006014031358063221
1648781825.4451365,13211,0.00594494491815567
1648781825.4765763,13213,0.005917420145124197
1648781825.6153727,13222,0.005794334691017866
1648781825.7240403,13229,0.005699480418115854
1648781825.7394419,13230,0.005685992538928986
1648781826.0615973,13251,0.00540637644007802
1648781826.3539314,13270,0.005159367807209492
1648781826.4500039,13276,0.005082545801997185
1648781826.726414,13294,0.0048554870299994946
1648781826.8649843,13303,0.004743874538689852
1648781826.88043,13304,0.004731552209705114
1648781827.0338433,13314,0.004609197378158569
1648781827.1088073,13319,0.004548612982034683
1648781827.389326,13337,0.004333783872425556
1648781827.4050286,13338,0.004321999382227659
1648781827.514958,13345,0.00423995079472661
1648781827.592566,13350,0.004181820433586836
1648781827.7782068,13362,0.004043924622237682
1648781828.0707304,13381,0.0038302636239677668
1648781828.1179147,13384,0.003797051729634404
1648781828.133208,13385,0.0037860129959881306
1648781828.1938965,13389,0.0037420166190713644
1648781828.2563028,13393,0.003698274726048112
1648781828.674389,13420,0.003409675555303693
1648781828.7533755,13425,0.003357505425810814
1648781828.861544,13432,0.003285136306658387
1648781829.0588908,13445,0.003152810037136078
1648781830.1132803,13513,0.002504641655832529
1648781830.2381666,13521,0.002433252288028598
1648781830.347919,13528,0.002371628303080797
1648781830.5518177,13541,0.002259268891066313
1648781830.6458762,13547,0.002208325546234846
1648781830.7679398,13555,0.0021412998903542757
1648781830.7979822,13557,0.002124704187735915
1648781831.0760612,13575,0.001978234387934208
1648781831.2927668,13589,0.0018679146887734532
1648781831.3085318,13590,0.0018601552583277225
1648781833.0118334,13606,0.0017381947254762053
1648781833.1035752,13612,0.0016935222083702683
1648781833.1808374,13617,0.0016567379934713244
1648781833.1959054,13618,0.0016494294395670295
1648781833.273406,13623,0.001613128581084311
1648781833.44358,13634,0.0015346849104389548
1648781833.9082608,13664,0.0013306662440299988
1648781834.1402788,13679,0.0012341043911874294
1648781834.5104055,13703,0.0010871662525460124
1648781835.0703044,13739,0.0008842240204103291
1648781835.365832,13758,0.0007855729199945927
1648781836.0609217,13803,0.000575259153265506
1648781836.1073337,13806,0.0005624056793749332
1648781836.352503,13822,0.0004963199025951326
1648781836.6016922,13838,0.00043438872671686113
1648781836.646331,13841,0.00042323931120336056
1648781836.8606389,13855,0.0003731409087777138
1648781836.9057817,13858,0.00036281964275985956
1648781836.96782,13862,0.0003492854011710733
1648781836.9826999,13863,0.00034594241878949106
1648781837.106121,13871,0.00031978360493667424
1648781838.0548866,13932,0.00015452537627425045
1648781838.2094855,13942,0.000133205991005525
1648781838.2421465,13944,0.00012913730461150408
1648781839.0319843,13995,4.73736654384993e-05
1648781839.2942994,14012,2.9524928322643973e-05
1648781839.526485,14027,1.7682377801975235e-05
1648781839.830607,14047,7.58952501200838e-06
1648781840.0614066,14062,4.293023266654927e-06
1648781840.1653316,14069,4.008139512734488e-06
