Wall time,Step,Value
1648781570.7435288,29,1.610547423362732
1648781570.8813257,37,0.8511713743209839
1648781570.9147284,39,0.6910190582275391
1648781570.9657092,42,0.6087684035301208
1648781571.5772238,80,0.4789980351924896
1648781571.5925517,81,0.45677441358566284
1648781572.1684997,117,0.20640935003757477
1648781572.3508403,128,0.379543274641037
1648781572.5696776,142,0.24832718074321747
1648781572.8951025,162,0.17720332741737366
1648781573.0906456,174,0.28028497099876404
1648781573.2839031,186,0.13904494047164917
1648781573.5222645,201,0.17051395773887634
1648781573.6903832,212,0.21620504558086395
1648781573.8666499,223,0.10923390090465546
1648781574.0724225,236,0.11412002891302109
1648781574.2983038,250,0.20970535278320312
1648781574.3300462,252,0.11644553393125534
1648781574.5350235,265,0.15113143622875214
1648781574.7539291,279,0.17679208517074585
1648781574.7697723,280,0.10540620982646942
1648781575.0243325,295,0.10759469121694565
1648781575.1215494,301,0.07492171972990036
1648781575.2817984,311,0.12295323610305786
1648781575.6120782,331,0.10418576002120972
1648781575.805388,343,0.0941317155957222
1648781575.9007158,349,0.06146274507045746
1648781575.9313138,351,0.1701289266347885
1648781576.1643589,365,0.04858007654547691
1648781576.7984917,402,0.11792920529842377
1648781577.3350945,434,0.15210393071174622
1648781577.353087,435,0.0703229308128357
1648781577.5040312,444,0.12236835062503815
1648781577.5911121,449,0.09106287360191345
1648781577.8502796,465,0.025990858674049377
1648781577.870074,466,0.19895698130130768
1648781579.694177,479,0.10842064023017883
1648781579.8753088,490,0.0949290469288826
1648781580.2414641,513,0.10436256974935532
1648781580.2891986,516,0.0840752124786377
1648781580.477823,528,0.06151890009641647
1648781580.605827,536,0.04416673630475998
1648781581.1301851,568,0.1342030167579651
1648781581.3211923,580,0.1478109210729599
1648781581.3871887,584,0.029917551204562187
1648781581.4769897,590,0.12533648312091827
1648781581.5096521,592,0.06457073241472244
1648781581.9750626,622,0.07625644654035568
1648781582.0409791,626,0.08950142562389374
1648781582.496993,653,0.06997078657150269
1648781582.7675412,670,0.0984421968460083
1648781582.802614,672,0.13213707506656647
1648781582.903534,678,0.12999871373176575
1648781583.4036243,709,0.09467469155788422
1648781583.6884754,727,0.17363351583480835
1648781583.7524533,731,0.07699673622846603
1648781583.8136995,735,0.1336851716041565
1648781584.193434,759,0.08501328527927399
1648781584.2576048,763,0.028376160189509392
1648781584.6091409,785,0.08640372008085251
1648781584.7423706,793,0.13223421573638916
1648781585.6380968,844,0.021884096786379814
1648781586.0111055,866,0.0741298645734787
1648781586.599735,904,0.10032442212104797
1648781586.8040693,917,0.09235769510269165
1648781588.6370184,940,0.09048211574554443
1648781588.7491379,947,0.027876533567905426
1648781588.926507,958,0.04403674975037575
1648781589.314855,982,0.03013802133500576
1648781589.4296076,989,0.03480227664113045
1648781589.4608135,991,0.05376800522208214
1648781589.5942938,999,0.04360312968492508
1648781590.233958,1037,0.03433918207883835
1648781590.6524744,1063,0.05027102306485176
1648781590.8422103,1075,0.02204069495201111
1648781590.9058173,1079,0.1163247749209404
1648781591.7326958,1131,0.06742151826620102
1648781591.908427,1142,0.07897937297821045
1648781592.0800505,1153,0.13837027549743652
1648781592.1709585,1159,0.12161894142627716
1648781592.2979271,1167,0.04457549750804901
1648781592.4227016,1175,0.06114800646901131
1648781592.454162,1177,0.0355522558093071
1648781592.548643,1183,0.05284745246171951
1648781593.3254051,1229,0.019106166437268257
1648781593.4053543,1234,0.008312084712088108
1648781593.4909863,1239,0.03565148264169693
1648781594.0666668,1273,0.0711754858493805
1648781594.2681742,1285,0.022363152354955673
1648781594.4270558,1295,0.022277627140283585
1648781594.4426455,1296,0.09729935228824615
1648781594.7961116,1318,0.04455665871500969
1648781594.9564035,1328,0.08330834656953812
1648781595.1945422,1343,0.04756062105298042
1648781595.3349674,1352,0.13021108508110046
1648781595.5111766,1363,0.04036064073443413
1648781595.6259806,1370,0.0710691437125206
1648781595.8763793,1385,0.0802774429321289
1648781595.8925328,1386,0.07673954218626022
1648781597.8447707,1414,0.03286294639110565
1648781598.0906994,1429,0.04952864348888397
1648781598.3476806,1444,0.089039146900177
1648781599.0540562,1487,0.06933578103780746
1648781599.3386931,1505,0.01135218795388937
1648781599.3681324,1507,0.022615676745772362
1648781599.385008,1508,0.03340814262628555
1648781599.4000747,1509,0.0662422776222229
1648781599.6932352,1528,0.06731287389993668
1648781600.2782104,1559,0.061533939093351364
1648781600.311526,1561,0.09758998453617096
1648781600.3750138,1565,0.03316616639494896
1648781600.4691446,1571,0.029093127697706223
1648781600.6569624,1582,0.028192879632115364
1648781600.8375664,1593,0.020089615136384964
1648781601.28278,1620,0.1479426473379135
1648781601.758184,1650,0.03858969733119011
1648781602.67179,1707,0.018633658066391945
1648781602.6874404,1708,0.14358662068843842
1648781602.7181058,1710,0.03694865480065346
1648781602.9934008,1727,0.01612788997590542
1648781603.0845265,1733,0.12470689415931702
1648781603.4395187,1754,0.06866160780191422
1648781603.9749377,1787,0.053555071353912354
1648781604.149302,1797,0.0537789985537529
1648781604.606533,1824,0.025807583704590797
1648781604.8658528,1839,0.02972138300538063
1648781604.9201853,1842,0.07156743109226227
1648781605.095866,1852,0.097779780626297
1648781605.4613621,1875,0.010474598966538906
1648781607.081524,1886,0.006572004407644272
1648781607.2029943,1894,0.016138233244419098
1648781607.6366608,1922,0.02600332535803318
1648781607.7323363,1928,0.0987243503332138
1648781607.7952669,1932,0.010346612893044949
1648781607.8897147,1938,0.06930674612522125
1648781607.9668188,1943,0.01687956415116787
1648781608.40388,1971,0.007493304554373026
1648781608.4822989,1976,0.06546293944120407
1648781608.686415,1989,0.02270982787013054
1648781608.7643569,1994,0.10363668203353882
1648781608.9219546,2004,0.05617706850171089
1648781608.9692993,2007,0.03846263140439987
1648781609.0782468,2014,0.024822214618325233
1648781609.6687067,2052,0.06464558839797974
1648781609.7127502,2055,0.025857694447040558
1648781609.8368735,2063,0.02876616083085537
1648781610.256205,2090,0.07397718727588654
1648781610.4429245,2102,0.027833282947540283
1648781610.6639242,2116,0.02484799176454544
1648781611.0687144,2142,0.06549644470214844
1648781611.099958,2144,0.1191537082195282
1648781611.3017852,2157,0.11988317221403122
1648781611.3799531,2162,0.020069777965545654
1648781611.409968,2164,0.04712531715631485
1648781611.4559643,2167,0.007309225387871265
1648781611.893845,2195,0.09538227319717407
1648781612.049537,2205,0.045646946877241135
1648781612.0645478,2206,0.05449777469038963
1648781612.6558309,2244,0.1607244461774826
1648781612.9066043,2260,0.08811468631029129
1648781613.0301626,2268,0.08184915781021118
1648781613.1263235,2274,0.04775746166706085
1648781613.1712394,2277,0.06937471032142639
1648781613.294656,2285,0.017933018505573273
1648781613.623298,2306,0.04721859097480774
1648781613.8743737,2322,0.05207385495305061
1648781614.1415532,2339,0.06760221719741821
1648781614.15688,2340,0.04690193384885788
1648781615.6752582,2345,0.0035432344302535057
1648781615.8966696,2359,0.016561737284064293
1648781616.4325554,2393,0.025434257462620735
1648781616.6662602,2408,0.00889050867408514
1648781617.0906906,2435,0.07329842448234558
1648781617.354396,2452,0.003443383378908038
1648781618.2538254,2510,0.07712849974632263
1648781618.3009927,2513,0.0037639231886714697
1648781618.5802608,2531,0.018478428944945335
1648781618.7808232,2544,0.0851031020283699
1648781619.2990472,2577,0.02096659317612648
1648781619.663554,2599,0.009959961287677288
1648781619.6804314,2600,0.08956289291381836
1648781619.8394513,2610,0.05466258525848389
1648781619.9953418,2620,0.04104362055659294
1648781620.149329,2630,0.03973427414894104
1648781620.2458923,2636,0.02019597962498665
1648781620.524347,2654,0.04397616162896156
1648781620.6319778,2661,0.08356679230928421
1648781620.724353,2667,0.013270298019051552
1648781620.8493924,2675,0.022758733481168747
1648781621.0518963,2688,0.08277828246355057
1648781621.254719,2701,0.0293345358222723
1648781621.2996721,2704,0.1383811980485916
1648781621.3943253,2710,0.09667881578207016
1648781621.6909251,2729,0.04961821809411049
1648781622.0293026,2751,0.049853429198265076
1648781622.152729,2759,0.054777007550001144
1648781622.2916925,2768,0.11263525485992432
1648781622.429892,2777,0.024811645969748497
1648781622.969443,2812,0.08782988786697388
1648781624.4798687,2815,0.02983900159597397
1648781624.5594249,2820,0.007793452125042677
1648781624.5738304,2821,0.09885178506374359
1648781624.6814654,2828,0.06185997650027275
1648781624.8067892,2836,0.05964132398366928
1648781625.2437112,2864,0.005782212130725384
1648781625.4136806,2875,0.017223181203007698
1648781625.6882036,2892,0.02309461496770382
1648781625.7201262,2894,0.010902690701186657
1648781625.7855847,2898,0.0054233744740486145
1648781625.9299405,2907,0.010221556760370731
1648781626.0922446,2917,0.04797087609767914
1648781626.2084732,2924,0.026851821690797806
1648781626.2580762,2927,0.00571956392377615
1648781626.2899709,2929,0.06708339601755142
1648781626.3220623,2931,0.005926743149757385
1648781626.5494256,2945,0.0388498418033123
1648781626.6802797,2953,0.05855492129921913
1648781626.826747,2962,0.010385984554886818
1648781626.9405189,2969,0.048021748661994934
1648781627.4457595,3000,0.037726372480392456
1648781628.0999844,3040,0.015822038054466248
1648781628.211541,3047,0.004155997186899185
1648781628.2760847,3051,0.011597853153944016
1648781628.6826189,3077,0.037241049110889435
1648781628.8282728,3086,0.0258195698261261
1648781628.908899,3091,0.038522131741046906
1648781629.0082517,3097,0.03486349806189537
1648781629.3134418,3116,0.05973312258720398
1648781629.4258394,3123,0.01180226355791092
1648781629.596234,3134,0.06964586675167084
1648781629.705679,3141,0.04521305114030838
1648781629.7850382,3146,0.04789675772190094
1648781629.9902914,3159,0.01456709485501051
1648781630.525713,3191,0.009425722062587738
1648781630.9222586,3214,0.012088545598089695
1648781630.9928901,3218,0.1612517237663269
1648781631.113985,3225,0.04184318706393242
1648781631.1501052,3227,0.02712314948439598
1648781631.2005835,3230,0.08037586510181427
1648781631.234265,3232,0.09324892610311508
1648781631.2705595,3234,0.01342629175633192
1648781631.3756092,3240,0.07546284049749374
1648781631.5468209,3250,0.05287019535899162
1648781631.616155,3254,0.07138368487358093
1648781631.6333964,3255,0.0907086580991745
1648781631.8960528,3270,0.1628633737564087
1648781633.9731557,3305,0.015189082361757755
1648781634.004266,3307,0.006129838991910219
1648781634.1290915,3315,0.03802945464849472
1648781634.2079363,3320,0.0021058632992208004
1648781634.2865689,3325,0.003559397766366601
1648781635.2326622,3384,0.02835123799741268
1648781635.7695546,3415,0.04749663919210434
1648781636.1857486,3440,0.11984871327877045
1648781636.36113,3451,0.039222780615091324
1648781636.9915662,3490,0.01415824145078659
1648781637.214366,3504,0.14737553894519806
1648781637.8294919,3542,0.06981416046619415
1648781638.4066617,3576,0.05072418600320816
1648781638.5994577,3588,0.07593984156847
1648781638.8703933,3604,0.08733654022216797
1648781639.2744184,3629,0.029889214783906937
1648781639.4820957,3642,0.020908568054437637
1648781639.5762217,3648,0.002779056318104267
1648781640.0379865,3677,0.0749955102801323
1648781641.2150877,3750,0.08250416815280914
1648781642.869167,3758,0.09023675322532654
1648781643.077106,3771,0.03581090644001961
1648781643.2614024,3783,0.02683277800679207
1648781643.6174917,3806,0.023002030327916145
1648781643.7263832,3813,0.0073380302637815475
1648781643.742592,3814,0.0784987136721611
1648781644.3265014,3851,0.026952221989631653
1648781645.1695683,3905,0.022130509838461876
1648781645.3299563,3915,0.02301391214132309
1648781645.3613694,3917,0.011407976970076561
1648781645.5243342,3927,0.019779659807682037
1648781645.8274693,3946,0.0047881281934678555
1648781645.8916976,3950,0.015469161793589592
1648781645.9413228,3953,0.01977549120783806
1648781645.9885635,3956,0.04452401399612427
1648781646.5326262,3987,0.04003582522273064
1648781646.5639849,3989,0.0044142212718725204
1648781646.5965047,3991,0.024596957489848137
1648781646.6123102,3992,0.044258154928684235
1648781646.679169,3996,0.068531833589077
1648781646.7253182,3999,0.13340546190738678
1648781646.8540199,4007,0.012655842117965221
1648781647.113813,4023,0.07410368323326111
1648781647.7513764,4063,0.09711258113384247
1648781648.1239047,4085,0.027486754581332207
1648781648.264283,4093,0.02919953130185604
1648781648.5029519,4108,0.0047355229035019875
1648781648.5646162,4112,0.06769681721925735
1648781649.2777596,4153,0.015470001846551895
1648781650.0890532,4202,0.017092673107981682
1648781650.1517155,4206,0.03147122263908386
1648781651.9825318,4226,0.005435813684016466
1648781652.3178327,4247,0.02894536964595318
1648781652.3499382,4249,0.029279671609401703
1648781652.4460611,4255,0.026694556698203087
1648781652.5249116,4260,0.0029999022372066975
1648781652.5817006,4263,0.03866702690720558
1648781652.7164726,4271,0.07440704852342606
1648781652.80008,4276,0.00605933228507638
1648781653.2041218,4301,0.02750585414469242
1648781653.2193887,4302,0.047733452171087265
1648781653.2342663,4303,0.014757620170712471
1648781653.28301,4306,0.01871585287153721
1648781653.3628566,4311,0.0258786641061306
1648781653.377974,4312,0.01541389524936676
1648781653.5630221,4324,0.0019037537276744843
1648781653.595977,4326,0.05096668004989624
1648781653.6310208,4328,0.0010675048688426614
1648781653.711603,4333,0.008064261637628078
1648781653.7895563,4338,0.022386211901903152
1648781653.8700788,4343,0.009713185019791126
1648781654.1255121,4359,0.03012310527265072
1648781654.2218301,4365,0.017338169738650322
1648781654.4891694,4382,0.03742315247654915
1648781654.6417809,4392,0.027100736275315285
1648781654.7655392,4400,0.0035608727484941483
1648781654.910927,4409,0.03355482593178749
1648781654.9250152,4410,0.007489337120205164
1648781654.987816,4414,0.03414527326822281
1648781655.0034447,4415,0.014895505271852016
1648781655.7915287,4464,0.004432911518961191
1648781655.877788,4469,0.07899212837219238
1648781655.9291773,4472,0.03420531749725342
1648781656.3999884,4500,0.019065724685788155
1648781656.8730407,4530,0.006439408753067255
1648781657.3948038,4561,0.11081218719482422
1648781657.6640067,4577,0.003572785761207342
1648781657.6969585,4579,0.01582941599190235
1648781657.7477338,4582,0.009829258546233177
1648781657.8799112,4589,0.01464178878813982
1648781657.9151306,4591,0.04351750388741493
1648781658.082671,4600,0.06916120648384094
1648781658.13447,4603,0.025352220982313156
1648781658.2083385,4607,0.030196206644177437
1648781658.2621546,4610,0.012339148670434952
1648781658.5736468,4629,0.011042955331504345
1648781658.6793735,4635,0.01267580408602953
1648781658.6951864,4636,0.03660816699266434
1648781661.191555,4691,0.0037688210140913725
1648781661.2455177,4694,0.04310240596532822
1648781661.2781487,4696,0.06493198871612549
1648781661.4303417,4705,0.10392841696739197
1648781661.6709423,4719,0.08304518461227417
1648781661.7575543,4724,0.06783263385295868
1648781661.877916,4731,0.016511552035808563
1648781661.930352,4734,0.04262559115886688
1648781662.4830263,4766,0.0243524257093668
1648781663.510057,4828,0.052864912897348404
1648781663.6189163,4835,0.024196665734052658
1648781663.7641265,4844,0.002618868602439761
1648781663.8741457,4851,0.02915198914706707
1648781663.8892703,4852,0.023037364706397057
1648781663.9048557,4853,0.03852938115596771
1648781663.9837494,4858,0.0013136441120877862
1648781664.030785,4861,0.001410849392414093
1648781664.0614152,4863,0.013655691407620907
1648781664.204669,4872,0.006789548322558403
1648781664.6702654,4900,0.07059544324874878
1648781664.8416684,4910,0.08555278927087784
1648781665.067796,4923,0.07688228785991669
1648781665.4497876,4945,0.007518192287534475
1648781665.4659574,4946,0.027763212099671364
1648781665.503212,4948,0.0030428541358560324
1648781665.8498514,4968,0.02386278286576271
1648781665.9548745,4974,0.05729784071445465
1648781666.025853,4978,0.010021885856986046
1648781666.2510405,4991,0.016191428527235985
1648781666.3732526,4998,0.0014569589402526617
1648781666.506863,5006,0.006858359556645155
1648781666.6888652,5017,0.01762247271835804
1648781667.1076186,5043,0.022850627079606056
1648781667.3332837,5057,0.006351595278829336
1648781667.8653762,5090,0.006223859265446663
1648781668.125474,5106,0.0025129003915935755
1648781668.3341541,5119,0.022332917898893356
1648781668.4321167,5125,0.01336932834237814
1648781668.544501,5132,0.002394339768216014
1648781668.8342075,5150,0.019813045859336853
1648781670.882552,5185,0.004316249862313271
1648781671.5647974,5226,0.013831269927322865
1648781671.8614726,5244,0.011389577761292458
1648781671.9765904,5251,0.009119482710957527
1648781672.055587,5256,0.012362593784928322
1648781672.3052278,5272,0.003921277355402708
1648781672.353261,5275,0.009626525454223156
1648781672.9497352,5313,0.030156061053276062
1648781673.2673714,5333,0.03452283889055252
1648781674.0779464,5383,0.01666964404284954
1648781674.1820283,5389,0.0810924842953682
1648781675.1356602,5447,0.005012731999158859
1648781675.22967,5453,0.008577006869018078
1648781675.2452583,5454,0.04338283836841583
1648781675.262603,5455,0.0025282118003815413
1648781675.2939181,5457,0.0015607151435688138
1648781675.4189668,5465,0.004293359350413084
1648781675.859911,5493,0.006389977876096964
1648781676.0775416,5507,0.032718315720558167
1648781676.4895928,5533,0.028020789846777916
1648781676.9484775,5562,0.052972421050071716
1648781677.1047907,5572,0.01695217750966549
1648781677.2281647,5580,0.0009652097360230982
1648781679.609122,5637,0.03589645028114319
1648781680.211093,5674,0.04280662164092064
1648781680.5792065,5695,0.004332585725933313
1648781681.2862184,5736,0.0010384961497038603
1648781681.8495958,5770,0.003381064860150218
1648781681.8825314,5772,0.02225659415125847
1648781682.0050364,5780,0.0008096654200926423
1648781682.0362933,5782,0.0031849213410168886
1648781682.1004176,5786,0.0029890835285186768
1648781682.2248886,5794,0.0014724170323461294
1648781682.5550585,5815,0.0012468291679397225
1648781682.7263765,5826,0.008940610103309155
1648781682.8346257,5833,0.013058983720839024
1648781682.9607425,5841,0.1301087737083435
1648781683.6060832,5882,0.0008166313054971397
1648781683.8704221,5899,0.011720012873411179
1648781684.1315641,5914,0.03626178205013275
1648781684.1643095,5916,0.03728852421045303
1648781684.4103262,5930,0.0016354222316294909
1648781684.5325534,5937,0.010443933308124542
1648781684.7863216,5952,0.07151882350444794
1648781684.8339674,5955,0.006389031186699867
1648781684.8789766,5958,0.07668421417474747
1648781685.0501273,5969,0.0010452166898176074
1648781685.2030694,5979,0.0022950225975364447
1648781685.2333703,5981,0.032661426812410355
1648781685.687133,6010,0.025335881859064102
1648781685.90387,6024,0.010149574838578701
1648781686.075831,6035,0.08505896478891373
1648781686.2009418,6043,0.09044025093317032
1648781686.3884819,6055,0.00466229859739542
1648781686.6877415,6074,0.028028544038534164
1648781688.8158655,6112,0.005729489028453827
1648781688.9577029,6120,0.0054067582823336124
1648781689.0882902,6128,0.043440476059913635
1648781689.1210759,6130,0.00235704705119133
1648781689.392866,6147,0.005157375708222389
1648781689.5656173,6157,0.0024097294081002474
1648781689.5838382,6158,0.01318899542093277
1648781689.7076104,6166,0.0025268348399549723
1648781690.0204241,6186,0.0007924471283331513
1648781690.0512524,6188,0.00744469091296196
1648781690.161364,6195,0.0015912887174636126
1648781690.651966,6226,0.0030904212035238743
1648781690.8270247,6237,0.05009739473462105
1648781690.8579934,6239,0.00043994642328470945
1648781690.8734837,6240,0.009486500173807144
1648781691.4542854,6273,0.008655534125864506
1648781691.566911,6279,0.003587552113458514
1648781691.9023497,6299,0.003917077090591192
1648781691.9648213,6303,0.008972980082035065
1648781692.0418541,6308,0.00528643187135458
1648781692.6158493,6344,0.0012449746718630195
1648781693.427252,6391,0.014993797056376934
1648781693.4943357,6395,0.0087491599842906
1648781693.6204839,6403,0.047307223081588745
1648781693.6359599,6404,0.0010180328972637653
1648781694.140321,6436,0.009825663641095161
1648781694.155692,6437,0.02260981872677803
1648781694.2482836,6443,0.0015889466740190983
1648781694.6504762,6469,0.012279059737920761
1648781695.07962,6497,0.006981062237173319
1648781695.1119385,6499,0.001192854018881917
1648781695.4063663,6518,0.0019660680554807186
1648781695.781121,6542,0.0038486591074615717
1648781695.9958656,6556,0.008849579840898514
1648781698.0907888,6594,0.0023531608749181032
1648781698.106055,6595,0.051342230290174484
1648781698.2994413,6607,0.011850658804178238
1648781698.7064657,6630,0.003243655664846301
1648781699.038897,6651,0.005486852023750544
1648781699.3637412,6671,0.016383811831474304
1648781699.3984854,6673,0.0017903660191223025
1648781699.526458,6681,0.0556822270154953
1648781699.5741963,6684,0.0027224638033658266
1648781699.8747084,6703,0.004175024107098579
1648781699.9279428,6706,0.011666555888950825
1648781700.3845205,6734,0.010509434156119823
1648781700.5432353,6742,0.007820439524948597
1648781700.7529426,6755,0.036336641758680344
1648781700.8013673,6758,0.014923418872058392
1648781701.1999545,6781,0.0020251856185495853
1648781701.5803473,6804,0.05493282154202461
1648781701.692252,6811,0.001096291933208704
1648781702.025749,6832,0.004347841255366802
1648781702.2991657,6849,0.002225446980446577
1648781702.3919058,6855,0.005140232387930155
1648781702.470388,6860,0.018745461478829384
1648781702.5012882,6862,0.014056854881346226
1648781702.6413894,6871,0.006007745862007141
1648781703.3982024,6918,0.0126141756772995
1648781703.7373607,6939,0.005307656712830067
1648781704.0502229,6958,0.02069832757115364
1648781704.7070446,6998,0.000861208769492805
1648781704.9981468,7016,0.008614949882030487
1648781705.1986296,7028,0.022171353921294212
1648781706.8242307,7037,0.0025585636030882597
1648781707.4595623,7078,0.005566572304815054
1648781708.0895455,7117,0.0024105547927320004
1648781708.3847241,7135,0.004438236355781555
1648781708.7980053,7161,0.0014177957782521844
1648781708.845198,7164,0.010907814837992191
1648781709.0022752,7174,0.005070019047707319
1648781710.295839,7257,0.011736865155398846
1648781710.328481,7259,0.005421117879450321
1648781710.6866703,7281,0.0009626515093259513
1648781710.721356,7283,0.0024613316636532545
1648781710.8094816,7288,0.0007787735667079687
1648781710.895712,7293,0.0003626807010732591
1648781711.1859205,7310,0.007056054193526506
1648781711.4710743,7328,0.01468923594802618
1648781711.5493453,7333,0.0045739091001451015
1648781711.6604102,7340,0.0028053962159901857
1648781711.6775305,7341,0.008615441620349884
1648781711.9302115,7357,0.006920401006937027
1648781712.3701513,7385,0.014023291878402233
1648781712.6399598,7402,0.06988710165023804
1648781712.718099,7407,0.0022395476698875427
1648781712.8423295,7415,0.05965292081236839
1648781712.8904157,7418,0.0012392961652949452
1648781712.952697,7422,0.0023020270746201277
1648781713.3004131,7444,0.008241345174610615
1648781716.3379207,7542,0.0019259272376075387
1648781716.4572544,7549,0.006773998960852623
1648781716.8089104,7570,5.8673322200775146e-05
1648781716.9209673,7577,0.0008291177800856531
1648781717.1564844,7592,0.00023264362243935466
1648781717.2829587,7600,0.001861591823399067
1648781717.3435516,7604,0.005865870043635368
1648781717.5001447,7614,0.017050882801413536
1648781717.5480008,7617,0.0002588877687230706
1648781717.5784407,7619,0.002284994116052985
1648781717.7229207,7628,0.0034290417097508907
1648781717.7376845,7629,0.007499670144170523
1648781717.8358479,7635,0.0036367997527122498
1648781717.8513277,7636,0.06308840960264206
1648781718.1567686,7655,0.0015644252998754382
1648781718.1744893,7656,0.006796649657189846
1648781718.60642,7684,0.0007967124111019075
1648781718.7735229,7695,0.0009816461242735386
1648781718.8527281,7700,9.521272295387462e-05
1648781718.9914212,7709,0.00020939057867508382
1648781719.364367,7733,0.01135366689413786
1648781719.7987602,7761,0.007683414500206709
1648781719.874719,7766,0.003352551255375147
1648781720.357222,7797,0.0002299203333677724
1648781720.6815574,7818,0.00016532291192561388
1648781720.7925243,7825,0.004192180931568146
1648781721.040803,7841,0.04555296152830124
1648781721.3427913,7860,0.0018313186010345817
1648781721.4374402,7866,0.00041234621312469244
1648781721.623447,7878,0.0013357781572267413
1648781721.6720164,7881,0.010045692324638367
1648781721.7489922,7886,0.0008075656369328499
1648781721.8147216,7890,0.0006937782745808363
1648781722.0805092,7907,0.001866473932750523
1648781722.0986757,7908,0.0012143026106059551
1648781722.5195603,7935,0.0002872234908863902
1648781722.5377874,7936,0.0250372514128685
1648781722.631883,7942,0.00044561538379639387
1648781722.6493566,7943,0.0009917492279782891
1648781722.6962209,7946,0.0006275312043726444
1648781724.80119,7986,0.002093786373734474
1648781724.8172958,7987,0.001071737613528967
1648781724.929924,7994,0.0004949631402269006
1648781724.9980533,7998,0.00016050197882577777
1648781725.3500197,8019,0.0007458691252395511
1648781725.539853,8031,0.0040881880559027195
1648781725.7294676,8043,0.0182437002658844
1648781725.7604084,8045,0.00032401300268247724
1648781725.9324214,8056,0.0006609293050132692
1648781726.0084636,8061,0.005410904996097088
1648781726.1022716,8067,0.00040300257387571037
1648781726.1654062,8071,0.0005057721282355487
1648781726.4470615,8089,0.0003970856487285346
1648781726.5407677,8095,0.004570866469293833
1648781726.7755249,8110,0.0022786003537476063
1648781726.810307,8112,0.030659599229693413
1648781727.137392,8133,0.003081640927121043
1648781727.1829689,8136,0.002186913276091218
1648781727.6304305,8165,0.008064325898885727
1648781728.4356053,8217,6.399949052138254e-05
1648781728.7246764,8236,0.00014416035264730453
1648781728.7569532,8238,0.00020046783902216703
1648781728.8640451,8245,0.0031700986437499523
1648781728.909556,8248,0.00018822414858732373
1648781728.957223,8251,0.0002966923057101667
1648781729.126899,8262,0.0008050156175158918
1648781729.234907,8269,0.0003757803060580045
1648781729.2976973,8273,0.03764486685395241
1648781729.3129144,8274,0.005783660337328911
1648781729.3913085,8279,0.0010504544479772449
1648781729.4988446,8286,0.0025901137851178646
1648781729.6851618,8298,0.0002453449124004692
1648781729.7489207,8302,0.001856119022704661
1648781730.5360138,8352,0.0001839890464907512
1648781730.9715128,8380,0.0023297553416341543
1648781731.0347373,8384,0.0026011064182966948
1648781731.7221663,8427,8.396465273108333e-05
1648781731.8929274,8437,0.010030645877122879
1648781733.481433,8445,0.0019310631323605776
1648781733.531663,8448,0.0006892055971547961
1648781733.8712413,8469,6.827961624367163e-05
1648781734.0310807,8479,0.00046431832015514374
1648781734.3040671,8496,0.0024852307979017496
1648781734.8494973,8530,7.422240014420822e-05
1648781734.8985984,8533,0.0017524363938719034
1648781735.0576863,8543,0.00013192609185352921
1648781735.137643,8548,0.00010658654355211183
1648781735.5352137,8573,0.0007800469757057726
1648781735.7251346,8585,0.0008285389631055295
1648781735.7562618,8587,0.0008604611502960324
1648781736.012422,8603,0.0023587201721966267
1648781736.410263,8628,0.0005885278806090355
1648781736.6979737,8646,0.00011318695760564879
1648781736.794191,8652,0.00010666018351912498
1648781737.018806,8666,0.005618938710540533
1648781737.1462045,8674,0.002857182640582323
1648781737.2094316,8678,0.0005128540215082467
1648781737.2262678,8679,0.00023511075414717197
1648781737.3854082,8689,0.0003888345672748983
1648781737.5629752,8700,0.00020702947222162038
1648781737.8810902,8720,0.00046199708594940603
1648781738.138412,8736,0.0014262872282415628
1648781738.1539192,8737,0.00010204761929344386
1648781738.624223,8767,0.00037676587817259133
1648781738.639056,8768,0.0010228888131678104
1648781738.6859884,8771,0.0003981198533438146
1648781738.7459404,8775,0.00011776690371334553
1648781739.0981328,8798,0.0001030566927511245
1648781739.2489614,8808,0.00043992276187054813
1648781739.3116333,8812,0.0014324509538710117
1648781739.7897694,8843,0.00011311598791508004
1648781740.008513,8857,0.002182201948016882
1648781740.038591,8859,0.00013507895346265286
1648781740.2379725,8872,6.907204078743234e-05
1648781740.2675545,8874,0.0002512333157937974
1648781740.3458865,8879,0.00039402328548021615
1648781740.4546566,8886,0.0004404229111969471
1648781740.563546,8893,0.00013137439964339137
1648781740.6865325,8901,0.0003438953135628253
1648781742.9325829,8950,0.0004534988838713616
1648781742.948011,8951,0.0006005339091643691
1648781743.3033943,8974,0.0003068374062422663
1648781743.378912,8979,0.000873886572662741
1648781743.44131,8983,0.0004205913282930851
1648781743.6105423,8994,0.00017347293032798916
1648781743.7837486,9005,0.00013409693201538175
1648781744.0919282,9025,0.00010546074918238446
1648781744.1228125,9027,0.0012419215636327863
1648781744.3092976,9039,0.00023655386758036911
1648781744.7014575,9064,0.00018766082939691842
1648781744.7168524,9065,0.00018447230104357004
1648781745.0101883,9084,0.00013805789058096707
1648781745.089185,9089,0.0007931627333164215
1648781745.9374871,9139,0.0002751465071924031
1648781746.3237264,9161,0.0005871333996765316
1648781747.0880733,9209,0.0005501956329680979
1648781747.3736167,9227,0.0009667901904322207
1648781747.7015357,9246,0.0005575615796260536
1648781748.1316378,9273,0.00013942478108219802
1648781748.437626,9292,5.279819015413523e-05
1648781748.7575479,9312,0.0001296745176659897
1648781748.8065836,9315,7.882583304308355e-05
1648781748.837596,9317,8.152865484589711e-05
1648781748.928966,9323,7.735004328424111e-05
1648781751.3140302,9382,5.5991906265262514e-05
1648781751.4666994,9392,0.00016043148934841156
1648781751.730382,9409,0.000295373989501968
1648781752.0303726,9428,8.813548629404977e-05
1648781752.105773,9433,0.00017585454043000937
1648781752.1385698,9435,0.00010876773012569174
1648781752.293673,9445,0.000201258750166744
1648781752.5797286,9463,8.028974116314203e-05
1648781752.611967,9465,9.143825445789844e-05
1648781752.9148042,9483,7.713891682215035e-05
1648781753.1443117,9497,0.00023682607570663095
1648781753.396505,9512,0.00012358868843875825
1648781753.654352,9528,3.074918276979588e-05
1648781753.828327,9539,0.0001219804398715496
1648781754.0583367,9553,0.00010370514064561576
1648781754.1262896,9557,0.0003747215087059885
1648781754.8162417,9600,9.997996676247567e-05
1648781755.4858253,9641,0.00018838417599909008
1648781755.6470232,9651,0.00015449558850377798
1648781755.7450457,9657,0.00046880540321581066
1648781755.8432207,9663,0.0003347302263136953
1648781756.381202,9696,0.0002799701178446412
1648781756.6225004,9711,3.412787918932736e-05
1648781756.990859,9734,5.968678669887595e-05
1648781757.4782805,9761,0.0011916615767404437
1648781757.5164058,9763,5.43726964679081e-05
1648781757.6502123,9770,0.00019936685566790402
1648781757.9201849,9784,2.3264654373633675e-05
1648781758.2547204,9802,0.0001677278196439147
1648781758.5357196,9817,0.0002779757196549326
1648781758.6502345,9823,0.00016866059741005301
1648781758.6691537,9824,0.000339471735060215
1648781758.9307847,9839,0.00023496351786889136
1648781759.032956,9845,0.001481543993577361
1648781759.0662875,9847,0.0005447468720376492
1648781760.6187978,9849,9.76295123109594e-05
1648781760.782193,9858,0.00022836973948869854
1648781761.0585022,9875,4.529189391178079e-05
1648781761.2025943,9884,9.582520578987896e-05
1648781761.5922735,9908,0.00014916960208211094
1648781761.8218238,9922,7.120107329683378e-05
1648781762.3385513,9953,0.00015895426622591913
1648781762.421257,9958,0.00020580741693265736
1648781762.470487,9961,0.00018367230950389057
1648781762.534467,9965,9.055798000190407e-05
1648781763.1830287,10006,3.519744495861232e-05
1648781763.326369,10015,0.00014710170216858387
1648781763.510352,10026,0.00022843388433102518
1648781763.9164417,10051,0.00011683570483000949
1648781764.112268,10063,0.00019104023522231728
1648781764.3529263,10078,0.00021132794790901244
1648781764.6363714,10096,0.0002529308258090168
1648781764.9209015,10114,5.240400059847161e-05
1648781764.9705186,10117,7.63115895097144e-05
1648781765.604822,10156,0.0002019002422457561
1648781765.8493247,10171,0.00010299556015525013
1648781766.114093,10187,3.399860725039616e-05
1648781766.4387584,10207,0.00016334772226400673
1648781766.8945053,10236,7.521753286710009e-05
1648781766.9888864,10242,0.00019057979807257652
1648781767.0404813,10245,0.0005978595581836998
1648781767.0550845,10246,0.00018587146769277751
1648781767.1830497,10254,0.00010367218783358112
1648781767.2319806,10257,0.0006415146053768694
1648781767.2665346,10259,3.068288060603663e-05
1648781767.282383,10260,0.00019029274699278176
1648781767.3302596,10263,0.00010403995838714764
1648781767.3616889,10265,2.1223691874183714e-05
1648781767.7657394,10290,6.975325231906027e-05
1648781769.7411556,10318,0.0003263669495936483
1648781769.7571921,10319,9.58519522100687e-05
1648781769.9037364,10328,0.00019337621051818132
1648781770.570341,10370,7.302786980289966e-05
1648781771.0448468,10400,3.245952393626794e-05
1648781771.2327957,10412,7.26947037037462e-05
1648781771.3607748,10420,0.00015950875240378082
1648781771.6520028,10438,0.00019488722318783402
1648781772.1096933,10466,7.31058171368204e-05
1648781772.1426897,10468,2.7957299607805908e-05
1648781772.3893504,10483,9.38657540245913e-05
1648781772.659464,10498,3.0568156944354996e-05
1648781772.710696,10501,0.00010425844811834395
1648781773.1112783,10524,0.00044981364044360816
1648781773.2507749,10532,0.0001398203312419355
1648781773.5821202,10551,8.401743252761662e-05
1648781773.6692138,10556,0.00015865483146626502
1648781773.8809657,10568,4.09669301006943e-05
1648781773.8980377,10569,0.0003787613532040268
1648781773.9343128,10571,1.892782347567845e-05
1648781773.986247,10574,0.0002264039358124137
1648781774.286035,10591,8.485880971420556e-05
1648781774.6028225,10609,4.034609446534887e-05
1648781775.0738573,10637,0.00014412880409508944
1648781775.107888,10639,7.774347614031285e-05
1648781775.451019,10660,0.0001595398789504543
1648781775.6756003,10673,0.00019373217946849763
1648781775.7800145,10679,0.0002339752099942416
1648781777.181272,10764,9.083304030355066e-05
1648781779.3205616,10805,4.727757550426759e-05
1648781779.355338,10807,0.00018575656577013433
1648781779.703104,10828,0.00010728488268796355
1648781779.7993124,10834,4.49753315479029e-05
1648781780.073159,10851,0.00011162852024426684
1648781780.2416766,10861,0.0001849127293098718
1648781780.2611353,10862,0.00011283440107945353
1648781780.421496,10871,6.585386290680617e-05
1648781780.5576928,10879,0.00035436541656963527
1648781780.6219544,10883,2.1695908799301833e-05
1648781781.2739983,10923,0.00010259595728712156
1648781782.046318,10970,2.879701423808001e-05
1648781782.3643718,10990,0.00022156797058414668
1648781782.4279792,10994,9.096112626139075e-05
1648781782.79824,11017,0.00013594460324384272
1648781782.8624578,11021,0.00011260028986725956
1648781783.0356665,11032,0.00011580771388253197
1648781783.0881715,11035,8.343566150870174e-05
1648781783.1410477,11038,0.0002802791423164308
1648781783.1902351,11041,6.38814308331348e-05
1648781783.2408473,11044,0.0001788731460692361
1648781783.2924151,11047,0.00011438262299634516
1648781783.6433363,11069,4.163418634561822e-05
1648781783.8052175,11079,0.00015234609600156546
1648781784.1272647,11099,1.8627773897605948e-05
1648781784.2249563,11105,2.581854823802132e-05
1648781784.625503,11130,0.00013404974015429616
1648781784.7537282,11138,0.00024414045037701726
1648781784.8803933,11146,6.071293319109827e-05
1648781784.929814,11149,0.00019752465595956892
1648781785.0722766,11158,4.404430364957079e-05
1648781785.5464246,11188,0.00011388323036953807
1648781785.9812508,11215,0.00018976329010911286
1648781786.0617619,11220,1.2722578503598925e-05
1648781786.5102696,11248,5.079000402474776e-05
1648781788.2284904,11258,6.18917474639602e-05
1648781788.2950191,11262,0.00015797432570252568
1648781788.4095616,11269,0.00010537985508562997
1648781788.750423,11290,0.0002514281077310443
1648781788.8148012,11294,0.00020513392519205809
1648781788.9091392,11300,7.137288775993511e-05
1648781788.9724863,11304,0.0003852256922982633
1648781789.1159554,11313,0.0002817017666529864
1648781789.22972,11320,1.6158970538526773e-05
1648781789.6746533,11348,0.00019765234901569784
1648781790.6193285,11407,0.00011007652938133106
1648781790.7657547,11416,9.889682405628264e-05
1648781791.137295,11440,0.0001206059823743999
1648781791.2151928,11445,0.00010322933667339385
1648781791.3662124,11455,0.0002862915862351656
1648781791.4408367,11460,0.0001974227197933942
1648781791.8315096,11486,0.00012913647515233606
1648781792.0708256,11502,0.0006905941991135478
1648781792.2034328,11511,6.843985465820879e-05
1648781792.402938,11524,0.0004335783887654543
1648781792.4518254,11527,0.00016035331645980477
1648781792.692709,11543,4.849494871450588e-05
1648781792.8437955,11553,6.651149305980653e-05
1648781792.9489987,11560,4.995066410629079e-05
1648781793.0245836,11565,0.00020162039436399937
1648781793.2836218,11582,0.00019602719112299383
1648781793.3009777,11583,0.0001182212945423089
1648781794.101329,11634,0.0002004206326091662
1648781794.2099195,11641,0.0001290450745727867
1648781794.3195457,11648,0.00022948053083382547
1648781794.3979616,11653,0.0003786907473113388
1648781794.5421684,11662,4.246603202773258e-05
1648781794.9131718,11685,0.0002379088255111128
1648781797.2417247,11741,3.0022343707969412e-05
1648781797.619031,11765,4.8141388106159866e-05
1648781797.9935215,11788,6.621857755817473e-05
1648781798.5200286,11821,0.0003268303698860109
1648781798.601555,11826,6.345520523609594e-05
1648781798.9074228,11846,0.000450158171588555
1648781799.1306376,11859,1.9452972992439754e-05
1648781799.2171779,11864,0.00010203060082858428
1648781799.5748632,11885,1.5566294678137638e-05
1648781799.6581366,11890,0.0001181585030280985
1648781799.7866082,11898,4.3271644244669005e-05
1648781800.0049863,11912,0.0002027433511102572
1648781800.0222948,11913,0.0002819465007632971
1648781800.051393,11915,0.0003451287338975817
1648781800.630244,11952,0.0001388075324939564
1648781800.7902844,11962,0.00012424346641637385
1648781800.9006305,11969,4.8335939936805516e-05
1648781800.9942524,11975,0.0005375746404752135
1648781801.1851397,11987,0.00023149556363932788
1648781801.2622657,11992,0.00011883780098287389
1648781801.6501684,12016,0.00012323142436798662
1648781801.6953385,12019,0.0002808470162563026
1648781802.002385,12038,2.0343852156656794e-05
1648781802.03539,12040,0.0002665971696842462
1648781803.0468788,12099,3.142267087241635e-05
1648781803.3162348,12115,0.00012502122262958437
1648781803.6388245,12134,1.212959068652708e-05
1648781803.9462388,12152,0.0001330379454884678
1648781804.5131807,12184,0.00011332239955663681
1648781806.4790812,12214,0.0005683926283381879
1648781807.0876966,12253,0.00016506941756233573
1648781807.2106535,12261,0.0001609038736205548
1648781807.441055,12276,0.0001636979286558926
1648781807.891245,12305,0.0001291145890718326
1648781808.149683,12321,0.00019463407807052135
1648781808.1664345,12322,0.00023223670723382384
1648781808.2169597,12325,0.00015358085511252284
1648781808.4463837,12339,0.00035278062568977475
1648781808.4949172,12342,0.00047816807636991143
1648781809.4499955,12402,0.00018076693231705576
1648781810.465604,12466,5.529364352696575e-05
1648781810.6045206,12474,0.00013512287114281207
1648781810.738224,12482,9.52348782448098e-05
1648781811.678956,12540,8.926784357754514e-05
1648781812.162465,12570,6.995756848482415e-05
1648781812.1812851,12571,0.00019563603564165533
1648781812.8771586,12614,1.8920136426459067e-05
1648781813.56925,12657,0.00011661915050353855
1648781815.3082733,12673,0.0003842923615593463
1648781815.5758858,12690,0.00025927493697963655
1648781815.768715,12702,0.00011079885007347912
1648781815.8344576,12706,0.00017009220027830452
1648781815.8979409,12710,0.0001918159832712263
1648781815.9810038,12715,0.00012688663264270872
1648781816.061367,12720,9.091716492548585e-05
1648781816.3782415,12739,7.014530274318531e-05
1648781816.7517715,12761,0.00015976268332451582
1648781816.9778209,12775,3.4463824704289436e-05
1648781817.0440261,12779,0.00021136002033017576
1648781817.2674053,12793,0.00012479786528274417
1648781817.332496,12797,8.518532558809966e-05
1648781817.3985124,12801,0.00015809774049557745
1648781817.4144096,12802,1.5384219295810908e-05
1648781817.5102024,12808,0.00015339777746703476
1648781817.590215,12813,7.530851144110784e-05
1648781817.8575234,12829,5.676550426869653e-05
1648781817.921754,12833,0.00013650901382789016
1648781818.0179653,12839,6.827194738434628e-05
1648781818.1961584,12850,0.0001492886949563399
1648781818.2444317,12853,6.0476610087789595e-05
1648781818.2925777,12856,0.0002732548746280372
1648781818.4491546,12866,0.00020462711108848453
1648781818.605928,12876,0.00031752613722346723
1648781819.1038063,12907,0.0001007369501166977
1648781819.5967488,12938,8.232706022681668e-05
1648781819.6294568,12940,0.00013400356692727655
1648781819.675752,12943,0.00011382337106624618
1648781819.8974483,12957,0.00015624426305294037
1648781820.5094922,12994,0.0002902889100369066
1648781820.5634792,12997,0.0001287531340494752
1648781820.6316752,13001,3.5752378607867286e-05
1648781821.667063,13065,0.00010957933409372345
1648781822.0275514,13088,0.0003083557530771941
1648781822.202069,13099,0.0001702720910543576
1648781822.2623425,13103,4.4524535042000934e-05
1648781822.3661995,13109,7.884997467044741e-05
1648781822.39776,13111,9.436289838049561e-05
1648781824.2289135,13134,8.959406113717705e-05
1648781824.40536,13145,0.0002223274059360847
1648781824.5491962,13154,5.8297904615756124e-05
1648781824.8656912,13174,0.0001499663048889488
1648781824.9290328,13178,0.0002524270093999803
1648781825.0915997,13188,3.558428943506442e-05
1648781825.3664463,13206,0.00020386888354551047
1648781825.4450784,13211,0.0002643101615831256
1648781825.4765189,13213,0.00012555847933981568
1648781825.615299,13222,0.0004043497610837221
1648781825.7239785,13229,0.0001472903386456892
1648781825.7393634,13230,0.00015633601287845522
1648781826.0615096,13251,0.00020302715711295605
1648781826.3538275,13270,6.237213528947905e-05
1648781826.4499407,13276,9.89205582300201e-05
1648781826.726358,13294,6.47351480438374e-05
1648781826.8649259,13303,0.00015879528655204922
1648781826.8803735,13304,0.00045049653272144496
1648781827.0337656,13314,0.0001541867241030559
1648781827.1087315,13319,3.0028228138689883e-05
1648781827.389236,13337,0.00035977165680378675
1648781827.404951,13338,7.320787699427456e-05
1648781827.5148988,13345,0.00010437658056616783
1648781827.5924907,13350,0.00015372986672446132
1648781827.7781272,13362,0.0005617082351818681
1648781828.0706387,13381,0.0006808369071222842
1648781828.1178555,13384,6.957884761504829e-05
1648781828.1331165,13385,3.368403486092575e-05
1648781828.1938365,13389,9.640537609811872e-05
1648781828.2562442,13393,0.0001437725150026381
1648781828.6743135,13420,9.877978300210088e-05
1648781828.753296,13425,0.00038118119118735194
1648781828.861465,13432,3.8653819501632825e-05
1648781829.0587966,13445,3.8282352761598304e-05
1648781830.1132047,13513,0.00015753504703752697
1648781830.2380886,13521,0.00010232012573396787
1648781830.3478441,13528,0.00016428736853413284
1648781830.5517583,13541,0.00020206485351081938
1648781830.6458178,13547,0.00018891505897045135
1648781830.7678828,13555,0.00037438623257912695
1648781830.7979236,13557,0.00026489514857530594
1648781831.0760036,13575,0.00012155139120295644
1648781831.2927082,13589,6.930946983629838e-05
1648781831.308474,13590,0.00019208327285014093
1648781833.0117743,13606,7.894658483564854e-05
1648781833.1034982,13612,8.655920100864023e-05
1648781833.1807454,13617,0.00023078823869582266
1648781833.195829,13618,8.76669873832725e-05
1648781833.2733257,13623,8.73021999723278e-05
1648781833.4435034,13634,0.00020598882110789418
1648781833.9081695,13664,4.119427831028588e-05
1648781834.1401863,13679,4.293280289857648e-05
1648781834.5103486,13703,0.00012261976371519268
1648781835.0702112,13739,0.00011124285083496943
1648781835.3657749,13758,0.00023075618082657456
1648781836.0608466,13803,0.00012453658564481884
1648781836.107277,13806,0.00017834031314123422
1648781836.3524292,13822,0.0001184758439194411
1648781836.6016235,13838,0.00013457160093821585
1648781836.6462662,13841,0.00034251686884090304
1648781836.8605807,13855,7.794260454829782e-05
1648781836.905715,13858,5.4068608733359724e-05
1648781836.9677575,13862,0.00029425029060803354
1648781836.9826388,13863,7.647767779417336e-05
1648781837.106059,13871,0.00015804628492332995
1648781838.054786,13932,0.00010705027671065181
1648781838.2093961,13942,0.0003616265894379467
1648781838.2420876,13944,0.00011604071914916858
1648781839.0319273,13995,9.426554606761783e-05
1648781839.2942085,14012,0.00013520216452889144
1648781839.5264251,14027,0.0002273744612466544
1648781839.8305483,14047,1.223843173647765e-05
1648781840.061306,14062,5.278096068650484e-05
1648781840.1652684,14069,0.00040733243804425
