Wall time,Step,Value
1648806993.946557,10,0.07508532702922821
1648806994.0737045,18,0.12969283759593964
1648806994.104229,20,0.1433447152376175
1648806994.201734,26,0.18430034816265106
1648806994.4092712,39,0.27303755283355713
1648806994.490613,44,0.3071672320365906
1648806994.5674353,49,0.3412969410419464
1648806994.6016393,51,0.35494881868362427
1648806994.9001758,70,0.4846416413784027
1648806994.9160688,71,0.49146756529808044
1648806994.9351768,72,0.49829351902008057
1648806994.998302,76,0.5255972743034363
1648806995.0472033,79,0.5460751056671143
1648806995.1737256,87,0.6006826162338257
1648806995.2505012,92,0.6348122954368591
1648806995.3162673,96,0.6621160507202148
1648806995.4629917,105,0.723549485206604
1648806995.6505,117,0.8054607510566711
1648806995.9481952,136,0.935153603553772
1648806996.0261617,141,0.9692832827568054
1648806996.4343326,167,1.14675772190094
1648806996.7373855,186,1.276450514793396
1648806997.3894472,227,1.5563139915466309
1648806997.4048655,228,1.5631399154663086
1648806997.7351327,249,1.7064846754074097
1648806997.9393685,262,1.7952218055725098
1648806998.18957,278,1.9044368267059326
1648806998.2356536,281,1.9249147176742554
1648806998.3936834,291,1.9931740760803223
1648806998.6458373,307,2.0
1648806999.156712,340,2.0
1648806999.5162566,363,2.0
1648806999.5316794,364,2.0
1648806999.6601784,372,2.0
1648806999.740151,377,2.0
1648806999.7709281,379,2.0
1648806999.9796872,392,2.0
1648807000.1987698,406,2.0
1648807000.4804704,424,2.0
1648807000.636635,434,2.0
1648807000.7459707,441,2.0
1648807000.7614822,442,2.0
1648807001.0905972,463,2.0
1648807002.7452323,471,2.0
1648807002.9328356,483,2.0
1648807003.2124853,501,2.0
1648807004.0117888,553,2.0
1648807004.167717,563,2.0
1648807004.337526,574,2.0
1648807004.4317842,580,2.0
1648807004.5655951,588,2.0
1648807004.621455,591,2.0
1648807005.1921918,624,2.0
1648807005.259197,628,2.0
1648807005.3208985,632,2.0
1648807005.5782938,648,2.0
1648807005.814443,663,2.0
1648807005.8298888,664,2.0
1648807006.051293,678,2.0
1648807006.0981748,681,2.0
1648807006.401506,700,2.0
1648807006.7348542,721,2.0
1648807006.9393733,734,2.0
1648807007.4278054,764,2.0
1648807007.506697,769,2.0
1648807007.6769621,780,2.0
1648807007.8347604,790,2.0
1648807008.2841403,819,2.0
1648807008.3922458,826,2.0
1648807008.7900488,851,2.0
1648807008.8055027,852,2.0
1648807008.821077,853,2.0
1648807008.8824968,857,2.0
1648807009.4535544,893,2.0
1648807009.6231284,904,2.0
1648807009.686917,908,2.0
1648807009.7627983,913,2.0
1648807010.0929265,934,2.0
1648807012.0134132,965,2.0
1648807012.1679711,975,2.0
1648807012.6081233,1003,2.0
1648807012.7324376,1011,2.0
1648807012.9054775,1022,2.0
1648807012.9675324,1026,2.0
1648807013.2967057,1047,2.0
1648807013.8393059,1081,2.0
1648807013.8895097,1084,2.0
1648807014.0037124,1091,2.0
1648807014.0975432,1097,2.0
1648807014.5331776,1124,2.0
1648807014.5658038,1126,2.0
1648807014.6269567,1130,2.0
1648807014.7361329,1137,2.0
1648807014.7516532,1138,2.0
1648807015.0198276,1155,2.0
1648807015.1750693,1165,2.0
1648807015.2063997,1167,2.0
1648807015.2537212,1170,2.0
1648807016.0200856,1218,2.0
1648807016.2069268,1230,2.0
1648807016.49063,1248,2.0
1648807016.5387347,1251,2.0
1648807016.8406272,1270,2.0
1648807016.984497,1279,2.0
1648807017.2385085,1295,2.0
1648807017.3494914,1302,2.0
1648807017.5052495,1312,2.0
1648807017.8077984,1331,2.0
1648807018.1237197,1351,2.0
1648807018.1540813,1353,2.0
1648807018.390724,1368,2.0
1648807018.4062307,1369,2.0
1648807018.5838292,1380,2.0
1648807018.804574,1394,2.0
1648807020.525396,1413,2.0
1648807021.800535,1487,2.0
1648807021.8849485,1492,2.0
1648807021.9701507,1497,2.0
1648807021.9922655,1498,2.0
1648807022.2183564,1511,2.0
1648807022.5956385,1531,2.0
1648807022.6851192,1536,2.0
1648807023.100724,1558,2.0
1648807023.559617,1585,2.0
1648807023.6070955,1588,2.0
1648807023.9242823,1608,2.0
1648807024.2695107,1627,2.0
1648807024.5684571,1644,2.0
1648807024.6574793,1649,2.0
1648807025.4633665,1696,2.0
1648807025.4787405,1697,2.0
1648807025.7662654,1715,2.0
1648807026.260886,1744,2.0
1648807026.294697,1746,2.0
1648807026.4357274,1755,2.0
1648807026.714592,1773,2.0
1648807026.9836116,1789,2.0
1648807027.5564005,1824,2.0
1648807027.6171772,1828,2.0
1648807027.7461514,1836,2.0
1648807027.8056157,1840,2.0
1648807028.22923,1867,2.0
1648807028.2447486,1868,2.0
1648807028.260302,1869,2.0
1648807028.2938561,1871,2.0
1648807028.3285122,1873,2.0
1648807030.3676236,1912,2.0
1648807030.4471388,1917,2.0
1648807030.696838,1933,2.0
1648807031.2136295,1966,2.0
1648807031.2446022,1968,2.0
1648807031.454379,1981,2.0
1648807031.5350153,1986,2.0
1648807031.8278823,2004,2.0
1648807031.9418712,2011,2.0
1648807032.0208383,2015,2.0
1648807032.589112,2048,2.0
1648807032.909915,2068,2.0
1648807033.2468052,2089,2.0
1648807033.3122048,2093,2.0
1648807033.3439443,2095,2.0
1648807033.7217133,2119,2.0
1648807033.7514386,2121,2.0
1648807033.953728,2134,2.0
1648807034.0320787,2139,2.0
1648807034.077402,2142,2.0
1648807034.3955312,2162,2.0
1648807034.441201,2165,2.0
1648807034.6568928,2179,2.0
1648807034.8152175,2189,2.0
1648807034.8602808,2192,2.0
1648807035.175058,2212,2.0
1648807035.1904917,2213,2.0
1648807035.5883336,2238,2.0
1648807035.6648436,2243,2.0
1648807035.984901,2263,2.0
1648807036.221814,2278,2.0
1648807036.3575299,2286,2.0
1648807036.3720481,2287,2.0
1648807037.217207,2340,2.0
1648807037.2331138,2341,2.0
1648807038.8717964,2350,2.0
1648807038.9040608,2352,2.0
1648807038.9384918,2354,2.0
1648807039.5909796,2390,2.0
1648807039.723183,2398,2.0
1648807040.5583417,2450,2.0
1648807040.699492,2459,2.0
1648807040.714689,2460,2.0
1648807041.0019844,2478,2.0
1648807041.1301088,2486,2.0
1648807041.676503,2519,2.0
1648807041.7773657,2525,2.0
1648807041.8421397,2529,2.0
1648807041.8903384,2532,2.0
1648807041.984856,2538,2.0
1648807042.049189,2542,2.0
1648807042.1456363,2548,2.0
1648807042.1641996,2549,2.0
1648807043.1261363,2610,2.0
1648807043.1921163,2614,2.0
1648807043.6785493,2644,2.0
1648807043.7311356,2647,2.0
1648807043.8344326,2653,2.0
1648807043.9847739,2662,2.0
1648807044.0189474,2664,2.0
1648807044.0345008,2665,2.0
1648807044.2159603,2676,2.0
1648807046.1847947,2796,2.0
1648807046.2349112,2799,2.0
1648807046.281117,2802,2.0
1648807046.4551868,2813,2.0
1648807048.1891336,2829,2.0
1648807048.5815217,2854,2.0
1648807049.008519,2881,2.0
1648807049.5349975,2909,2.0
1648807049.8574708,2926,2.0
1648807049.995919,2933,2.0
1648807050.3091934,2949,2.0
1648807050.387552,2953,2.0
1648807050.6880174,2970,2.0
1648807050.7333279,2973,2.0
1648807051.1699927,2999,2.0
1648807051.3957908,3011,2.0
1648807051.6669421,3026,2.0
1648807051.7157755,3029,2.0
1648807052.0634205,3050,2.0
1648807052.2547524,3062,2.0
1648807052.4419844,3074,2.0
1648807052.6838818,3089,2.0
1648807052.8403194,3099,2.0
1648807052.9348373,3105,2.0
1648807053.1257758,3117,2.0
1648807053.26742,3126,2.0
1648807053.5714383,3145,2.0
1648807053.634437,3149,2.0
1648807053.6660185,3151,2.0
1648807054.0193646,3173,2.0
1648807054.5660725,3208,2.0
1648807054.6559541,3214,2.0
1648807055.0902536,3242,2.0
1648807055.3598638,3259,2.0
1648807058.0012825,3331,2.0
1648807058.331971,3351,2.0
1648807058.4584835,3359,2.0
1648807058.7764163,3379,2.0
1648807058.9477792,3390,2.0
1648807058.9962673,3393,2.0
1648807059.0422382,3396,2.0
1648807059.380037,3417,2.0
1648807059.4110887,3419,2.0
1648807059.7711463,3442,2.0
1648807059.8179574,3445,2.0
1648807060.0375662,3459,2.0
1648807060.147732,3466,2.0
1648807060.2728019,3474,2.0
1648807060.3375728,3478,2.0
1648807060.3846288,3481,2.0
1648807060.4154522,3483,2.0
1648807060.8404782,3510,2.0
1648807061.113088,3527,2.0
1648807061.255931,3536,2.0
1648807061.398525,3545,2.0
1648807061.433352,3547,2.0
1648807061.4473958,3548,2.0
1648807061.6181812,3559,2.0
1648807062.642806,3624,2.0
1648807062.9013498,3640,2.0
1648807062.917652,3641,2.0
1648807063.060613,3650,2.0
1648807063.4466448,3674,2.0
1648807063.4622972,3675,2.0
1648807063.9316263,3704,2.0
1648807064.110897,3715,2.0
1648807064.2230802,3722,2.0
1648807064.2561615,3724,2.0
1648807064.5324535,3741,2.0
1648807066.3046823,3762,2.0
1648807066.3353975,3764,2.0
1648807066.5378044,3777,2.0
1648807066.680444,3786,2.0
1648807066.9446354,3803,2.0
1648807067.1649842,3817,2.0
1648807067.7820196,3852,2.0
1648807067.8963084,3858,2.0
1648807067.9735017,3862,2.0
1648807068.5287368,3896,2.0
1648807068.7649534,3911,2.0
1648807068.7827325,3912,2.0
1648807069.404745,3951,2.0
1648807069.5444164,3960,2.0
1648807069.6256502,3965,2.0
1648807069.8464289,3978,2.0
1648807070.6198635,4026,2.0
1648807070.6699462,4029,2.0
1648807070.7011309,4031,2.0
1648807070.9705937,4048,2.0
1648807071.5701325,4085,2.0
1648807071.683177,4092,2.0
1648807072.1607862,4122,2.0
1648807072.3343375,4133,2.0
1648807072.4888055,4143,2.0
1648807072.5354197,4146,2.0
1648807073.1618795,4186,2.0
1648807073.5120218,4208,2.0
1648807073.560972,4211,2.0
1648807075.288678,4226,2.0
1648807076.4410079,4294,2.0
1648807076.6821454,4308,2.0
1648807076.989674,4326,2.0
1648807077.6081471,4361,2.0
1648807078.0350997,4384,2.0
1648807078.2218037,4395,2.0
1648807078.4006484,4405,2.0
1648807078.524451,4412,2.0
1648807078.5404582,4413,2.0
1648807078.5889025,4416,2.0
1648807078.9282246,4433,2.0
1648807079.0491512,4440,2.0
1648807079.0886471,4442,2.0
1648807079.1233275,4444,2.0
1648807079.4636624,4463,2.0
1648807079.8032475,4481,2.0
1648807079.9337592,4488,2.0
1648807080.0015905,4492,2.0
1648807080.1583927,4501,2.0
1648807080.3726113,4514,2.0
1648807080.388634,4515,2.0
1648807080.5054135,4522,2.0
1648807080.5218952,4523,2.0
1648807080.686026,4533,2.0
1648807081.1903217,4564,2.0
1648807081.5161402,4583,2.0
1648807081.6624002,4591,2.0
1648807081.6777556,4592,2.0
1648807081.725715,4595,2.0
1648807081.9157493,4607,2.0
1648807081.9330494,4608,2.0
1648807082.107909,4619,2.0
1648807082.7653792,4659,2.0
1648807083.0362525,4676,2.0
1648807084.8466973,4697,2.0
1648807085.0658147,4711,2.0
1648807085.3200307,4727,2.0
1648807085.524541,4740,2.0
1648807085.9345024,4766,2.0
1648807085.9495428,4767,2.0
1648807086.011689,4771,2.0
1648807086.060262,4774,2.0
1648807086.1236053,4778,2.0
1648807086.1378508,4779,2.0
1648807086.1563473,4780,2.0
1648807086.451866,4799,2.0
1648807087.001927,4834,2.0
1648807087.332949,4855,2.0
1648807087.8073628,4885,2.0
1648807088.0106313,4898,2.0
1648807088.2811084,4915,2.0
1648807088.518501,4930,2.0
1648807088.8012297,4948,2.0
1648807089.2557995,4977,2.0
1648807089.302319,4980,2.0
1648807089.6807675,5004,2.0
1648807089.696507,5005,2.0
1648807089.9956675,5024,2.0
1648807090.0445106,5027,2.0
1648807091.1773853,5099,2.0
1648807091.3953555,5113,2.0
1648807091.489744,5119,2.0
1648807091.6633513,5130,2.0
1648807091.9468193,5148,2.0
1648807093.7602904,5173,2.0
1648807093.7759845,5174,2.0
1648807093.8574092,5179,2.0
1648807093.9196818,5183,2.0
1648807094.0009735,5188,2.0
1648807094.255966,5204,2.0
1648807094.5922658,5225,2.0
1648807094.6573212,5229,2.0
1648807094.717856,5233,2.0
1648807094.8763268,5243,2.0
1648807095.5802915,5288,2.0
1648807095.7063298,5296,2.0
1648807095.8330443,5304,2.0
1648807095.866271,5306,2.0
1648807095.9274888,5310,2.0
1648807096.2621965,5331,2.0
1648807096.47077,5344,2.0
1648807096.611648,5353,2.0
1648807096.7573035,5362,2.0
1648807097.0257673,5379,2.0
1648807097.1654243,5388,2.0
1648807097.369161,5401,2.0
1648807097.8413389,5431,2.0
1648807097.9349344,5437,2.0
1648807098.0301468,5443,2.0
1648807098.319722,5461,2.0
1648807098.4193811,5467,2.0
1648807098.8297532,5493,2.0
1648807098.9425452,5500,2.0
1648807099.3894625,5528,2.0
1648807099.5780125,5540,2.0
1648807099.7368453,5550,2.0
1648807100.0521984,5570,2.0
1648807100.1319988,5575,2.0
1648807100.2276387,5581,2.0
1648807100.259089,5583,2.0
1648807100.3248694,5587,2.0
1648807102.5025322,5634,2.0
1648807102.6279492,5642,2.0
1648807103.1947799,5677,2.0
1648807103.6493032,5705,2.0
1648807103.9314516,5723,2.0
1648807103.9645693,5725,2.0
1648807104.135344,5736,2.0
1648807104.3365574,5749,2.0
1648807104.6334088,5768,2.0
1648807104.6973143,5772,2.0
1648807104.774867,5777,2.0
1648807104.8057444,5779,2.0
1648807105.501463,5824,2.0
1648807105.7374868,5839,2.0
1648807106.9608064,5917,2.0
1648807107.0237536,5921,2.0
1648807107.335589,5941,2.0
1648807107.4285874,5947,2.0
1648807107.776652,5969,2.0
1648807107.8718638,5975,2.0
1648807108.578794,6020,2.0
1648807108.8157847,6035,2.0
1648807109.210399,6060,2.0
1648807109.3206744,6067,2.0
1648807109.6400177,6087,2.0
1648807111.3330655,6099,2.0
1648807112.2710178,6157,2.0
1648807112.288076,6158,2.0
1648807112.5560632,6175,2.0
1648807112.793404,6190,2.0
1648807112.9525514,6200,2.0
1648807113.7232907,6249,2.0
1648807113.8444717,6257,2.0
1648807113.9050455,6261,2.0
1648807114.0132992,6268,2.0
1648807114.0476604,6270,2.0
1648807114.122716,6275,2.0
1648807114.3094358,6287,2.0
1648807115.0293136,6332,2.0
1648807115.0939395,6336,2.0
1648807115.2198117,6344,2.0
1648807115.3283257,6351,2.0
1648807115.392189,6355,2.0
1648807115.6893518,6374,2.0
1648807116.0002093,6394,2.0
1648807116.0660057,6398,2.0
1648807116.4607038,6423,2.0
1648807116.6700537,6436,2.0
1648807116.703495,6438,2.0
1648807116.78213,6443,2.0
1648807116.7975802,6444,2.0
1648807117.0851133,6462,2.0
1648807117.2443986,6472,2.0
1648807117.5325887,6490,2.0
1648807117.862197,6511,2.0
1648807117.9265223,6515,2.0
1648807118.1330044,6528,2.0
1648807118.2277596,6534,2.0
1648807118.2917614,6538,2.0
1648807118.3071425,6539,2.0
1648807118.4328644,6547,2.0
1648807118.52803,6553,2.0
1648807120.6223474,6595,2.0
1648807120.9422581,6613,2.0
1648807121.0009103,6616,2.0
1648807121.7609792,6656,2.0
1648807121.9124708,6664,2.0
1648807122.0894098,6675,2.0
1648807122.4318922,6697,2.0
1648807122.9144804,6728,2.0
1648807123.6106622,6771,2.0
1648807123.742115,6778,2.0
1648807123.8543015,6784,2.0
1648807123.9850898,6791,2.0
1648807124.1744916,6801,2.0
1648807124.3995378,6813,2.0
1648807124.843016,6840,2.0
1648807125.0495312,6853,2.0
1648807125.205108,6863,2.0
1648807125.5483823,6885,2.0
1648807126.2078528,6927,2.0
1648807126.424802,6941,2.0
1648807126.5326426,6948,2.0
1648807126.5790331,6951,2.0
1648807126.5948212,6952,2.0
1648807126.7060735,6959,2.0
1648807126.846687,6968,2.0
1648807127.1751242,6989,2.0
1648807127.3795476,7002,2.0
1648807127.6807103,7021,2.0
1648807129.4147418,7040,2.0
1648807129.6043339,7052,2.0
1648807129.7124069,7059,2.0
1648807129.9598165,7075,2.0
1648807130.1496089,7087,2.0
1648807130.1651363,7088,2.0
1648807130.3223662,7098,2.0
1648807130.868843,7133,2.0
1648807131.2939913,7160,2.0
1648807131.4194798,7168,2.0
1648807132.0281336,7206,2.0
1648807132.2031054,7217,2.0
1648807132.7845106,7254,2.0
1648807133.0044367,7268,2.0
1648807133.3979754,7293,2.0
1648807133.5548997,7303,2.0
1648807133.6486142,7309,2.0
1648807134.3287013,7351,2.0
1648807134.3598878,7353,2.0
1648807134.4093893,7356,2.0
1648807134.5021007,7361,2.0
1648807134.6389606,7368,2.0
1648807134.8087978,7378,2.0
1648807134.8398607,7380,2.0
1648807135.0469265,7393,2.0
1648807135.1570766,7400,2.0
1648807135.366593,7413,2.0
1648807135.382528,7414,2.0
1648807135.7086682,7434,2.0
1648807135.789604,7439,2.0
1648807135.916655,7447,2.0
1648807136.05164,7455,2.0
1648807136.2744596,7469,2.0
1648807136.3593526,7474,2.0
1648807136.4578586,7480,2.0
1648807136.590882,7487,2.0
1648807136.6218977,7489,2.0
1648807138.3531523,7506,2.0
1648807138.8815825,7539,2.0
1648807139.010189,7547,2.0
1648807139.1405554,7555,2.0
1648807139.1559093,7556,2.0
1648807139.3165913,7566,2.0
1648807139.7352684,7590,2.0
1648807140.0938654,7610,2.0
1648807140.3129096,7624,2.0
1648807140.5097828,7635,2.0
1648807140.5273724,7636,2.0
1648807140.5840688,7639,2.0
1648807140.7118835,7646,2.0
1648807140.982444,7662,2.0
1648807141.0143664,7664,2.0
1648807141.0768685,7668,2.0
1648807141.1904852,7675,2.0
1648807141.2066987,7676,2.0
1648807141.4390728,7689,2.0
1648807141.6683738,7703,2.0
1648807142.330292,7740,2.0
1648807142.3465345,7741,2.0
1648807142.8032656,7766,2.0
1648807143.172183,7786,2.0
1648807143.5024936,7805,2.0
1648807143.6154933,7812,2.0
1648807143.6910553,7816,2.0
1648807143.7854962,7821,2.0
1648807143.8075497,7822,2.0
1648807143.8434575,7824,2.0
1648807143.8910198,7827,2.0
1648807143.944075,7830,2.0
1648807144.110737,7839,2.0
1648807144.1265101,7840,2.0
1648807144.5090542,7862,2.0
1648807144.7306473,7874,2.0
1648807144.8506851,7881,2.0
1648807145.0139325,7890,2.0
1648807145.0994463,7895,2.0
1648807145.248911,7903,2.0
1648807145.284869,7905,2.0
1648807145.5580573,7921,2.0
1648807146.1606476,7955,2.0
1648807146.323942,7965,2.0
1648807146.3726954,7968,2.0
1648807148.0086126,7980,2.0
1648807148.4189663,8006,2.0
1648807148.4988716,8011,2.0
1648807148.6255324,8019,2.0
1648807148.8793504,8035,2.0
1648807148.9412103,8039,2.0
1648807149.2285545,8057,2.0
1648807149.27566,8060,2.0
1648807149.3587801,8065,2.0
1648807149.3885038,8067,2.0
1648807149.8148077,8094,2.0
1648807149.879252,8098,2.0
1648807150.1780038,8117,2.0
1648807150.3192234,8126,2.0
1648807150.3497028,8128,2.0
1648807150.4754004,8136,2.0
1648807150.6295378,8146,2.0
1648807150.7379937,8153,2.0
1648807150.7549,8154,2.0
1648807151.0484793,8173,2.0
1648807151.4552822,8199,2.0
1648807151.8972342,8227,2.0
1648807152.6064363,8272,2.0
1648807153.2298448,8312,2.0
1648807153.4524393,8326,2.0
1648807153.781446,8347,2.0
1648807154.233667,8376,2.0
1648807154.8453133,8415,2.0
1648807154.8601048,8416,2.0
1648807155.013664,8426,2.0
1648807155.1566334,8435,2.0
1648807155.2449338,8441,2.0
1648807157.1673734,8472,2.0
1648807157.5811644,8498,2.0
1648807157.724582,8507,2.0
1648807157.9491732,8521,2.0
1648807158.204588,8537,2.0
1648807158.428373,8551,2.0
1648807158.7212465,8569,2.0
1648807158.8031402,8574,2.0
1648807158.8184328,8575,2.0
1648807159.0579643,8590,2.0
1648807159.1040905,8593,2.0
1648807159.1197598,8594,2.0
1648807159.2159111,8600,2.0
1648807159.9667456,8647,2.0
1648807160.0327513,8651,2.0
1648807160.1586854,8659,2.0
1648807160.6571128,8691,2.0
1648807161.1323862,8721,2.0
1648807161.7307117,8759,2.0
1648807162.779683,8825,2.0
1648807162.9047813,8833,2.0
1648807162.9953346,8839,2.0
1648807163.0579405,8843,2.0
1648807163.1810021,8851,2.0
1648807163.259628,8856,2.0
1648807163.2743993,8857,2.0
1648807163.35323,8862,2.0
1648807163.3689358,8863,2.0
1648807163.859869,8894,2.0
1648807164.0991426,8909,2.0
1648807165.60204,8911,2.0
1648807165.8052657,8924,2.0
1648807165.8527582,8927,2.0
1648807165.8997104,8930,2.0
1648807166.602224,8974,2.0
1648807166.7486892,8983,2.0
1648807166.7643683,8984,2.0
1648807167.389032,9023,2.0
1648807167.6282873,9038,2.0
1648807167.6915934,9042,2.0
1648807167.8205445,9050,2.0
1648807167.948238,9058,2.0
1648807168.17093,9072,2.0
1648807168.3552618,9084,2.0
1648807168.5762482,9098,2.0
1648807168.6850176,9105,2.0
1648807168.703342,9106,2.0
1648807168.7948134,9112,2.0
1648807168.8284068,9114,2.0
1648807168.8592515,9116,2.0
1648807169.5351224,9159,2.0
1648807169.633416,9165,2.0
1648807169.9652002,9186,2.0
1648807170.5366673,9222,2.0
1648807170.552241,9223,2.0
1648807171.5052156,9283,2.0
1648807171.6487062,9292,2.0
1648807172.014005,9315,2.0
1648807172.0926783,9320,2.0
1648807172.2201867,9328,2.0
1648807172.3492773,9336,2.0
1648807172.866787,9368,2.0
1648807173.0113611,9377,2.0
1648807174.493102,9381,2.0
1648807174.6189678,9389,2.0
1648807175.0845435,9419,2.0
1648807175.4158547,9440,2.0
1648807175.4650123,9443,2.0
1648807175.8477626,9467,2.0
1648807175.9439905,9473,2.0
1648807176.524523,9510,2.0
1648807176.558188,9512,2.0
1648807176.5883043,9514,2.0
1648807176.6528227,9518,2.0
1648807176.8270533,9529,2.0
1648807176.8422647,9530,2.0
1648807176.9076734,9534,2.0
1648807177.3001604,9559,2.0
1648807177.3639896,9563,2.0
1648807177.853619,9594,2.0
1648807178.4806318,9634,2.0
1648807178.7637167,9652,2.0
1648807178.85705,9658,2.0
1648807179.046671,9670,2.0
1648807179.6037865,9705,2.0
1648807180.0133183,9731,2.0
1648807180.0600822,9734,2.0
1648807180.297752,9749,2.0
1648807180.4227705,9757,2.0
1648807180.4378412,9758,2.0
1648807180.484049,9761,2.0
1648807180.5614252,9766,2.0
1648807180.6696444,9773,2.0
1648807180.7146096,9776,2.0
1648807180.7307816,9777,2.0
1648807180.9486659,9791,2.0
1648807180.9972565,9794,2.0
1648807181.109531,9801,2.0
1648807181.4096003,9820,2.0
1648807181.5182974,9827,2.0
1648807181.5501363,9829,2.0
1648807181.629223,9834,2.0
1648807183.4394639,9858,2.0
1648807183.6235933,9869,2.0
1648807183.6418474,9870,2.0
1648807183.7870543,9879,2.0
1648807183.8660972,9884,2.0
1648807183.9758325,9891,2.0
1648807184.0559902,9896,2.0
1648807184.5106308,9925,2.0
1648807184.6798468,9936,2.0
1648807184.997742,9956,2.0
1648807185.6025782,9994,2.0
1648807185.6331778,9996,2.0
1648807185.8542855,10010,2.0
1648807185.9342506,10015,2.0
1648807185.9494786,10016,2.0
1648807186.0451295,10022,2.0
1648807186.388135,10044,2.0
1648807186.6580193,10061,2.0
1648807187.0188205,10084,2.0
1648807187.2066512,10096,2.0
1648807187.2556462,10099,2.0
1648807187.4091802,10109,2.0
1648807187.586826,10120,2.0
1648807187.648075,10124,2.0
1648807187.7778554,10132,2.0
1648807187.888267,10139,2.0
1648807188.031325,10148,2.0
1648807188.3294804,10167,2.0
1648807188.770911,10195,2.0
1648807189.0555415,10213,2.0
1648807189.197608,10222,2.0
1648807189.722389,10255,2.0
1648807189.9434125,10269,2.0
1648807190.1353269,10281,2.0
1648807190.2603872,10289,2.0
1648807190.4157538,10299,2.0
1648807190.4641824,10302,2.0
1648807190.5404925,10307,2.0
1648807192.5129158,10341,2.0
1648807193.2075255,10385,2.0
1648807193.7297475,10418,2.0
1648807193.760293,10420,2.0
1648807193.934189,10431,2.0
1648807193.9493241,10432,2.0
1648807194.216186,10449,2.0
1648807194.2492228,10451,2.0
1648807194.3896282,10460,2.0
1648807194.8177526,10487,2.0
1648807194.8637536,10490,2.0
1648807194.8787339,10491,2.0
1648807195.327155,10519,2.0
1648807195.4412181,10526,2.0
1648807195.5535038,10533,2.0
1648807195.9076087,10555,2.0
1648807195.9373078,10557,2.0
1648807195.9523702,10558,2.0
1648807196.2567027,10577,2.0
1648807196.5750287,10597,2.0
1648807196.909385,10618,2.0
1648807196.9715004,10622,2.0
1648807196.9872782,10623,2.0
1648807197.2237067,10638,2.0
1648807197.367473,10647,2.0
1648807197.525113,10657,2.0
1648807198.1903768,10697,2.0
1648807198.419037,10711,2.0
1648807198.4550145,10713,2.0
1648807198.8788702,10739,2.0
1648807198.8943877,10740,2.0
1648807198.974508,10745,2.0
1648807199.3252442,10766,2.0
1648807199.3410964,10767,2.0
1648807201.1214392,10790,2.0
1648807201.3129244,10802,2.0
1648807201.700664,10827,2.0
1648807201.873897,10838,2.0
1648807201.9819574,10845,2.0
1648807202.0769124,10851,2.0
1648807202.1397371,10855,2.0
1648807202.5154722,10879,2.0
1648807202.6094134,10885,2.0
1648807203.505763,10943,2.0
1648807204.4568284,11005,2.0
1648807204.564525,11012,2.0
1648807204.5954127,11014,2.0
1648807204.6426423,11017,2.0
1648807204.657805,11018,2.0
1648807204.8421361,11030,2.0
1648807204.8594465,11031,2.0
1648807204.9194343,11035,2.0
1648807204.9347343,11036,2.0
1648807205.5126183,11073,2.0
1648807205.526555,11074,2.0
1648807206.297427,11123,2.0
1648807206.3121443,11124,2.0
1648807206.684282,11148,2.0
1648807206.756126,11152,2.0
1648807207.0213077,11169,2.0
1648807207.2415936,11183,2.0
1648807207.6505215,11209,2.0
1648807207.8699925,11223,2.0
1648807208.3208373,11252,2.0
1648807210.1483712,11278,2.0
1648807210.4942527,11300,2.0
1648807210.6238651,11308,2.0
1648807210.8577616,11323,2.0
1648807211.1235156,11340,2.0
1648807211.2173905,11346,2.0
1648807211.3124392,11352,2.0
1648807211.374037,11356,2.0
1648807211.733719,11379,2.0
1648807211.7488189,11380,2.0
1648807212.410825,11422,2.0
1648807212.504528,11428,2.0
1648807212.7197688,11442,2.0
1648807212.842511,11450,2.0
1648807213.0757794,11465,2.0
1648807213.272822,11478,2.0
1648807213.3365302,11482,2.0
1648807213.5850701,11498,2.0
1648807213.8820071,11517,2.0
1648807214.1945896,11537,2.0
1648807214.2563646,11541,2.0
1648807214.5693002,11561,2.0
1648807214.7403014,11572,2.0
1648807215.0211086,11590,2.0
1648807215.4312108,11616,2.0
1648807215.6859717,11632,2.0
1648807215.8766167,11644,2.0
1648807215.8920164,11645,2.0
1648807216.1804974,11663,2.0
1648807216.8176117,11700,2.0
1648807217.0424814,11714,2.0
1648807218.6330414,11725,2.0
1648807218.806954,11736,2.0
1648807219.5444536,11782,2.0
1648807219.575108,11784,2.0
1648807219.7370224,11794,2.0
1648807220.011091,11811,2.0
1648807220.44037,11838,2.0
1648807220.519799,11843,2.0
1648807220.6660705,11852,2.0
1648807220.7278986,11856,2.0
1648807220.888366,11866,2.0
1648807220.9194567,11868,2.0
1648807221.5663414,11909,2.0
1648807221.8220124,11925,2.0
1648807221.8871615,11929,2.0
1648807221.965506,11934,2.0
1648807222.41323,11962,2.0
1648807222.476182,11966,2.0
1648807222.6182368,11975,2.0
1648807223.4340942,12026,2.0
1648807223.6063814,12037,2.0
1648807223.6216445,12038,2.0
1648807223.6555126,12040,2.0
1648807223.7015173,12043,2.0
1648807223.780376,12048,2.0
1648807224.0167253,12063,2.0
1648807224.0802007,12067,2.0
1648807224.2354488,12077,2.0
1648807224.4543915,12091,2.0
1648807224.5184715,12095,2.0
1648807225.422131,12151,2.0
1648807225.5449662,12159,2.0
1648807225.811591,12176,2.0
1648807225.8422365,12178,2.0
1648807227.6167293,12199,2.0
1648807227.6655083,12202,2.0
1648807228.2667265,12240,2.0
1648807229.3023624,12305,2.0
1648807229.3927343,12311,2.0
1648807229.7441766,12333,2.0
1648807230.4481897,12377,2.0
1648807230.5767953,12385,2.0
1648807230.642432,12389,2.0
1648807230.892666,12405,2.0
1648807231.097401,12418,2.0
1648807231.2666733,12429,2.0
1648807231.440803,12440,2.0
1648807231.47163,12442,2.0
1648807231.7851138,12462,2.0
1648807231.9428782,12472,2.0
1648807232.0393965,12478,2.0
1648807232.0882876,12481,2.0
1648807232.6382205,12516,2.0
1648807232.8422678,12529,2.0
1648807233.2096398,12551,2.0
1648807233.3964026,12562,2.0
1648807233.668099,12578,2.0
1648807234.2706666,12614,2.0
1648807234.4983878,12628,2.0
1648807234.5452104,12631,2.0
1648807236.5393238,12663,2.0
1648807236.6187518,12668,2.0
1648807236.6690314,12671,2.0
1648807236.6848607,12672,2.0
1648807236.8659432,12683,2.0
1648807237.2973006,12710,2.0
1648807237.3305635,12712,2.0
1648807237.3944077,12716,2.0
1648807237.5398107,12725,2.0
1648807237.7308342,12737,2.0
1648807237.7962337,12741,2.0
1648807237.972884,12752,2.0
1648807238.200425,12766,2.0
1648807238.234763,12768,2.0
1648807238.3761542,12777,2.0
1648807239.056965,12819,2.0
1648807239.4002142,12840,2.0
1648807239.5617745,12850,2.0
1648807239.6278393,12854,2.0
1648807239.8091052,12865,2.0
1648807240.0176466,12878,2.0
1648807240.2109451,12890,2.0
1648807240.3073714,12896,2.0
1648807240.5013542,12908,2.0
1648807240.5789838,12913,2.0
1648807240.5979986,12914,2.0
1648807240.7129805,12921,2.0
1648807241.2092686,12952,2.0
1648807241.2408957,12954,2.0
1648807241.3527324,12961,2.0
1648807241.4335992,12966,2.0
1648807241.6416926,12979,2.0
1648807241.975681,13000,2.0
1648807242.0378702,13004,2.0
1648807242.1973643,13014,2.0
1648807243.003565,13065,2.0
1648807244.0797205,13121,2.0
1648807246.0474758,13152,2.0
1648807246.1406024,13158,2.0
1648807246.3328266,13170,2.0
1648807246.3483932,13171,2.0
1648807246.5552685,13184,2.0
1648807246.6039727,13187,2.0
1648807246.9519644,13209,2.0
1648807247.125334,13220,2.0
1648807247.1594353,13222,2.0
1648807247.2497287,13228,2.0
1648807247.282931,13230,2.0
1648807247.7284079,13258,2.0
1648807248.094103,13281,2.0
1648807248.3169925,13295,2.0
1648807248.5242262,13308,2.0
1648807248.6028578,13313,2.0
1648807249.2247667,13352,2.0
1648807249.3049254,13357,2.0
1648807250.405156,13426,2.0
1648807250.8385553,13453,2.0
1648807250.9165092,13458,2.0
1648807251.463698,13493,2.0
1648807251.5875528,13501,2.0
1648807252.1882255,13538,2.0
1648807252.316148,13546,2.0
1648807252.4130106,13552,2.0
1648807254.723678,13605,2.0
1648807254.7724392,13608,2.0
1648807254.9792151,13621,2.0
1648807255.0257077,13624,2.0
1648807255.1206095,13630,2.0
1648807255.2615683,13639,2.0
1648807255.5129948,13655,2.0
1648807255.5770583,13659,2.0
1648807256.106206,13692,2.0
1648807256.2335198,13700,2.0
1648807256.5004811,13717,2.0
1648807256.5344028,13719,2.0
1648807256.6278827,13725,2.0
1648807256.8212485,13737,2.0
1648807256.9652178,13746,2.0
1648807257.1101806,13755,2.0
1648807257.3961825,13773,2.0
1648807257.4278953,13775,2.0
1648807257.5526037,13783,2.0
1648807258.3068285,13831,2.0
1648807258.3233025,13832,2.0
1648807259.0733829,13880,2.0
1648807259.5153835,13908,2.0
1648807259.7380793,13922,2.0
1648807259.7530456,13923,2.0
1648807260.2296147,13953,2.0
1648807260.3099484,13958,2.0
1648807260.371264,13962,2.0
1648807261.1929562,14013,2.0
1648807261.6595914,14042,2.0
