Wall time,Step,Value
1648806993.9464612,10,2.316789150238037
1648806994.0736423,18,2.297492742538452
1648806994.1041517,20,2.298419237136841
1648806994.2016566,26,2.2953574657440186
1648806994.4091778,39,2.268292188644409
1648806994.490518,44,2.266033887863159
1648806994.5673385,49,2.2431695461273193
1648806994.6015565,51,2.242493152618408
1648806994.9000807,70,2.0957589149475098
1648806994.9160054,71,2.0737249851226807
1648806994.9350927,72,2.1040656566619873
1648806994.9982195,76,2.0791075229644775
1648806995.0471156,79,1.964127540588379
1648806995.1736436,87,1.8152737617492676
1648806995.2504225,92,1.6806650161743164
1648806995.3161807,96,1.586804986000061
1648806995.4629157,105,1.3473902940750122
1648806995.6504052,117,1.1994494199752808
1648806995.948119,136,0.6853416562080383
1648806996.0260825,141,0.6789888739585876
1648806996.4342413,167,0.587631344795227
1648806996.7373068,186,0.405070036649704
1648806997.3893752,227,0.3275766670703888
1648806997.4048014,228,0.2792303264141083
1648806997.735068,249,0.25384125113487244
1648806997.9392984,262,0.3187867999076843
1648806998.1895034,278,0.3013335168361664
1648806998.23559,281,0.27652430534362793
1648806998.3935986,291,0.23439498245716095
1648806998.6457267,307,0.2877616584300995
1648806999.1566324,340,0.18649089336395264
1648806999.5161965,363,0.18784815073013306
1648806999.5315897,364,0.13896368443965912
1648806999.660083,372,0.2036481499671936
1648806999.740086,377,0.16347195208072662
1648806999.7708337,379,0.20671500265598297
1648806999.979611,392,0.30092427134513855
1648807000.1986783,406,0.2630171775817871
1648807000.4803903,424,0.10041928291320801
1648807000.6365464,434,0.2077372968196869
1648807000.7459116,441,0.25053492188453674
1648807000.7614098,442,0.25555503368377686
1648807001.0905068,463,0.10708627849817276
1648807002.7451496,471,0.16042770445346832
1648807002.9327652,483,0.09239054471254349
1648807003.2123945,501,0.09133964031934738
1648807004.0117276,553,0.12110001593828201
1648807004.1676433,563,0.14371004700660706
1648807004.3374457,574,0.07792578637599945
1648807004.4316866,580,0.12572510540485382
1648807004.5654993,588,0.08894123136997223
1648807004.6213453,591,0.07449302077293396
1648807005.1921318,624,0.12794828414916992
1648807005.2590542,628,0.07955130934715271
1648807005.3208225,632,0.09009280800819397
1648807005.578213,648,0.04805570840835571
1648807005.8143508,663,0.12768471240997314
1648807005.829757,664,0.13343314826488495
1648807006.0512133,678,0.1276141107082367
1648807006.0980985,681,0.102188341319561
1648807006.401428,700,0.09889522194862366
1648807006.7347777,721,0.09817995131015778
1648807006.9392815,734,0.08061640709638596
1648807007.4277158,764,0.1465868055820465
1648807007.5065897,769,0.10007232427597046
1648807007.6768706,780,0.1712142825126648
1648807007.8346846,790,0.15019871294498444
1648807008.2840765,819,0.05448179692029953
1648807008.3921862,826,0.06341750919818878
1648807008.7899888,851,0.11266513913869858
1648807008.8054423,852,0.11405157297849655
1648807008.8210196,853,0.08375829458236694
1648807008.8824391,857,0.03869113326072693
1648807009.4534922,893,0.042185936123132706
1648807009.6230712,904,0.0816824659705162
1648807009.6868563,908,0.13892117142677307
1648807009.7627053,913,0.12726765871047974
1648807010.092864,934,0.06200714781880379
1648807012.0133314,965,0.10615643858909607
1648807012.1679108,975,0.04580948129296303
1648807012.608047,1003,0.048423126339912415
1648807012.73236,1011,0.048597030341625214
1648807012.9053843,1022,0.0502779558300972
1648807012.967458,1026,0.15961404144763947
1648807013.2966452,1047,0.031663212925195694
1648807013.8392477,1081,0.057092878967523575
1648807013.8894167,1084,0.14839768409729004
1648807014.0036185,1091,0.01830771192908287
1648807014.097484,1097,0.05762699991464615
1648807014.533101,1124,0.06844761967658997
1648807014.5656857,1126,0.034128811210393906
1648807014.6268675,1130,0.07250910997390747
1648807014.7360737,1137,0.08346899598836899
1648807014.751577,1138,0.04527628794312477
1648807015.0197494,1155,0.02516244351863861
1648807015.1749713,1165,0.02994678169488907
1648807015.2063093,1167,0.031859204173088074
1648807015.2536607,1170,0.04094591736793518
1648807016.0200047,1218,0.10740849375724792
1648807016.206836,1230,0.01552577968686819
1648807016.4905708,1248,0.04483221843838692
1648807016.5386684,1251,0.13731366395950317
1648807016.8405516,1270,0.05679253861308098
1648807016.9844394,1279,0.021714502945542336
1648807017.2384176,1295,0.01982525922358036
1648807017.3494134,1302,0.0351715050637722
1648807017.5051565,1312,0.024466393515467644
1648807017.8077078,1331,0.04608868807554245
1648807018.1236596,1351,0.1500016748905182
1648807018.1540053,1353,0.11651714146137238
1648807018.3906326,1368,0.04463140293955803
1648807018.4061413,1369,0.04582088068127632
1648807018.583739,1380,0.07389923930168152
1648807018.8044813,1394,0.057986319065093994
1648807020.5253284,1413,0.0226140059530735
1648807021.8004575,1487,0.09724444895982742
1648807021.8848708,1492,0.08517290651798248
1648807021.970043,1497,0.15116743743419647
1648807021.99216,1498,0.05688076466321945
1648807022.2182522,1511,0.06396206468343735
1648807022.5955358,1531,0.0788244754076004
1648807022.6849906,1536,0.07605814933776855
1648807023.100644,1558,0.06780083477497101
1648807023.5595589,1585,0.05963904783129692
1648807023.6070073,1588,0.022710921242833138
1648807023.9241946,1608,0.02713732421398163
1648807024.2694485,1627,0.06895405054092407
1648807024.5683792,1644,0.10144051164388657
1648807024.6573832,1649,0.013412881642580032
1648807025.4632773,1696,0.09291408210992813
1648807025.4786627,1697,0.09265944361686707
1648807025.7661724,1715,0.13274608552455902
1648807026.2607472,1744,0.015066700056195259
1648807026.294618,1746,0.030785758048295975
1648807026.43565,1755,0.06805135309696198
1648807026.7144954,1773,0.1020011380314827
1648807026.9835188,1789,0.020702553912997246
1648807027.55631,1824,0.012100390158593655
1648807027.6170876,1828,0.1306721568107605
1648807027.7460716,1836,0.03059290163218975
1648807027.805541,1840,0.0762985423207283
1648807028.2291522,1867,0.009210134856402874
1648807028.2446718,1868,0.10170445591211319
1648807028.2602282,1869,0.007168559357523918
1648807028.293731,1871,0.1318301558494568
1648807028.3284094,1873,0.05005393177270889
1648807030.3675587,1912,0.005922197364270687
1648807030.447067,1917,0.06667844951152802
1648807030.6967769,1933,0.017178039997816086
1648807031.2135494,1966,0.015952162444591522
1648807031.2445421,1968,0.03576352074742317
1648807031.454283,1981,0.05379617214202881
1648807031.534919,1986,0.0466136708855629
1648807031.827787,2004,0.011197283864021301
1648807031.9417346,2011,0.030523309484124184
1648807032.0207393,2015,0.017124367877840996
1648807032.5890281,2048,0.2878600060939789
1648807032.909805,2068,0.12119731307029724
1648807033.2467377,2089,0.11092554032802582
1648807033.3121266,2093,0.04245470091700554
1648807033.343866,2095,0.053050730377435684
1648807033.7216167,2119,0.07927357405424118
1648807033.7513437,2121,0.007959414273500443
1648807033.9536486,2134,0.005407814402133226
1648807034.0319996,2139,0.046725284308195114
1648807034.077308,2142,0.13407950103282928
1648807034.3954492,2162,0.04108176380395889
1648807034.4411118,2165,0.03290603309869766
1648807034.656814,2179,0.03125418350100517
1648807034.8151245,2189,0.010609294287860394
1648807034.8602028,2192,0.05595504492521286
1648807035.1749678,2212,0.06638289988040924
1648807035.1904132,2213,0.03003847412765026
1648807035.588275,2238,0.23381876945495605
1648807035.6647375,2243,0.0792166069149971
1648807035.984844,2263,0.058704812079668045
1648807036.2217307,2278,0.07067835330963135
1648807036.3574483,2286,0.030055904760956764
1648807036.3719552,2287,0.025570392608642578
1648807037.2171094,2340,0.04134164750576019
1648807037.233051,2341,0.03776910528540611
1648807038.8716896,2350,0.029981957748532295
1648807038.9039805,2352,0.025205455720424652
1648807038.9384148,2354,0.03010600432753563
1648807039.590895,2390,0.04065728560090065
1648807039.7231004,2398,0.006498358212411404
1648807040.5582607,2450,0.009504670277237892
1648807040.6994126,2459,0.04009559378027916
1648807040.714611,2460,0.04323038086295128
1648807041.001761,2478,0.025418467819690704
1648807041.129978,2486,0.10222739726305008
1648807041.676408,2519,0.08912349492311478
1648807041.7773037,2525,0.0021826692391186953
1648807041.8420658,2529,0.04772578924894333
1648807041.8902767,2532,0.033661335706710815
1648807041.984796,2538,0.11599446833133698
1648807042.0491297,2542,0.031400103121995926
1648807042.1455755,2548,0.03355720639228821
1648807042.164133,2549,0.04884942248463631
1648807043.126043,2610,0.05352599918842316
1648807043.19202,2614,0.056323081254959106
1648807043.6784801,2644,0.03503895550966263
1648807043.7310648,2647,0.005485245492309332
1648807043.8343606,2653,0.019781064242124557
1648807043.9847069,2662,0.07893187552690506
1648807044.01888,2664,0.034223053604364395
1648807044.0344346,2665,0.06952691078186035
1648807044.2158942,2676,0.035188816487789154
1648807046.1847272,2796,0.07693800330162048
1648807046.2348173,2799,0.05246435105800629
1648807046.2810397,2802,0.005859494674950838
1648807046.4551241,2813,0.005542220082134008
1648807048.1890624,2829,0.032722584903240204
1648807048.5814579,2854,0.016071835532784462
1648807049.0084567,2881,0.014584259130060673
1648807049.5349128,2909,0.006442693527787924
1648807049.8573587,2926,0.07555580884218216
1648807049.9958386,2933,0.08061464130878448
1648807050.3090985,2949,0.009891638532280922
1648807050.3874383,2953,0.04975831136107445
1648807050.6879215,2970,0.02614917792379856
1648807050.7332683,2973,0.1008213609457016
1648807051.1699255,2999,0.039572037756443024
1648807051.3957098,3011,0.0568806417286396
1648807051.6668484,3026,0.00998648814857006
1648807051.7156787,3029,0.06127185374498367
1648807052.0633314,3050,0.04390166327357292
1648807052.2546737,3062,0.018324317410588264
1648807052.4419074,3074,0.01200228463858366
1648807052.683803,3089,0.02309453673660755
1648807052.8402255,3099,0.027108224108815193
1648807052.9347637,3105,0.025185246020555496
1648807053.1257088,3117,0.04241717979311943
1648807053.2673593,3126,0.012522196397185326
1648807053.5713573,3145,0.07084985077381134
1648807053.6343756,3149,0.037163540720939636
1648807053.665925,3151,0.11306615173816681
1648807054.0192819,3173,0.08345780521631241
1648807054.5659986,3208,0.034768346697092056
1648807054.6558912,3214,0.017038175836205482
1648807055.0901852,3242,0.0029165162704885006
1648807055.3598025,3259,0.03506407141685486
1648807058.0012243,3331,0.06673141568899155
1648807058.3318825,3351,0.03667863458395004
1648807058.4583967,3359,0.09610545635223389
1648807058.7763343,3379,0.027650685980916023
1648807058.9477,3390,0.027544869109988213
1648807058.996186,3393,0.01279988419264555
1648807059.0421586,3396,0.010993191972374916
1648807059.3799605,3417,0.01423003152012825
1648807059.410979,3419,0.01602526567876339
1648807059.771081,3442,0.07171843200922012
1648807059.8178794,3445,0.08475150167942047
1648807060.0375078,3459,0.006465128622949123
1648807060.1476734,3466,0.07958238571882248
1648807060.2727096,3474,0.02404811792075634
1648807060.337477,3478,0.05579819530248642
1648807060.3845532,3481,0.08601956069469452
1648807060.4153748,3483,0.06004980579018593
1648807060.8404207,3510,0.029914069920778275
1648807061.1129966,3527,0.005869165528565645
1648807061.2558384,3536,0.032336413860321045
1648807061.3984332,3545,0.04133543372154236
1648807061.4332554,3547,0.04122042655944824
1648807061.4472876,3548,0.012797433882951736
1648807061.6180885,3559,0.059547409415245056
1648807062.642736,3624,0.052197132259607315
1648807062.9012852,3640,0.06586962193250656
1648807062.9175873,3641,0.039965707808732986
1648807063.06055,3650,0.01800575666129589
1648807063.446567,3674,0.03301353380084038
1648807063.4622195,3675,0.0074822865426540375
1648807063.9315376,3704,0.02095445990562439
1648807064.110814,3715,0.04212752357125282
1648807064.222983,3722,0.041634928435087204
1648807064.2560863,3724,0.00470245024189353
1648807064.532391,3741,0.023233171552419662
1648807066.304593,3762,0.015644455328583717
1648807066.3353062,3764,0.019897187128663063
1648807066.5376992,3777,0.06837072968482971
1648807066.6803424,3786,0.00659315288066864
1648807066.9445462,3803,0.0029972230549901724
1648807067.1649241,3817,0.02087598480284214
1648807067.7819078,3852,0.006049580872058868
1648807067.8962312,3858,0.07311230897903442
1648807067.9734251,3862,0.13087239861488342
1648807068.5286586,3896,0.03600843995809555
1648807068.7648926,3911,0.0841023400425911
1648807068.7826736,3912,0.07078123837709427
1648807069.4046664,3951,0.0018650240963324904
1648807069.5443566,3960,0.009409201331436634
1648807069.625578,3965,0.01984923891723156
1648807069.8463597,3978,0.013033848255872726
1648807070.6198049,4026,0.037048567086458206
1648807070.6698854,4029,0.0049469321966171265
1648807070.7010722,4031,0.011727183125913143
1648807070.9705296,4048,0.03127256780862808
1648807071.5700414,4085,0.04629937559366226
1648807071.683095,4092,0.02167772315442562
1648807072.1606927,4122,0.03364088386297226
1648807072.3342721,4133,0.05067611113190651
1648807072.488746,4143,0.023596178740262985
1648807072.5353556,4146,0.002896652091294527
1648807073.1617618,4186,0.020017048344016075
1648807073.5119445,4208,0.008393577300012112
1648807073.5608768,4211,0.02975991740822792
1648807075.2886126,4226,0.005034974776208401
1648807076.4408772,4294,0.08347216993570328
1648807076.6820798,4308,0.19421976804733276
1648807076.989589,4326,0.05385760962963104
1648807077.608066,4361,0.03715387359261513
1648807078.034986,4384,0.031209999695420265
1648807078.2216759,4395,0.03133901581168175
1648807078.4005668,4405,0.02179257571697235
1648807078.5243845,4412,0.010301312431693077
1648807078.5403922,4413,0.014544118195772171
1648807078.5888307,4416,0.005054521840065718
1648807078.9281597,4433,0.0226280614733696
1648807079.049037,4440,0.03373108059167862
1648807079.0885499,4442,0.005719414912164211
1648807079.1232562,4444,0.06931141018867493
1648807079.4635806,4463,0.03157718852162361
1648807079.8031828,4481,0.04359956458210945
1648807079.933668,4488,0.01072431169450283
1648807080.001519,4492,0.04343113675713539
1648807080.15833,4501,0.0607275553047657
1648807080.3725526,4514,0.008092498406767845
1648807080.3885748,4515,0.07843471318483353
1648807080.505352,4522,0.0009768634336069226
1648807080.5218236,4523,0.020875196903944016
1648807080.6859694,4533,0.10689011961221695
1648807081.1902282,4564,0.02385944500565529
1648807081.5160124,4583,0.015862224623560905
1648807081.6623178,4591,0.12882676720619202
1648807081.6776648,4592,0.03535221889615059
1648807081.7256372,4595,0.04005826637148857
1648807081.915691,4607,0.03319309279322624
1648807081.932951,4608,0.03245459496974945
1648807082.1078176,4619,0.02495051920413971
1648807082.7653015,4659,0.057907834649086
1648807083.0361888,4676,0.21044804155826569
1648807084.8466332,4697,0.04064619168639183
1648807085.0657086,4711,0.0535416416823864
1648807085.3199656,4727,0.02211226150393486
1648807085.5244787,4740,0.08728238940238953
1648807085.9344199,4766,0.07133888453245163
1648807085.9494653,4767,0.04579205438494682
1648807086.0116081,4771,0.05090656504034996
1648807086.0601847,4774,0.07920926809310913
1648807086.1235301,4778,0.03229030221700668
1648807086.1377368,4779,0.01850598305463791
1648807086.1562667,4780,0.010684838518500328
1648807086.4517903,4799,0.03247464448213577
1648807087.00181,4834,0.05766011029481888
1648807087.332858,4855,0.010356473736464977
1648807087.807258,4885,0.048770107328891754
1648807088.0105367,4898,0.03800772503018379
1648807088.2810469,4915,0.04895136505365372
1648807088.518442,4930,0.37512946128845215
1648807088.8011255,4948,0.13779741525650024
1648807089.2557075,4977,0.04858819395303726
1648807089.3022406,4980,0.05806818604469299
1648807089.6806905,5004,0.08048107475042343
1648807089.6964273,5005,0.04920211434364319
1648807089.995591,5024,0.02904270403087139
1648807090.0444338,5027,0.069770447909832
1648807091.1773233,5099,0.004986301064491272
1648807091.3952959,5113,0.007411779835820198
1648807091.489652,5119,0.03728242218494415
1648807091.6632583,5130,0.034436147660017014
1648807091.9467447,5148,0.013750155456364155
1648807093.7602298,5173,0.024080749601125717
1648807093.775906,5174,0.012177754193544388
1648807093.8573153,5179,0.025137299671769142
1648807093.9196212,5183,0.10656452924013138
1648807094.0008996,5188,0.07913953065872192
1648807094.25589,5204,0.013561075553297997
1648807094.592203,5225,0.019544916227459908
1648807094.6572564,5229,0.07646763324737549
1648807094.7177513,5233,0.08449061214923859
1648807094.8762648,5243,0.008178004994988441
1648807095.580233,5288,0.020937634631991386
1648807095.7062404,5296,0.06230982393026352
1648807095.8329515,5304,0.03237096220254898
1648807095.8661904,5306,0.08480049669742584
1648807095.927398,5310,0.0016148168360814452
1648807096.2621074,5331,0.037562187761068344
1648807096.4707112,5344,0.030293505638837814
1648807096.6115696,5353,0.01690666191279888
1648807096.7572255,5362,0.013392851687967777
1648807097.02569,5379,0.036030352115631104
1648807097.1653464,5388,0.02203463762998581
1648807097.3690827,5401,0.05147085338830948
1648807097.8412602,5431,0.025429172441363335
1648807097.934874,5437,0.01845722459256649
1648807098.0300713,5443,0.0193864144384861
1648807098.3196435,5461,0.02425624430179596
1648807098.4192872,5467,0.030246064066886902
1648807098.8296833,5493,0.003025453072041273
1648807098.9424732,5500,0.005610289517790079
1648807099.38937,5528,0.019660132005810738
1648807099.5779362,5540,0.019378893077373505
1648807099.7367473,5550,3.9992313385009766
1648807100.0521202,5570,0.2866970896720886
1648807100.1319363,5575,0.5357208847999573
1648807100.227572,5581,0.5329142808914185
1648807100.2590005,5583,0.590946614742279
1648807100.3248074,5587,0.45068496465682983
1648807102.5024688,5634,0.10613684356212616
1648807102.6278715,5642,0.17804540693759918
1648807103.1947162,5677,0.08422224968671799
1648807103.6492329,5705,0.1063041239976883
1648807103.9313898,5723,0.05581853166222572
1648807103.9644957,5725,0.11457458883523941
1648807104.1352532,5736,0.061885323375463486
1648807104.3364959,5749,0.10791433602571487
1648807104.6333375,5768,0.09042013436555862
1648807104.6972513,5772,0.04458251968026161
1648807104.7748013,5777,0.10375538468360901
1648807104.8056836,5779,0.1225435808300972
1648807105.5013707,5824,0.08173906058073044
1648807105.7373838,5839,0.0997995063662529
1648807106.9607465,5917,0.2521999776363373
1648807107.0236747,5921,0.014113755896687508
1648807107.3355277,5941,0.06479113548994064
1648807107.4285302,5947,0.06832223385572433
1648807107.7765625,5969,0.042875662446022034
1648807107.871785,5975,0.1030278131365776
1648807108.578715,6020,0.07279568910598755
1648807108.8157198,6035,0.06304675340652466
1648807109.2103078,6060,0.022107677534222603
1648807109.3205807,6067,0.11773835867643356
1648807109.639959,6087,0.0508839376270771
1648807111.3329878,6099,0.07504838705062866
1648807112.2709403,6157,0.033362794667482376
1648807112.2879949,6158,0.03055121935904026
1648807112.5559554,6175,0.031274013221263885
1648807112.7933118,6190,0.024592580273747444
1648807112.9524713,6200,0.09050779789686203
1648807113.7231808,6249,0.026754364371299744
1648807113.8443935,6257,0.07514005154371262
1648807113.9049563,6261,0.006377533543854952
1648807114.0132394,6268,0.00844330433756113
1648807114.0475638,6270,0.10309521108865738
1648807114.1226578,6275,0.006418837234377861
1648807114.30936,6287,0.08885809779167175
1648807115.0292351,6332,0.02365533821284771
1648807115.093817,6336,0.017417825758457184
1648807115.2197347,6344,0.06436523050069809
1648807115.3282497,6351,0.0176239013671875
1648807115.392111,6355,0.06295755505561829
1648807115.6892915,6374,0.07002588361501694
1648807116.0001323,6394,0.01739632710814476
1648807116.0659294,6398,0.01255939994007349
1648807116.4606261,6423,0.03669513389468193
1648807116.6699762,6436,0.05017479509115219
1648807116.703416,6438,0.010923224501311779
1648807116.782052,6443,0.04644835740327835
1648807116.7975042,6444,0.08979830145835876
1648807117.0850232,6462,0.008665201254189014
1648807117.2443213,6472,0.019320303574204445
1648807117.5325103,6490,0.0018728622235357761
1648807117.8621197,6511,0.015686823055148125
1648807117.926442,6515,0.07033052295446396
1648807118.1329274,6528,0.07850006222724915
1648807118.2276833,6534,0.0076121557503938675
1648807118.2916687,6538,0.050091277807950974
1648807118.3070636,6539,0.007568815257400274
1648807118.4327633,6547,0.03868316486477852
1648807118.527939,6553,0.027751464396715164
1648807120.6222622,6595,0.05485392361879349
1648807120.9421518,6613,0.014957727864384651
1648807121.0008337,6616,0.013905193656682968
1648807121.7608957,6656,0.07551822811365128
1648807121.9123924,6664,0.07050015777349472
1648807122.0893102,6675,0.024727188050746918
1648807122.4318168,6697,0.023873642086982727
1648807122.9144044,6728,0.24442388117313385
1648807123.6105843,6771,0.0713624432682991
1648807123.7420352,6778,0.005058559123426676
1648807123.854224,6784,0.05930155888199806
1648807123.984979,6791,0.03580273315310478
1648807124.1743834,6801,0.05468514561653137
1648807124.3994265,6813,0.0065972027368843555
1648807124.8429244,6840,0.01536644995212555
1648807125.0494385,6853,0.05281062796711922
1648807125.2050457,6863,0.0031314187217503786
1648807125.548316,6885,0.02437056042253971
1648807126.2077863,6927,0.05768625810742378
1648807126.424735,6941,0.010858315043151379
1648807126.532535,6948,0.013435844331979752
1648807126.5789568,6951,0.014552770182490349
1648807126.5947435,6952,0.007756195962429047
1648807126.705984,6959,0.008514062501490116
1648807126.8466082,6968,0.03209918364882469
1648807127.1750336,6989,0.017147386446595192
1648807127.379459,7002,0.022488901391625404
1648807127.6806333,7021,0.08425108343362808
1648807129.414635,7040,0.005229481030255556
1648807129.6042724,7052,0.004640628583729267
1648807129.712331,7059,0.03441644832491875
1648807129.9597266,7075,0.125263050198555
1648807130.1495507,7087,0.04127014800906181
1648807130.1650486,7088,0.02069864049553871
1648807130.3222315,7098,0.11285654455423355
1648807130.8687644,7133,0.01645706221461296
1648807131.293901,7160,0.004158530849963427
1648807131.4194016,7168,0.04332709312438965
1648807132.0280776,7206,0.048908982425928116
1648807132.203045,7217,0.0022350933868438005
1648807132.7844532,7254,0.029766248539090157
1648807133.0043774,7268,0.004916963633149862
1648807133.397913,7293,0.0028698339592665434
1648807133.5548398,7303,0.010666554793715477
1648807133.6485517,7309,0.06552120298147202
1648807134.328605,7351,0.008458331227302551
1648807134.3597934,7353,0.05861780419945717
1648807134.409309,7356,0.008301776833832264
1648807134.502016,7361,0.021737243980169296
1648807134.6388834,7368,0.04724445194005966
1648807134.8087397,7378,0.037137359380722046
1648807134.839771,7380,0.02563619054853916
1648807135.04685,7393,0.017196565866470337
1648807135.1570005,7400,0.038524143397808075
1648807135.3664985,7413,0.10716291517019272
1648807135.382465,7414,0.011725361458957195
1648807135.7086086,7434,0.011996791698038578
1648807135.7894974,7439,0.040161728858947754
1648807135.9165661,7447,0.015219632536172867
1648807136.0515423,7455,0.06538774818181992
1648807136.2743673,7469,0.04772137105464935
1648807136.3592906,7474,0.014777043834328651
1648807136.45775,7480,0.04619591683149338
1648807136.590789,7487,0.011028066277503967
1648807136.621809,7489,0.034008707851171494
1648807138.3530564,7506,0.02052680402994156
1648807138.8815036,7539,0.004779555834829807
1648807139.010096,7547,0.01790066808462143
1648807139.1404843,7555,0.07244711369276047
1648807139.1558466,7556,0.03622185438871384
1648807139.316518,7566,0.01820884831249714
1648807139.735187,7590,0.04024200886487961
1648807140.0937915,7610,0.03312037140130997
1648807140.3128343,7624,0.002372847404330969
1648807140.5096867,7635,0.012116150930523872
1648807140.5273066,7636,0.04033298417925835
1648807140.5839808,7639,0.040552034974098206
1648807140.711817,7646,0.032432686537504196
1648807140.982349,7662,0.06738107651472092
1648807141.0142844,7664,0.016661202535033226
1648807141.0767915,7668,0.006677340250462294
1648807141.1904128,7675,0.08904765546321869
1648807141.2066004,7676,0.019487785175442696
1648807141.4389915,7689,0.04904734343290329
1648807141.6682985,7703,0.016750115901231766
1648807142.3302283,7740,0.05225579813122749
1648807142.3464353,7741,0.003774732816964388
1648807142.8031595,7766,0.0057747215032577515
1648807143.1720934,7786,0.002944881794974208
1648807143.5023856,7805,0.0040525225922465324
1648807143.6153984,7812,0.1041376143693924
1648807143.6909707,7816,0.03670221567153931
1648807143.7853906,7821,0.008577023632824421
1648807143.807465,7822,0.029265107586979866
1648807143.843395,7824,0.014080596156418324
1648807143.8909366,7827,0.056731611490249634
1648807143.943965,7830,0.0029342968482524157
1648807144.1106591,7839,0.019183766096830368
1648807144.1264305,7840,0.04008331894874573
1648807144.5089874,7862,0.03905460238456726
1648807144.7305698,7874,0.016618235036730766
1648807144.8505657,7881,0.09402832388877869
1648807145.013804,7890,0.025334373116493225
1648807145.0993333,7895,0.017635736614465714
1648807145.2487893,7903,0.008665436878800392
1648807145.2847703,7905,0.022466517984867096
1648807145.557957,7921,0.017336467280983925
1648807146.1605704,7955,0.009323760867118835
1648807146.3238475,7965,0.01823599636554718
1648807146.3726006,7968,0.017464011907577515
1648807148.008541,7980,0.011303924024105072
1648807148.4188764,8006,0.006889129523187876
1648807148.4987812,8011,0.005932122003287077
1648807148.6254754,8019,0.008574830368161201
1648807148.8792531,8035,0.01712111569941044
1648807148.941153,8039,0.05940180644392967
1648807149.2284749,8057,0.009552805684506893
1648807149.2755964,8060,0.006201223470270634
1648807149.3587146,8065,0.005843488499522209
1648807149.3884406,8067,0.06619822233915329
1648807149.8147273,8094,0.0011869758600369096
1648807149.8791559,8098,0.017231538891792297
1648807150.1779191,8117,0.04356555640697479
1648807150.319161,8126,0.003963485825806856
1648807150.349626,8128,0.0011733126593753695
1648807150.4753106,8136,0.023209908977150917
1648807150.6294672,8146,0.0027846212033182383
1648807150.7379248,8153,0.017305245622992516
1648807150.7548037,8154,0.007729038130491972
1648807151.0484204,8173,0.02057383581995964
1648807151.4552221,8199,0.011545524001121521
1648807151.8971653,8227,0.012851719744503498
1648807152.6063452,8272,0.06258712708950043
1648807153.2297285,8312,0.009537233971059322
1648807153.4523795,8326,0.0517173632979393
1648807153.7813556,8347,0.004515401553362608
1648807154.2335885,8376,0.005931622814387083
1648807154.8452358,8415,0.01916956715285778
1648807154.8600125,8416,0.02902800589799881
1648807155.0135715,8426,0.008210298605263233
1648807155.156556,8435,0.05365144461393356
1648807155.244847,8441,0.0017257357249036431
1648807157.167301,8472,0.011887924745678902
1648807157.5810826,8498,0.0028578254859894514
1648807157.7245085,8507,0.000510455050971359
1648807157.9490986,8521,0.0154793756082654
1648807158.2044988,8537,0.0028134239837527275
1648807158.428281,8551,0.006416105665266514
1648807158.7211537,8569,0.031619515269994736
1648807158.803044,8574,0.023830458521842957
1648807158.8183434,8575,0.009107619524002075
1648807159.0578706,8590,0.007149938028305769
1648807159.1039991,8593,0.02568562887609005
1648807159.1196675,8594,0.008927020244300365
1648807159.2158213,8600,0.0014070839388296008
1648807159.9666564,8647,0.027497658506035805
1648807160.03267,8651,0.045383650809526443
1648807160.158609,8659,0.01040055975317955
1648807160.6570528,8691,0.0025339974090456963
1648807161.1323152,8721,0.046679332852363586
1648807161.7306173,8759,0.010982251726090908
1648807162.7796063,8825,0.002695690840482712
1648807162.9047039,8833,0.03660222142934799
1648807162.9952571,8839,0.05106645077466965
1648807163.0578647,8843,0.0071477205492556095
1648807163.1809244,8851,0.008680158294737339
1648807163.2595515,8856,0.004104507155716419
1648807163.27431,8857,0.004318268038332462
1648807163.3531532,8862,0.04850222170352936
1648807163.3688586,8863,0.056958191096782684
1648807163.8598077,8894,0.0013240197440609336
1648807164.0990663,8909,0.037049319595098495
1648807165.6018972,8911,0.03339815512299538
1648807165.805166,8924,0.02543518878519535
1648807165.852665,8927,0.00041406817035749555
1648807165.8996181,8930,0.003535809461027384
1648807166.6021132,8974,0.007610688451677561
1648807166.7485945,8983,0.015463701449334621
1648807166.7642763,8984,0.0017950700130313635
1648807167.388952,9023,0.005765917245298624
1648807167.6281946,9038,0.0707058534026146
1648807167.6915157,9042,0.0010048559634014964
1648807167.8204834,9050,0.028001559898257256
1648807167.9481778,9058,0.11990782618522644
1648807168.1708686,9072,0.007905430160462856
1648807168.3552032,9084,0.022478651255369186
1648807168.5761883,9098,0.004566173069179058
1648807168.684959,9105,0.026932619512081146
1648807168.7032514,9106,0.0017937294906005263
1648807168.794754,9112,0.006641776766628027
1648807168.8283477,9114,0.0049411640502512455
1648807168.859194,9116,0.004837567452341318
1648807169.5350416,9159,0.024207768961787224
1648807169.6333156,9165,0.0051154280081391335
1648807169.9651241,9186,0.007321245037019253
1648807170.536573,9222,0.012418687343597412
1648807170.5521488,9223,0.005080923903733492
1648807171.5051358,9283,0.010373357683420181
1648807171.6486256,9292,0.019886968657374382
1648807172.0139167,9315,0.0016865319339558482
1648807172.092618,9320,0.10983142256736755
1648807172.2201285,9328,0.010464346967637539
1648807172.3491976,9336,0.0037977728061378
1648807172.8667274,9368,0.0031849066726863384
1648807173.0112908,9377,0.08714096993207932
1648807174.4930232,9381,0.08545293658971786
1648807174.6188886,9389,0.01533212885260582
1648807175.0844858,9419,0.013933900743722916
1648807175.4157794,9440,0.019874542951583862
1648807175.4649336,9443,0.006307316478341818
1648807175.8476737,9467,0.000532579782884568
1648807175.943897,9473,0.00475161662325263
1648807176.5244646,9510,0.0652889758348465
1648807176.5581048,9512,0.00048005476128309965
1648807176.5882142,9514,0.014508639462292194
1648807176.6527426,9518,0.020477447658777237
1648807176.826959,9529,0.02987201325595379
1648807176.8421865,9530,0.009054504334926605
1648807176.9075797,9534,0.04415647312998772
1648807177.3000672,9559,0.008634649217128754
1648807177.3639302,9563,0.0513613261282444
1648807177.8535419,9594,0.007587099447846413
1648807178.4805543,9634,0.03854226693511009
1648807178.7636523,9652,0.010422483086585999
1648807178.8569562,9658,0.005117758177220821
1648807179.046581,9670,0.01552015170454979
1648807179.603695,9705,0.0015635844320058823
1648807180.013258,9731,0.004608395975083113
1648807180.0599937,9734,0.008096105419099331
1648807180.2976744,9749,0.005183061584830284
1648807180.4226887,9757,0.004070918541401625
1648807180.437722,9758,0.016076503321528435
1648807180.4839718,9761,0.030191104859113693
1648807180.5613463,9766,0.017699742689728737
1648807180.6695642,9773,0.04979698359966278
1648807180.7145329,9776,0.07301729172468185
1648807180.7307208,9777,0.014274303801357746
1648807180.9486027,9791,0.03889326751232147
1648807180.997166,9794,0.01023493055254221
1648807181.1094513,9801,0.002102711470797658
1648807181.4095383,9820,0.0009930558735504746
1648807181.5181985,9827,0.0032887363340705633
1648807181.550058,9829,0.02042495086789131
1648807181.6291435,9834,0.0025627596769481897
1648807183.4394069,9858,0.0023437950294464827
1648807183.62353,9869,0.006432112772017717
1648807183.6417334,9870,0.00548948859795928
1648807183.7869978,9879,0.039755918085575104
1648807183.8660207,9884,0.0033780462108552456
1648807183.975756,9891,0.008560282178223133
1648807184.0558956,9896,0.0010495332535356283
1648807184.5105712,9925,0.024378754198551178
1648807184.6797686,9936,0.002624512417241931
1648807184.997684,9956,0.06429076939821243
1648807185.602481,9994,0.0008773258305154741
1648807185.6330884,9996,0.00124003691598773
1648807185.854197,10010,0.06085051968693733
1648807185.9341693,10015,0.0017357890028506517
1648807185.949388,10016,0.00848681852221489
1648807186.0450704,10022,0.0008761595236137509
1648807186.3880744,10044,0.009948146529495716
1648807186.6579266,10061,0.03062421642243862
1648807187.018742,10084,0.033424489200115204
1648807187.2065625,10096,0.0010828643571585417
1648807187.2555819,10099,0.019576091319322586
1648807187.409091,10109,0.001791149377822876
1648807187.5867436,10120,0.04252175614237785
1648807187.648016,10124,0.00993294920772314
1648807187.7777376,10132,0.03016355261206627
1648807187.8881798,10139,0.009265350177884102
1648807188.031243,10148,0.00469352537766099
1648807188.3294058,10167,0.007074556779116392
1648807188.770818,10195,0.0015232035657390952
1648807189.0554779,10213,0.009411675855517387
1648807189.1975458,10222,0.0014423206448554993
1648807189.7223184,10255,0.002257011365145445
1648807189.943335,10269,0.006125533953309059
1648807190.1352458,10281,0.0138170775026083
1648807190.2603102,10289,0.001945422263815999
1648807190.4156644,10299,0.0006892427336424589
1648807190.4641144,10302,0.002080995589494705
1648807190.540404,10307,0.0030783002730458975
1648807192.5128586,10341,0.025704026222229004
1648807193.207468,10385,0.003187635913491249
1648807193.7296884,10418,0.0006674856995232403
1648807193.7602336,10420,0.010960877873003483
1648807193.9340963,10431,0.003051044186577201
1648807193.9492466,10432,0.009944283403456211
1648807194.2161083,10449,0.02166607975959778
1648807194.2491455,10451,0.003948788624256849
1648807194.389556,10460,0.0006215651519596577
1648807194.8176885,10487,0.028449973091483116
1648807194.8636928,10490,0.018785903230309486
1648807194.8786678,10491,0.00389351649209857
1648807195.3270617,10519,0.016773154959082603
1648807195.4411402,10526,0.022989356890320778
1648807195.5534456,10533,0.036966219544410706
1648807195.9075303,10555,0.001875870511867106
1648807195.937231,10557,0.002587689785286784
1648807195.9522936,10558,0.00830382201820612
1648807196.256644,10577,0.0036288932897150517
1648807196.5749276,10597,0.06064251437783241
1648807196.909291,10618,0.015840446576476097
1648807196.971424,10622,0.0024111317470669746
1648807196.9872036,10623,0.0008300920017063618
1648807197.2236288,10638,0.04528311640024185
1648807197.3673942,10647,0.0009299839730374515
1648807197.5250242,10657,0.002181929536163807
1648807198.1903174,10697,0.00833518523722887
1648807198.418967,10711,0.008372753858566284
1648807198.4549398,10713,0.031546954065561295
1648807198.8788111,10739,0.007510464638471603
1648807198.8943279,10740,0.008164992555975914
1648807198.974414,10745,0.023256076499819756
1648807199.3251503,10766,0.04007938131690025
1648807199.3410378,10767,0.040483757853507996
1648807201.1213627,10790,0.007913063280284405
1648807201.3128388,10802,0.007158583030104637
1648807201.7006059,10827,0.0019380570156499743
1648807201.8738112,10838,0.0012215053429827094
1648807201.9819014,10845,0.03236309438943863
1648807202.0768528,10851,0.0005848612054251134
1648807202.1396623,10855,0.03169448673725128
1648807202.5153844,10879,0.005028573330491781
1648807202.60935,10885,0.0016345984768122435
1648807203.5056553,10943,0.000677808653563261
1648807204.456752,11005,0.024919340386986732
1648807204.5644324,11012,0.0007187787559814751
1648807204.5953388,11014,0.003113305661827326
1648807204.642544,11017,0.006065274588763714
1648807204.657699,11018,0.0005638109869323671
1648807204.8420448,11030,0.0015194250736385584
1648807204.8593445,11031,0.009485133923590183
1648807204.9193437,11035,0.0028961750213056803
1648807204.9346433,11036,0.0013761166483163834
1648807205.5125372,11073,0.0008473030175082386
1648807205.5264812,11074,0.0009558759047649801
1648807206.2973678,11123,0.0007061775540933013
1648807206.3120687,11124,0.017676690593361855
1648807206.6842074,11148,0.0008291185367852449
1648807206.7560527,11152,0.008530565537512302
1648807207.0212183,11169,0.0007240338600240648
1648807207.2415178,11183,0.012023664079606533
1648807207.6504326,11209,0.0035608853213489056
1648807207.8699176,11223,0.0027108900249004364
1648807208.3207746,11252,0.0015026621986180544
1648807210.1483104,11278,0.004076814744621515
1648807210.4941785,11300,0.0003741510445252061
1648807210.623789,11308,0.003385883988812566
1648807210.8576665,11323,0.0015819745603948832
1648807211.1234376,11340,0.025069765746593475
1648807211.2173126,11346,0.005055821035057306
1648807211.3123496,11352,0.007841184735298157
1648807211.3739476,11356,0.0004939167993143201
1648807211.7336605,11379,0.0028044311329722404
1648807211.748729,11380,0.0009945679921656847
1648807212.4107356,11422,0.001147828996181488
1648807212.5044672,11428,0.00318365846760571
1648807212.7197092,11442,0.00024048607156146318
1648807212.8424487,11450,0.0015204582596197724
1648807213.0757048,11465,0.0027872410137206316
1648807213.2727578,11478,0.04243703559041023
1648807213.3364675,11482,0.0007240858976729214
1648807213.585011,11498,0.0029178326949477196
1648807213.8819501,11517,0.004167736042290926
1648807214.1945136,11537,0.0008085909066721797
1648807214.2562711,11541,0.0007205927395261824
1648807214.5692115,11561,0.0007105334079824388
1648807214.7402291,11572,0.0012841754360124469
1648807215.0210304,11590,0.0010048861149698496
1648807215.4311414,11616,0.008871030062437057
1648807215.685879,11632,0.0002763016673270613
1648807215.8765252,11644,0.024506743997335434
1648807215.8919413,11645,0.006276051513850689
1648807216.1804354,11663,0.0026054957415908575
1648807216.817545,11700,0.012333213351666927
1648807217.0424056,11714,0.000278413703199476
1648807218.6328814,11725,0.0017220316221937537
1648807218.8068757,11736,0.0005818470963276923
1648807219.5443926,11782,0.012756704352796078
1648807219.5750308,11784,0.001676498563028872
1648807219.7369502,11794,0.007267793640494347
1648807220.0110164,11811,0.00016996973135974258
1648807220.440277,11838,0.00028771310462616384
1648807220.5196536,11843,0.0010785522172227502
1648807220.6659744,11852,0.0017196796834468842
1648807220.7278054,11856,0.002848575823009014
1648807220.8882751,11866,4.758339491672814e-05
1648807220.9193683,11868,0.0022756103426218033
1648807221.5662472,11909,0.0002720925258472562
1648807221.8219557,11925,0.0012195773888379335
1648807221.8870604,11929,0.0006607809918932617
1648807221.965406,11934,0.0010835849680006504
1648807222.4131336,11962,0.013649579137563705
1648807222.4760876,11966,0.009737550280988216
1648807222.618143,11975,0.035351164638996124
1648807223.434015,12026,0.0044914172030985355
1648807223.606289,12037,0.0005891810869798064
1648807223.6215668,12038,0.00039820451638661325
1648807223.6554177,12040,0.002136030700057745
1648807223.7014256,12043,0.0016488507390022278
1648807223.7802827,12048,0.0005795733886770904
1648807224.016631,12063,0.0006452739471569657
1648807224.0800955,12067,0.000418980373069644
1648807224.235389,12077,0.0008544716401956975
1648807224.4542968,12091,0.015582554042339325
1648807224.518353,12095,0.005865441635251045
1648807225.4220345,12151,0.00020735942234750837
1648807225.544905,12159,0.012136693112552166
1648807225.8115134,12176,0.001088482211343944
1648807225.842158,12178,0.002720773685723543
1648807227.616639,12199,0.07039710134267807
1648807227.6654153,12202,0.0035251490771770477
1648807228.2666523,12240,0.0001057183399097994
1648807229.3022892,12305,0.0022932342253625393
1648807229.392672,12311,0.00017713013221509755
1648807229.7441137,12333,0.008061439730226994
1648807230.4481118,12377,0.0011594387469813228
1648807230.5767043,12385,0.00022181305394042283
1648807230.642335,12389,0.003518676618114114
1648807230.8926032,12405,0.0004381737089715898
1648807231.0973322,12418,0.001595144858583808
1648807231.2666135,12429,0.0005239130696281791
1648807231.4407427,12440,0.0005450881435535848
1648807231.4715393,12442,0.005928003694862127
1648807231.7850394,12462,0.0002856239443644881
1648807231.9428189,12472,0.0005061303963884711
1648807232.0393054,12478,0.005665394477546215
1648807232.0881946,12481,0.0003687084245029837
1648807232.638129,12516,6.436751573346555e-05
1648807232.8421726,12529,0.00010138407378690317
1648807233.2095773,12551,0.000627777713816613
1648807233.3963437,12562,0.00017134351946879178
1648807233.668038,12578,0.00021977294818498194
1648807234.2705858,12614,0.00024265670799650252
1648807234.4983058,12628,0.000749589700717479
1648807234.5451171,12631,0.0008405786938965321
1648807236.539152,12663,0.00027042857254855335
1648807236.6186411,12668,0.0008142789592966437
1648807236.668951,12671,0.0006857890402898192
1648807236.684801,12672,0.0015075525734573603
1648807236.8658524,12683,0.00026924704434350133
1648807237.2972395,12710,0.0014498227974399924
1648807237.3304703,12712,0.00027946734917350113
1648807237.3943157,12716,0.0007959212525747716
1648807237.539742,12725,0.00012623006477952003
1648807237.730745,12737,0.0008493465138599277
1648807237.7961724,12741,3.182995715178549e-05
1648807237.9728239,12752,0.0008381738443858922
1648807238.200364,12766,0.0004785985220223665
1648807238.234703,12768,0.0002656291180755943
1648807238.3760946,12777,0.00020049590966664255
1648807239.0569057,12819,0.00033021747367456555
1648807239.4001536,12840,0.0001348877267446369
1648807239.5617142,12850,0.00022580135555472225
1648807239.6277804,12854,0.0013091256842017174
1648807239.8090415,12865,8.465211431030184e-05
1648807240.0175872,12878,0.00028935138834640384
1648807240.210867,12890,3.2353807910112664e-05
1648807240.3072796,12896,0.001358486246317625
1648807240.501263,12908,0.0006859343848191202
1648807240.5789044,12913,0.0005264364299364388
1648807240.5979145,12914,0.00042129872599616647
1648807240.7128942,12921,0.00010246055899187922
1648807241.2092006,12952,0.0017851684242486954
1648807241.2408314,12954,0.0002779669302981347
1648807241.3526583,12961,0.0007240589475259185
1648807241.4335215,12966,0.0006536515429615974
1648807241.6416194,12979,0.00039808370638638735
1648807241.9755855,13000,0.001285737263970077
1648807242.0377438,13004,0.0005067710299044847
1648807242.1972854,13014,0.000613355718087405
1648807243.0034585,13065,0.0003068427322432399
1648807244.0796447,13121,0.00020737695740535855
1648807246.0474112,13152,0.00010014055442297831
1648807246.1405404,13158,0.0006169263506308198
1648807246.3327672,13170,0.0002325477689737454
1648807246.3483338,13171,6.312176992651075e-05
1648807246.5552104,13184,0.00020231466623954475
1648807246.6039104,13187,0.00015397934475913644
1648807246.9519057,13209,0.0003309418389108032
1648807247.1252584,13220,0.00012134467397117987
1648807247.1593738,13222,0.000588302209507674
1648807247.2496586,13228,0.00015983996854629368
1648807247.2828686,13230,0.0002478727838024497
1648807247.7283256,13258,0.0011385653633624315
1648807248.0940263,13281,5.163088644621894e-05
1648807248.3169162,13295,7.784699118928984e-05
1648807248.5241492,13308,0.00026700779562816024
1648807248.6027768,13313,0.00042538534034974873
1648807249.2247076,13352,0.00035740790190175176
1648807249.3048666,13357,0.00015469703066628426
1648807250.4050617,13426,0.00020403081725817174
1648807250.838461,13453,0.00014656191342510283
1648807250.9164157,13458,0.0010738620767369866
1648807251.4636402,13493,0.00043966920929960907
1648807251.5874596,13501,0.0006575678125955164
1648807252.1881657,13538,0.00011051338515244424
1648807252.3160899,13546,7.234678923850879e-05
1648807252.4129145,13552,0.00013342875172384083
1648807254.7236068,13605,7.827046647435054e-05
1648807254.77236,13608,0.00038313562981784344
1648807254.9791186,13621,0.00015430238272529095
1648807255.025649,13624,0.0002800216607283801
1648807255.1205316,13630,0.00015024635649751872
1648807255.2614777,13639,0.00010604241106193513
1648807255.512917,13655,0.0008857405046001077
1648807255.576982,13659,0.0003084787167608738
1648807256.106114,13692,0.00027686188695952296
1648807256.2334275,13700,0.00010089434363180771
1648807256.5004098,13717,0.00041662625153549016
1648807256.534323,13719,0.000181187191628851
1648807256.6278071,13725,0.000426591926952824
1648807256.8211727,13737,0.0002584622416179627
1648807256.9651515,13746,0.0003457456477917731
1648807257.1101017,13755,0.0007911972934380174
1648807257.396123,13773,5.001154204364866e-05
1648807257.4278128,13775,0.00019627147412393242
1648807257.552513,13783,0.0009473883546888828
1648807258.3067443,13831,9.645134559832513e-05
1648807258.3232222,13832,0.0002340862702112645
1648807259.0732818,13880,6.605715316254646e-05
1648807259.5153215,13908,0.00023707335640210658
1648807259.7379699,13922,0.0004806427168659866
1648807259.7529838,13923,0.00018945164629258215
1648807260.2295234,13953,0.00010343925532652065
1648807260.309852,13958,0.0006192086730152369
1648807260.3711708,13962,3.262023892602883e-05
1648807261.1928885,14013,7.094433385645971e-05
1648807261.659502,14042,0.00011955542140640318
