Wall time,Step,Value
1648797071.7800333,19,0.13651877641677856
1648797072.1172845,40,0.27986347675323486
1648797072.5254602,66,0.457337886095047
1648797072.571366,69,0.4778156876564026
1648797072.7731576,82,0.5665528774261475
1648797074.4710777,190,1.303754210472107
1648797074.6594698,202,1.3856655359268188
1648797074.8203504,212,1.4539248943328857
1648797075.0716543,228,1.5631399154663086
1648797075.5334644,257,1.761092185974121
1648797075.5678353,259,1.7747440338134766
1648797075.791275,273,1.870307207107544
1648797075.8209198,275,1.8839590549468994
1648797076.0298948,288,1.972696304321289
1648797076.1556122,296,2.0
1648797076.1865876,298,2.0
1648797076.2494879,302,2.0
1648797076.327125,307,2.0
1648797076.3442514,308,2.0
1648797076.5456636,321,2.0
1648797076.796738,337,2.0
1648797077.0882118,356,2.0
1648797077.2587814,367,2.0
1648797077.337091,372,2.0
1648797077.791776,401,2.0
1648797077.8526597,405,2.0
1648797078.0915313,420,2.0
1648797078.5434942,448,2.0
1648797080.5347855,478,2.0
1648797080.9295037,503,2.0
1648797081.2893445,526,2.0
1648797081.3361173,529,2.0
1648797081.6168184,547,2.0
1648797081.7273204,554,2.0
1648797081.7731767,557,2.0
1648797081.820936,560,2.0
1648797082.438855,599,2.0
1648797083.0631292,638,2.0
1648797083.078332,639,2.0
1648797083.156704,644,2.0
1648797083.3768933,658,2.0
1648797083.6276178,674,2.0
1648797083.722025,680,2.0
1648797083.8030906,685,2.0
1648797084.1170511,705,2.0
1648797084.1362188,706,2.0
1648797084.151674,707,2.0
1648797084.2291992,712,2.0
1648797084.3501737,718,2.0
1648797084.3971026,721,2.0
1648797084.6431916,736,2.0
1648797085.0962706,765,2.0
1648797085.2014284,772,2.0
1648797085.246043,775,2.0
1648797085.2773745,777,2.0
1648797085.4912503,791,2.0
1648797085.5867825,797,2.0
1648797085.8835433,816,2.0
1648797085.9932168,823,2.0
1648797086.6008258,862,2.0
1648797086.8895829,880,2.0
1648797086.9881647,886,2.0
1648797087.225492,901,2.0
1648797089.2708108,941,2.0
1648797089.799514,975,2.0
1648797089.8622615,979,2.0
1648797090.3917596,1013,2.0
1648797090.4635298,1017,2.0
1648797090.5780244,1023,2.0
1648797091.059169,1050,2.0
1648797091.457018,1075,2.0
1648797091.5689547,1082,2.0
1648797091.807852,1097,2.0
1648797091.869043,1101,2.0
1648797091.884538,1102,2.0
1648797091.9022672,1103,2.0
1648797092.0569808,1113,2.0
1648797092.1664507,1120,2.0
1648797092.3419178,1131,2.0
1648797092.5440197,1144,2.0
1648797092.591744,1147,2.0
1648797092.6703646,1152,2.0
1648797093.5170603,1206,2.0
1648797093.6409085,1214,2.0
1648797094.092695,1243,2.0
1648797094.1388702,1246,2.0
1648797094.2059712,1250,2.0
1648797094.995351,1301,2.0
1648797095.1630347,1312,2.0
1648797095.2590325,1318,2.0
1648797095.4012558,1327,2.0
1648797095.6037488,1340,2.0
1648797095.6672854,1344,2.0
1648797095.712956,1347,2.0
1648797095.8055892,1353,2.0
1648797095.8209376,1354,2.0
1648797095.8677006,1357,2.0
1648797095.9285076,1361,2.0
1648797096.1155267,1373,2.0
1648797096.3982348,1391,2.0
1648797096.521958,1399,2.0
1648797098.2019358,1415,2.0
1648797098.2491822,1418,2.0
1648797098.2845738,1420,2.0
1648797099.5053258,1495,2.0
1648797099.5719666,1499,2.0
1648797100.0326958,1528,2.0
1648797100.0802245,1531,2.0
1648797100.6586363,1567,2.0
1648797101.0241585,1590,2.0
1648797101.0401878,1591,2.0
1648797101.0564075,1592,2.0
1648797101.1575484,1598,2.0
1648797101.1729093,1599,2.0
1648797101.2250578,1602,2.0
1648797101.3037798,1607,2.0
1648797101.319396,1608,2.0
1648797101.399337,1613,2.0
1648797102.2087414,1664,2.0
1648797102.6542094,1691,2.0
1648797102.6951628,1693,2.0
1648797103.0213826,1710,2.0
1648797103.0408974,1711,2.0
1648797103.1365578,1716,2.0
1648797103.9397037,1761,2.0
1648797104.1162794,1772,2.0
1648797104.5910323,1802,2.0
1648797104.9880168,1827,2.0
1648797105.254514,1844,2.0
1648797105.3041863,1847,2.0
1648797105.4144459,1854,2.0
1648797105.6364372,1868,2.0
1648797107.2707512,1883,2.0
1648797107.349437,1888,2.0
1648797107.3974705,1891,2.0
1648797107.5078175,1898,2.0
1648797107.712175,1911,2.0
1648797107.774261,1915,2.0
1648797107.920083,1924,2.0
1648797108.272738,1947,2.0
1648797108.411787,1956,2.0
1648797109.6229308,2033,2.0
1648797109.6533926,2035,2.0
1648797109.8258736,2046,2.0
1648797110.4643362,2087,2.0
1648797110.919179,2116,2.0
1648797111.8601623,2176,2.0
1648797111.9245698,2180,2.0
1648797112.625734,2222,2.0
1648797112.8348079,2233,2.0
1648797112.8712187,2235,2.0
1648797113.0978277,2247,2.0
1648797113.151873,2250,2.0
1648797113.2117836,2254,2.0
1648797113.2589483,2257,2.0
1648797113.702612,2286,2.0
1648797114.0069616,2303,2.0
1648797114.4195945,2329,2.0
1648797114.5135067,2335,2.0
1648797114.5944233,2340,2.0
1648797114.6280863,2342,2.0
1648797116.592451,2378,2.0
1648797116.8867166,2397,2.0
1648797117.2263038,2419,2.0
1648797117.4162366,2431,2.0
1648797118.0451763,2471,2.0
1648797118.2168663,2482,2.0
1648797118.5953434,2506,2.0
1648797119.0774815,2536,2.0
1648797119.2199047,2545,2.0
1648797119.3013883,2550,2.0
1648797120.3519347,2616,2.0
1648797120.3703423,2617,2.0
1648797120.5599573,2628,2.0
1648797120.8738978,2648,2.0
1648797121.2686517,2672,2.0
1648797121.317568,2675,2.0
1648797121.4599442,2684,2.0
1648797121.696007,2699,2.0
1648797121.7281995,2701,2.0
1648797121.9634302,2716,2.0
1648797122.024651,2720,2.0
1648797122.7012942,2763,2.0
1648797122.8570867,2773,2.0
1648797122.9365041,2778,2.0
1648797125.1755989,2830,2.0
1648797125.7070258,2861,2.0
1648797125.9536405,2874,2.0
1648797126.1067429,2882,2.0
1648797126.1259246,2883,2.0
1648797126.3734615,2897,2.0
1648797126.5315878,2907,2.0
1648797126.687224,2917,2.0
1648797126.860351,2928,2.0
1648797127.2816992,2955,2.0
1648797127.7723606,2986,2.0
1648797127.80557,2988,2.0
1648797127.8553371,2991,2.0
1648797128.8568988,3055,2.0
1648797128.9371924,3060,2.0
1648797129.236507,3079,2.0
1648797129.438535,3092,2.0
1648797129.8773406,3120,2.0
1648797129.9099941,3122,2.0
1648797130.11025,3135,2.0
1648797130.856852,3182,2.0
1648797130.8877165,3184,2.0
1648797131.287115,3209,2.0
1648797131.4639103,3220,2.0
1648797131.5426958,3225,2.0
1648797131.8615892,3245,2.0
1648797132.0215282,3255,2.0
1648797132.1912744,3266,2.0
1648797134.1283069,3299,2.0
1648797134.2082744,3304,2.0
1648797134.2238693,3305,2.0
1648797134.3977835,3316,2.0
1648797134.7477806,3338,2.0
1648797135.0276773,3356,2.0
1648797135.2310483,3369,2.0
1648797135.2760503,3372,2.0
1648797135.6529448,3396,2.0
1648797135.7763243,3404,2.0
1648797135.853291,3409,2.0
1648797135.8992374,3412,2.0
1648797136.1814702,3430,2.0
1648797136.6064687,3457,2.0
1648797136.7446003,3466,2.0
1648797137.412411,3509,2.0
1648797137.6602695,3525,2.0
1648797137.7539258,3531,2.0
1648797137.9717615,3545,2.0
1648797138.2208714,3561,2.0
1648797138.7273383,3593,2.0
1648797139.4831414,3636,2.0
1648797139.53342,3639,2.0
1648797139.976755,3667,2.0
1648797140.1209311,3676,2.0
1648797140.1695595,3679,2.0
1648797140.1848361,3680,2.0
1648797140.2317946,3683,2.0
1648797140.3902397,3693,2.0
1648797140.5756977,3705,2.0
1648797140.700615,3713,2.0
1648797142.7253995,3752,2.0
1648797142.8657887,3761,2.0
1648797143.2236202,3784,2.0
1648797143.2706518,3787,2.0
1648797143.3169568,3790,2.0
1648797143.4750245,3800,2.0
1648797143.55152,3805,2.0
1648797143.8497095,3824,2.0
1648797144.0039823,3834,2.0
1648797144.4672549,3863,2.0
1648797144.4959483,3865,2.0
1648797144.6343296,3874,2.0
1648797144.804986,3885,2.0
1648797145.0721292,3902,2.0
1648797145.13702,3906,2.0
1648797145.2165875,3911,2.0
1648797145.3325787,3917,2.0
1648797145.4664543,3924,2.0
1648797145.578413,3931,2.0
1648797145.6873808,3938,2.0
1648797145.7038257,3939,2.0
1648797146.1251683,3966,2.0
1648797146.368702,3981,2.0
1648797146.382958,3982,2.0
1648797146.6036854,3996,2.0
1648797146.7445238,4005,2.0
1648797146.9657524,4019,2.0
1648797147.2832277,4039,2.0
1648797147.8347993,4074,2.0
1648797147.9737473,4083,2.0
1648797148.332144,4106,2.0
1648797148.488811,4116,2.0
1648797148.5671883,4121,2.0
1648797148.6413507,4126,2.0
1648797148.6895487,4129,2.0
1648797148.7845123,4135,2.0
1648797148.9102728,4143,2.0
1648797149.079802,4154,2.0
1648797149.4425552,4177,2.0
1648797149.597084,4187,2.0
1648797149.7372203,4196,2.0
1648797149.9400783,4209,2.0
1648797151.641654,4229,2.0
1648797151.896294,4245,2.0
1648797152.2113764,4265,2.0
1648797152.3043792,4271,2.0
1648797152.8051324,4303,2.0
1648797152.9324377,4311,2.0
1648797153.055578,4319,2.0
1648797153.1154659,4323,2.0
1648797153.5984175,4354,2.0
1648797153.751995,4364,2.0
1648797153.816418,4368,2.0
1648797153.9731302,4378,2.0
1648797154.0045195,4380,2.0
1648797154.0225794,4381,2.0
1648797154.2578428,4396,2.0
1648797154.3678353,4403,2.0
1648797154.7269464,4426,2.0
1648797154.8211966,4432,2.0
1648797154.8366916,4433,2.0
1648797155.2575843,4459,2.0
1648797155.304479,4462,2.0
1648797155.5704887,4477,2.0
1648797156.0217412,4501,2.0
1648797156.3591826,4519,2.0
1648797156.7121928,4540,2.0
1648797156.967415,4555,2.0
1648797157.2205813,4568,2.0
1648797157.8709812,4605,2.0
1648797158.548305,4643,2.0
1648797158.7263112,4654,2.0
1648797161.042665,4701,2.0
1648797161.1370878,4707,2.0
1648797161.395546,4723,2.0
1648797161.5575721,4732,2.0
1648797161.5776856,4733,2.0
1648797161.634792,4736,2.0
1648797161.656993,4737,2.0
1648797161.731027,4741,2.0
1648797161.9264686,4751,2.0
1648797162.205021,4768,2.0
1648797162.253768,4771,2.0
1648797162.7242258,4799,2.0
1648797163.212879,4826,2.0
1648797163.2467198,4828,2.0
1648797163.2765896,4830,2.0
1648797163.3391442,4834,2.0
1648797163.5478354,4847,2.0
1648797163.7406197,4859,2.0
1648797163.904255,4869,2.0
1648797164.1843686,4886,2.0
1648797164.200571,4887,2.0
1648797164.2666883,4891,2.0
1648797164.3811111,4898,2.0
1648797164.8300328,4926,2.0
1648797165.3002112,4956,2.0
1648797165.7567575,4985,2.0
1648797165.851809,4991,2.0
1648797166.0457835,5003,2.0
1648797166.0761876,5005,2.0
1648797166.4909034,5031,2.0
1648797166.9320014,5059,2.0
1648797167.1362772,5072,2.0
1648797167.2956023,5082,2.0
1648797167.4405086,5091,2.0
1648797167.898562,5120,2.0
1648797170.131563,5171,2.0
1648797170.1485248,5172,2.0
1648797170.8385932,5216,2.0
1648797170.9007769,5220,2.0
1648797170.9950285,5226,2.0
1648797171.072242,5231,2.0
1648797171.3226242,5247,2.0
1648797171.847639,5279,2.0
1648797172.6003876,5327,2.0
1648797172.6458578,5330,2.0
1648797172.9760013,5349,2.0
1648797173.0383792,5353,2.0
1648797173.1175773,5358,2.0
1648797173.2123053,5364,2.0
1648797173.3522682,5373,2.0
1648797173.3672519,5374,2.0
1648797173.6802218,5394,2.0
1648797173.9348884,5410,2.0
1648797173.994577,5414,2.0
1648797174.0586662,5418,2.0
1648797174.118937,5422,2.0
1648797174.1525211,5424,2.0
1648797174.4000885,5440,2.0
1648797174.7430165,5462,2.0
1648797174.9807348,5477,2.0
1648797175.0606701,5482,2.0
1648797175.2322574,5493,2.0
1648797175.3432794,5500,2.0
1648797175.5355396,5512,2.0
1648797175.6460598,5519,2.0
1648797176.0879648,5547,2.0
1648797176.3096607,5561,2.0
1648797176.4973557,5573,2.0
1648797176.5123107,5574,2.0
1648797176.6370056,5582,2.0
1648797176.7470188,5589,2.0
1648797176.8888285,5598,2.0
1648797177.0007372,5605,2.0
1648797177.1601803,5615,2.0
1648797177.206257,5618,2.0
1648797178.8859723,5631,2.0
1648797178.9349477,5634,2.0
1648797179.0593371,5642,2.0
1648797179.1355186,5647,2.0
1648797179.384779,5663,2.0
1648797179.4594126,5668,2.0
1648797179.7207255,5684,2.0
1648797179.9817429,5700,2.0
1648797180.0806372,5706,2.0
1648797180.096973,5707,2.0
1648797180.131467,5709,2.0
1648797180.247043,5716,2.0
1648797180.2633681,5717,2.0
1648797180.3319416,5721,2.0
1648797180.4815311,5730,2.0
1648797180.8694236,5754,2.0
1648797180.8847277,5755,2.0
1648797181.0264244,5764,2.0
1648797181.282811,5780,2.0
1648797181.3468125,5784,2.0
1648797181.4591713,5791,2.0
1648797181.6164887,5801,2.0
1648797181.7774577,5811,2.0
1648797182.1026878,5830,2.0
1648797182.2956724,5840,2.0
1648797182.3794682,5845,2.0
1648797182.5872135,5858,2.0
1648797182.682836,5864,2.0
1648797182.728876,5867,2.0
1648797182.9199996,5879,2.0
1648797183.0155375,5885,2.0
1648797183.1077907,5891,2.0
1648797183.6320446,5922,2.0
1648797183.6930916,5926,2.0
1648797183.7253678,5928,2.0
1648797183.9110522,5940,2.0
1648797184.15981,5956,2.0
1648797184.2870789,5964,2.0
1648797184.6478183,5987,2.0
1648797185.0635316,6013,2.0
1648797185.0790942,6014,2.0
1648797185.110637,6016,2.0
1648797185.3887784,6033,2.0
1648797185.531182,6042,2.0
1648797185.8920362,6065,2.0
1648797186.1126058,6079,2.0
1648797186.1448276,6081,2.0
1648797186.3355246,6093,2.0
1648797188.241119,6123,2.0
1648797188.3532746,6130,2.0
1648797188.500297,6139,2.0
1648797188.8355634,6160,2.0
1648797189.0744905,6175,2.0
1648797189.1351168,6179,2.0
1648797189.733665,6217,2.0
1648797190.4904532,6265,2.0
1648797190.600994,6272,2.0
1648797190.7557588,6282,2.0
1648797191.007654,6298,2.0
1648797191.0251124,6299,2.0
1648797191.418498,6324,2.0
1648797191.7980087,6348,2.0
1648797191.9694974,6359,2.0
1648797192.0472174,6364,2.0
1648797192.4723663,6391,2.0
1648797192.5031605,6393,2.0
1648797192.7397573,6408,2.0
1648797192.8506606,6415,2.0
1648797193.0099,6425,2.0
1648797193.1796167,6436,2.0
1648797193.2749662,6442,2.0
1648797193.6047492,6463,2.0
1648797193.9464276,6485,2.0
1648797194.0716949,6493,2.0
1648797194.0865428,6494,2.0
1648797194.1341324,6497,2.0
1648797194.3353806,6510,2.0
1648797194.3966649,6514,2.0
1648797194.4743984,6519,2.0
1648797195.019961,6554,2.0
1648797195.1149437,6560,2.0
1648797195.145149,6562,2.0
1648797196.7768826,6576,2.0
1648797196.89058,6583,2.0
1648797197.3426318,6609,2.0
1648797197.4064205,6613,2.0
1648797197.4719384,6617,2.0
1648797197.713477,6631,2.0
1648797197.8271408,6638,2.0
1648797197.961933,6646,2.0
1648797197.9974682,6648,2.0
1648797198.083535,6653,2.0
1648797198.3086517,6666,2.0
1648797199.0198956,6710,2.0
1648797199.1136773,6716,2.0
1648797199.4725132,6739,2.0
1648797199.710939,6753,2.0
1648797199.7797537,6757,2.0
1648797199.938895,6767,2.0
1648797200.2020953,6783,2.0
1648797200.4204764,6797,2.0
1648797200.9068418,6828,2.0
1648797201.0145328,6834,2.0
1648797201.152048,6842,2.0
1648797201.2774837,6850,2.0
1648797201.3250816,6853,2.0
1648797201.4594967,6862,2.0
1648797201.5182717,6866,2.0
1648797201.698824,6878,2.0
1648797202.1223617,6905,2.0
1648797202.3848,6920,2.0
1648797202.4645698,6925,2.0
1648797202.479692,6926,2.0
1648797202.7440033,6943,2.0
1648797202.8519914,6950,2.0
1648797203.2704465,6977,2.0
1648797203.3184335,6980,2.0
1648797203.569463,6996,2.0
1648797203.9296124,7019,2.0
1648797204.1616776,7034,2.0
1648797205.6383545,7035,2.0
1648797205.6839392,7038,2.0
1648797205.7145867,7040,2.0
1648797205.8564987,7049,2.0
1648797206.010874,7059,2.0
1648797206.1194477,7066,2.0
1648797206.1508486,7068,2.0
1648797206.2816432,7076,2.0
1648797206.4696467,7088,2.0
1648797206.5641067,7094,2.0
1648797206.6739604,7101,2.0
1648797206.6891475,7102,2.0
1648797206.8834105,7114,2.0
1648797206.9257636,7116,2.0
1648797207.2005157,7133,2.0
1648797207.49709,7152,2.0
1648797208.4054682,7209,2.0
1648797208.483732,7214,2.0
1648797209.3183045,7266,2.0
1648797209.4591503,7275,2.0
1648797209.569028,7282,2.0
1648797209.6644306,7288,2.0
1648797210.1271214,7317,2.0
1648797210.207687,7322,2.0
1648797210.2230787,7323,2.0
1648797210.6422987,7349,2.0
1648797211.6955557,7416,2.0
1648797211.7891035,7422,2.0
1648797211.97716,7434,2.0
1648797212.244361,7451,2.0
1648797212.3405638,7457,2.0
1648797214.4833858,7504,2.0
1648797214.717927,7519,2.0
1648797214.7330558,7520,2.0
1648797214.7482755,7521,2.0
1648797215.3115158,7557,2.0
1648797215.35916,7560,2.0
1648797215.7617307,7585,2.0
1648797215.814755,7588,2.0
1648797215.9880235,7598,2.0
1648797216.051691,7602,2.0
1648797216.1458793,7608,2.0
1648797216.208188,7612,2.0
1648797216.6759713,7640,2.0
1648797217.0931706,7665,2.0
1648797218.467267,7746,2.0
1648797218.5231576,7749,2.0
1648797218.940019,7771,2.0
1648797218.9752476,7773,2.0
1648797219.1796658,7786,2.0
1648797219.3286893,7795,2.0
1648797219.4817226,7804,2.0
1648797219.8001232,7824,2.0
1648797220.9130151,7895,2.0
1648797221.3269083,7919,2.0
1648797221.5161984,7931,2.0
1648797222.0044029,7962,2.0
1648797222.0382183,7964,2.0
1648797222.0527282,7965,2.0
1648797224.0999749,7999,2.0
1648797224.1146126,8000,2.0
1648797224.7606678,8038,2.0
1648797224.8369322,8043,2.0
1648797225.636707,8092,2.0
1648797225.7911794,8102,2.0
1648797225.8068328,8103,2.0
1648797225.8370867,8105,2.0
1648797226.0867677,8121,2.0
1648797226.1068535,8122,2.0
1648797226.5743241,8152,2.0
1648797226.5889788,8153,2.0
1648797226.7597954,8164,2.0
1648797226.8489895,8170,2.0
1648797227.0203085,8180,2.0
1648797227.2722876,8196,2.0
1648797227.6198447,8216,2.0
1648797228.154169,8244,2.0
1648797228.3035924,8253,2.0
1648797228.454627,8262,2.0
1648797228.4757948,8263,2.0
1648797229.2858343,8313,2.0
1648797229.8880343,8350,2.0
1648797230.2917104,8375,2.0
1648797230.4036088,8382,2.0
1648797230.532472,8390,2.0
1648797231.2829194,8438,2.0
1648797232.8175902,8446,2.0
1648797232.8508172,8448,2.0
1648797232.8665717,8449,2.0
1648797233.2749412,8475,2.0
1648797233.6790159,8501,2.0
1648797234.0586395,8525,2.0
1648797234.3711731,8544,2.0
1648797234.4819064,8551,2.0
1648797234.4974065,8552,2.0
1648797234.515459,8553,2.0
1648797234.547297,8555,2.0
1648797234.5947192,8558,2.0
1648797234.7389054,8567,2.0
1648797235.093397,8590,2.0
1648797235.2841032,8602,2.0
1648797235.3131278,8604,2.0
1648797235.5802102,8621,2.0
1648797236.331781,8668,2.0
1648797236.3471982,8669,2.0
1648797236.4273083,8674,2.0
1648797236.5682034,8683,2.0
1648797236.5835474,8684,2.0
1648797236.6959503,8691,2.0
1648797237.3941925,8735,2.0
1648797237.5023015,8742,2.0
1648797237.8304517,8763,2.0
1648797238.348685,8796,2.0
1648797238.4266367,8801,2.0
1648797238.4923005,8805,2.0
1648797238.6209676,8813,2.0
1648797239.0035398,8837,2.0
1648797239.0835538,8842,2.0
1648797239.178585,8848,2.0
1648797239.3047233,8856,2.0
1648797239.3358583,8858,2.0
1648797239.3514411,8859,2.0
1648797239.6563087,8878,2.0
1648797239.7242248,8882,2.0
1648797239.7388506,8883,2.0
1648797241.6665826,8916,2.0
1648797242.3364637,8958,2.0
1648797242.4355457,8963,2.0
1648797243.2246985,9012,2.0
1648797243.2735238,9015,2.0
1648797243.3031445,9017,2.0
1648797243.4683986,9027,2.0
1648797243.7750082,9046,2.0
1648797243.8062496,9048,2.0
1648797244.155877,9070,2.0
1648797244.2200725,9074,2.0
1648797244.29979,9079,2.0
1648797244.3944526,9085,2.0
1648797244.4097335,9086,2.0
1648797244.4870515,9091,2.0
1648797244.5360646,9094,2.0
1648797244.5967493,9098,2.0
1648797244.7574415,9108,2.0
1648797245.201396,9136,2.0
1648797245.3453968,9145,2.0
1648797245.3770406,9147,2.0
1648797245.3967829,9148,2.0
1648797245.962244,9183,2.0
1648797246.005958,9186,2.0
1648797246.0997975,9192,2.0
1648797246.2091925,9199,2.0
1648797247.5096266,9282,2.0
1648797247.5249052,9283,2.0
1648797247.6342084,9290,2.0
1648797247.818512,9302,2.0
1648797248.3836913,9338,2.0
1648797248.7719784,9363,2.0
1648797248.8059006,9365,2.0
1648797248.9944391,9377,2.0
1648797250.881118,9406,2.0
1648797251.0141444,9413,2.0
1648797251.1484141,9420,2.0
1648797251.3772974,9432,2.0
1648797251.6464758,9449,2.0
1648797251.7265487,9454,2.0
1648797251.7726622,9457,2.0
1648797251.8538222,9462,2.0
1648797252.0890949,9477,2.0
1648797252.2290509,9486,2.0
1648797252.2461438,9487,2.0
1648797252.4207141,9496,2.0
1648797252.7864423,9517,2.0
1648797252.8517418,9521,2.0
1648797252.8671157,9522,2.0
1648797253.054646,9534,2.0
1648797253.1656048,9541,2.0
1648797253.2150142,9544,2.0
1648797253.4337716,9557,2.0
1648797253.6814728,9572,2.0
1648797253.745646,9576,2.0
1648797254.209015,9604,2.0
1648797254.3253329,9611,2.0
1648797254.5571096,9625,2.0
1648797255.0985577,9658,2.0
1648797255.2075126,9665,2.0
1648797255.2380242,9667,2.0
1648797255.5233564,9685,2.0
1648797255.7549207,9700,2.0
1648797255.8476493,9706,2.0
1648797255.8779137,9708,2.0
1648797256.728231,9762,2.0
1648797256.980086,9777,2.0
1648797257.3856437,9802,2.0
1648797257.4014227,9803,2.0
1648797257.4167452,9804,2.0
1648797257.6110644,9816,2.0
1648797257.626945,9817,2.0
1648797259.8863096,9870,2.0
1648797260.286727,9891,2.0
1648797260.8837054,9928,2.0
1648797261.0904412,9941,2.0
1648797261.1208913,9943,2.0
1648797261.316874,9955,2.0
1648797261.414996,9961,2.0
1648797261.4783487,9965,2.0
1648797261.5859349,9972,2.0
1648797261.8516984,9987,2.0
1648797261.9947212,9996,2.0
1648797262.1782064,10008,2.0
1648797262.4768877,10027,2.0
1648797262.7094638,10042,2.0
1648797262.7726398,10046,2.0
1648797262.8656638,10052,2.0
1648797263.083759,10066,2.0
1648797263.2062595,10074,2.0
1648797263.270069,10078,2.0
1648797263.34828,10083,2.0
1648797263.4421878,10089,2.0
1648797263.7512143,10109,2.0
1648797263.767055,10110,2.0
1648797263.7819061,10111,2.0
1648797263.7972844,10112,2.0
1648797264.1765401,10136,2.0
1648797264.2838619,10143,2.0
1648797264.3460703,10147,2.0
1648797265.3659396,10212,2.0
1648797265.5552194,10224,2.0
1648797265.790325,10239,2.0
1648797265.9491556,10249,2.0
1648797266.3721495,10276,2.0
1648797266.9944878,10315,2.0
1648797268.5620263,10325,2.0
1648797268.7514596,10337,2.0
1648797269.118001,10360,2.0
1648797269.179811,10364,2.0
1648797269.1953208,10365,2.0
1648797269.3239315,10373,2.0
1648797269.8140023,10404,2.0
1648797269.844608,10406,2.0
1648797270.0500684,10419,2.0
1648797270.0655963,10420,2.0
1648797270.7973304,10466,2.0
1648797270.9082367,10473,2.0
1648797270.923785,10474,2.0
1648797271.001602,10479,2.0
1648797271.0323958,10481,2.0
1648797271.1445367,10488,2.0
1648797271.2702224,10496,2.0
1648797271.5693398,10515,2.0
1648797271.804777,10530,2.0
1648797272.697093,10586,2.0
1648797272.778496,10591,2.0
1648797273.5136783,10637,2.0
1648797274.2566311,10684,2.0
1648797274.764437,10716,2.0
1648797274.7962806,10718,2.0
1648797274.842892,10721,2.0
1648797274.9698784,10729,2.0
1648797277.3577836,10790,2.0
1648797277.6358492,10807,2.0
1648797277.6822505,10810,2.0
1648797277.7460272,10814,2.0
1648797277.985331,10829,2.0
1648797278.433899,10857,2.0
1648797278.5926096,10867,2.0
1648797278.7865682,10879,2.0
1648797279.3935902,10917,2.0
1648797280.4436758,10983,2.0
1648797280.6313863,10995,2.0
1648797280.8496714,11009,2.0
1648797280.8977878,11012,2.0
1648797281.055216,11022,2.0
1648797281.216,11032,2.0
1648797281.440374,11046,2.0
1648797281.7236981,11064,2.0
1648797281.882731,11074,2.0
1648797281.913469,11076,2.0
1648797282.1814702,11093,2.0
1648797282.5672295,11117,2.0
1648797282.6977973,11125,2.0
1648797282.9584248,11141,2.0
1648797283.18157,11155,2.0
1648797283.3722284,11167,2.0
1648797283.387982,11168,2.0
1648797283.6886916,11187,2.0
1648797283.797981,11194,2.0
1648797283.968295,11205,2.0
1648797284.0170555,11208,2.0
1648797284.2217743,11221,2.0
1648797284.3470044,11229,2.0
1648797286.5704544,11279,2.0
1648797286.6636415,11285,2.0
1648797286.758796,11291,2.0
1648797287.0707922,11311,2.0
1648797287.2249088,11321,2.0
1648797287.4005575,11332,2.0
1648797287.9748592,11369,2.0
1648797287.99005,11370,2.0
1648797288.207485,11384,2.0
1648797288.2527516,11387,2.0
1648797288.5089111,11403,2.0
1648797288.8665905,11426,2.0
1648797288.9306092,11430,2.0
1648797289.1965055,11447,2.0
1648797289.3062713,11454,2.0
1648797289.336645,11456,2.0
1648797289.9466648,11495,2.0
1648797290.3127484,11518,2.0
1648797290.4244905,11525,2.0
1648797290.632386,11538,2.0
1648797290.933333,11557,2.0
1648797291.0108793,11562,2.0
1648797291.0445356,11564,2.0
1648797291.4189494,11588,2.0
1648797291.5774016,11598,2.0
1648797292.1895978,11637,2.0
1648797292.2983232,11644,2.0
1648797292.6071033,11664,2.0
1648797292.7158852,11671,2.0
1648797292.747892,11673,2.0
1648797292.796933,11676,2.0
1648797293.2395043,11704,2.0
1648797293.349531,11711,2.0
1648797294.9856856,11725,2.0
1648797295.046164,11729,2.0
1648797295.0613692,11730,2.0
1648797295.1409862,11735,2.0
1648797295.2207654,11740,2.0
1648797295.413134,11752,2.0
1648797295.4583323,11755,2.0
1648797295.5225074,11759,2.0
1648797295.5537255,11761,2.0
1648797295.9030385,11783,2.0
1648797295.997546,11789,2.0
1648797296.077963,11794,2.0
1648797296.1874113,11801,2.0
1648797296.3291214,11810,2.0
1648797297.015875,11848,2.0
1648797297.167451,11856,2.0
1648797297.5792556,11878,2.0
1648797297.7210073,11887,2.0
1648797297.847092,11895,2.0
1648797298.4609444,11934,2.0
1648797298.617544,11944,2.0
1648797298.6967156,11949,2.0
1648797298.8137696,11956,2.0
1648797299.5714233,12004,2.0
1648797300.0167134,12032,2.0
1648797300.045717,12034,2.0
1648797300.1240191,12039,2.0
1648797300.843219,12085,2.0
1648797300.8584988,12086,2.0
1648797300.936952,12091,2.0
1648797300.982778,12094,2.0
1648797301.2338738,12110,2.0
1648797301.2492352,12111,2.0
1648797301.2642167,12112,2.0
1648797301.3280177,12116,2.0
1648797301.9214325,12154,2.0
1648797302.000225,12159,2.0
1648797302.0464551,12162,2.0
1648797302.0771542,12164,2.0
1648797302.1597824,12169,2.0
1648797302.2678185,12176,2.0
1648797302.3487394,12181,2.0
1648797302.4435446,12187,2.0
1648797304.1836493,12208,2.0
1648797304.245855,12212,2.0
1648797304.576263,12233,2.0
1648797305.1078475,12266,2.0
1648797305.123054,12267,2.0
1648797305.6572652,12300,2.0
1648797305.787385,12308,2.0
1648797306.0557542,12325,2.0
1648797306.2757497,12339,2.0
1648797306.4820938,12352,2.0
1648797306.4971046,12353,2.0
1648797306.529771,12355,2.0
1648797306.5911872,12359,2.0
1648797306.7490673,12369,2.0
1648797306.9822986,12384,2.0
1648797307.1865668,12397,2.0
1648797307.3124337,12405,2.0
1648797307.6711252,12428,2.0
1648797308.2756844,12467,2.0
1648797308.4932575,12481,2.0
1648797308.6324987,12490,2.0
1648797308.647492,12491,2.0
1648797308.967056,12511,2.0
1648797309.6477153,12553,2.0
1648797309.8687549,12567,2.0
1648797310.1233728,12583,2.0
1648797310.2836714,12593,2.0
1648797310.5102177,12607,2.0
1648797310.5253906,12608,2.0
1648797310.572111,12611,2.0
1648797310.6684616,12617,2.0
1648797310.9230597,12633,2.0
1648797311.233882,12652,2.0
1648797311.328762,12658,2.0
1648797312.8395765,12665,2.0
1648797313.176839,12686,2.0
1648797313.3843362,12699,2.0
1648797313.6983063,12719,2.0
1648797313.791848,12725,2.0
1648797313.8531327,12729,2.0
1648797313.9002192,12732,2.0
1648797314.4349434,12766,2.0
1648797314.9041088,12796,2.0
1648797315.0727732,12807,2.0
1648797315.2119067,12816,2.0
1648797315.2429419,12818,2.0
1648797315.3042452,12822,2.0
1648797315.337717,12824,2.0
1648797315.84287,12856,2.0
1648797316.208382,12879,2.0
1648797316.2551649,12882,2.0
1648797316.3353393,12887,2.0
1648797316.807819,12917,2.0
1648797316.8536208,12920,2.0
1648797317.5131357,12962,2.0
1648797318.1605375,13003,2.0
1648797318.223131,13007,2.0
1648797318.6463811,13034,2.0
1648797318.693518,13037,2.0
1648797318.7236938,13039,2.0
1648797318.831803,13046,2.0
1648797319.2407007,13072,2.0
1648797319.4161048,13083,2.0
1648797319.4303179,13084,2.0
1648797319.5554361,13092,2.0
1648797319.6806085,13100,2.0
1648797319.7445047,13104,2.0
1648797319.8847358,13113,2.0
1648797321.875324,13150,2.0
1648797322.126543,13166,2.0
1648797322.3127017,13178,2.0
1648797322.3604517,13181,2.0
1648797322.5477407,13193,2.0
1648797323.0811615,13227,2.0
1648797323.1907036,13234,2.0
1648797323.3483372,13244,2.0
1648797323.5520554,13257,2.0
1648797323.7691903,13271,2.0
1648797323.9553695,13283,2.0
1648797324.2852652,13304,2.0
1648797324.6281714,13325,2.0
1648797324.9289703,13344,2.0
1648797325.1891181,13360,2.0
1648797325.6130219,13386,2.0
1648797325.7110677,13392,2.0
1648797325.7434661,13394,2.0
1648797326.0014787,13410,2.0
1648797327.0459754,13474,2.0
1648797327.0625358,13475,2.0
1648797327.4602046,13500,2.0
1648797328.9504178,13594,2.0
1648797330.5444617,13604,2.0
1648797331.5233305,13667,2.0
1648797331.737415,13681,2.0
1648797331.785585,13684,2.0
1648797332.2623312,13715,2.0
1648797332.4173827,13725,2.0
1648797333.289044,13780,2.0
1648797333.4399502,13789,2.0
1648797333.522003,13794,2.0
1648797333.5903573,13798,2.0
1648797333.622526,13800,2.0
1648797333.9183547,13818,2.0
1648797334.0937028,13828,2.0
1648797334.4792252,13850,2.0
1648797334.604133,13856,2.0
1648797334.747894,13864,2.0
1648797334.9242787,13875,2.0
1648797335.2115545,13892,2.0
1648797335.4294515,13904,2.0
1648797336.2987614,13958,2.0
1648797336.7545903,13984,2.0
1648797336.785381,13986,2.0
1648797336.8654041,13991,2.0
1648797336.9922633,13999,2.0
1648797337.1328852,14008,2.0
1648797337.3252108,14020,2.0
1648797337.3408847,14021,2.0
1648797337.5482206,14034,2.0
1648797337.9510381,14057,2.0
1648797338.0760689,14065,2.0
1648797338.126922,14068,2.0
1648797338.1370394,14069,2.0
