Wall time,Step,Value
1648797071.779943,19,2.3078742027282715
1648797072.1171684,40,2.275230884552002
1648797072.5253828,66,2.1363987922668457
1648797072.5712857,69,2.073220729827881
1648797072.773066,82,1.909868836402893
1648797074.4710004,190,0.33368492126464844
1648797074.6593788,202,0.26546865701675415
1648797074.8202732,212,0.352867990732193
1648797075.0715642,228,0.2792303264141083
1648797075.5333874,257,0.24123387038707733
1648797075.5677516,259,0.34219059348106384
1648797075.7911928,273,0.3428648114204407
1648797075.8208413,275,0.2713150084018707
1648797076.0298176,288,0.3102087676525116
1648797076.1555192,296,0.27847084403038025
1648797076.1865108,298,0.2896929085254669
1648797076.249411,302,0.34250661730766296
1648797076.3270323,307,0.2877616584300995
1648797076.3441703,308,0.38460466265678406
1648797076.5455446,321,0.3877365291118622
1648797076.7966764,337,0.2431304007768631
1648797077.0881338,356,0.2293282151222229
1648797077.2587054,367,0.27760741114616394
1648797077.336959,372,0.20364812016487122
1648797077.7916977,401,0.230133518576622
1648797077.852582,405,0.11658603698015213
1648797078.091448,420,0.21539071202278137
1648797078.5434158,448,0.21872517466545105
1648797080.534697,478,0.15950250625610352
1648797080.9294124,503,0.16230235993862152
1648797081.289256,526,0.22922015190124512
1648797081.3360536,529,0.16803114116191864
1648797081.6167567,547,0.09741052985191345
1648797081.7272563,554,0.13673041760921478
1648797081.7730978,557,0.16516943275928497
1648797081.820858,560,0.13931362330913544
1648797082.4387603,599,0.14440178871154785
1648797083.0630352,638,0.23825938999652863
1648797083.0782537,639,0.15810859203338623
1648797083.156626,644,0.13756845891475677
1648797083.376831,658,0.10754675418138504
1648797083.6275582,674,0.11368092894554138
1648797083.7219293,680,0.10503880679607391
1648797083.802994,685,0.08724198490381241
1648797084.1169913,705,0.12027925252914429
1648797084.1361222,706,0.07786577194929123
1648797084.1515777,707,0.17256556451320648
1648797084.229138,712,0.09456724673509598
1648797084.3500865,718,0.11872496455907822
1648797084.3970375,721,0.09817995131015778
1648797084.6431286,736,0.13457569479942322
1648797085.0961933,765,0.10903743654489517
1648797085.2013383,772,0.10556381940841675
1648797085.2459471,775,0.13288114964962006
1648797085.2772913,777,0.08143167197704315
1648797085.4911726,791,0.1214694157242775
1648797085.5866845,797,0.030947690829634666
1648797085.8834527,816,0.09460388123989105
1648797085.9931183,823,0.08804229646921158
1648797086.6007519,862,0.08386078476905823
1648797086.8894994,880,0.027528367936611176
1648797086.9880984,886,0.13615480065345764
1648797087.2253983,901,0.1515781432390213
1648797089.2707329,941,0.04807286709547043
1648797089.7994542,975,0.045809514820575714
1648797089.8621922,979,0.017625024542212486
1648797090.3916821,1013,0.11306413263082504
1648797090.463455,1017,0.03689712658524513
1648797090.5779464,1023,0.10326098650693893
1648797091.0591097,1050,0.043230459094047546
1648797091.4569561,1075,0.022555002942681313
1648797091.568891,1082,0.07893222570419312
1648797091.8077905,1097,0.05762697756290436
1648797091.868985,1101,0.07483430206775665
1648797091.88448,1102,0.023773061111569405
1648797091.9022045,1103,0.09421437233686447
1648797092.0569212,1113,0.08313844352960587
1648797092.166392,1120,0.0809040442109108
1648797092.3418214,1131,0.07007024437189102
1648797092.5439408,1144,0.16490696370601654
1648797092.5916476,1147,0.02096525952219963
1648797092.6703036,1152,0.16046345233917236
1648797093.5170004,1206,0.05796497315168381
1648797093.6408498,1214,0.12761791050434113
1648797094.0925946,1243,0.09007112681865692
1648797094.1387916,1246,0.04000644013285637
1648797094.2058773,1250,0.20722223818302155
1648797094.9952729,1301,0.052636969834566116
1648797095.162974,1312,0.02446637488901615
1648797095.2589417,1318,0.06639044731855392
1648797095.401148,1327,0.017308484762907028
1648797095.6036701,1340,0.010703510604798794
1648797095.667208,1344,0.1308140903711319
1648797095.7128766,1347,0.01326819323003292
1648797095.8055115,1353,0.11651737987995148
1648797095.8208594,1354,0.1454400271177292
1648797095.8676217,1357,0.042643122375011444
1648797095.9284291,1361,0.10009899735450745
1648797096.1154456,1373,0.060148995369672775
1648797096.3981547,1391,0.1419144570827484
1648797096.521881,1399,0.1164354458451271
1648797098.201841,1415,0.1485091745853424
1648797098.2491229,1418,0.055542223155498505
1648797098.2845118,1420,0.11183901876211166
1648797099.5052397,1495,0.03572731465101242
1648797099.5719078,1499,0.045128852128982544
1648797100.0326197,1528,0.08031317591667175
1648797100.0801349,1531,0.07882442325353622
1648797100.6585388,1567,0.0856858640909195
1648797101.024065,1590,0.04563925415277481
1648797101.040098,1591,0.12089557200670242
1648797101.0563304,1592,0.10917655378580093
1648797101.157454,1598,0.1237446591258049
1648797101.1728332,1599,0.09274441748857498
1648797101.2249875,1602,0.01641995832324028
1648797101.3037043,1607,0.06801752746105194
1648797101.3193338,1608,0.02713722549378872
1648797101.3992755,1613,0.035846177488565445
1648797102.2086759,1664,0.02297699823975563
1648797102.6541317,1691,0.017077069729566574
1648797102.6950822,1693,0.0404813177883625
1648797103.0213022,1710,0.05304250866174698
1648797103.040787,1711,0.03533264994621277
1648797103.1364806,1716,0.11420022696256638
1648797103.9396143,1761,0.013446236960589886
1648797104.116185,1772,0.03030913509428501
1648797104.590974,1802,0.0385199673473835
1648797104.9879572,1827,0.03282254561781883
1648797105.2544355,1844,0.03497986122965813
1648797105.304113,1847,0.027525069192051888
1648797105.4143538,1854,0.029645560309290886
1648797105.6363585,1868,0.1017034500837326
1648797107.2706707,1883,0.03584453463554382
1648797107.3493733,1888,0.01887761987745762
1648797107.3973913,1891,0.009223760105669498
1648797107.507738,1898,0.029091358184814453
1648797107.7120962,1911,0.04895046725869179
1648797107.7741835,1915,0.021787967532873154
1648797107.9200044,1924,0.05216424912214279
1648797108.2726777,1947,0.046582743525505066
1648797108.4117284,1956,0.027761101722717285
1648797109.6228535,2033,0.01973496749997139
1648797109.6533139,2035,0.1270473748445511
1648797109.8258152,2046,0.16240541636943817
1648797110.4642427,2087,0.03493673726916313
1648797110.9190996,2116,0.06266943365335464
1648797111.8600886,2176,0.031255364418029785
1648797111.9245067,2180,0.08963781595230103
1648797112.6256583,2222,0.03164523094892502
1648797112.8346982,2233,0.0899541974067688
1648797112.8711398,2235,0.08494064956903458
1648797113.0977478,2247,0.23736634850502014
1648797113.1517801,2250,0.0773363783955574
1648797113.2117062,2254,0.037904366850852966
1648797113.258852,2257,0.06272757053375244
1648797113.70255,2286,0.03005901165306568
1648797114.006881,2303,0.009729595854878426
1648797114.4194834,2329,0.03953704610466957
1648797114.5134473,2335,0.0059875319711863995
1648797114.5943422,2340,0.04133065789937973
1648797114.6280167,2342,0.012435699813067913
1648797116.5923917,2378,0.05301479250192642
1648797116.8866553,2397,0.024897029623389244
1648797117.2262397,2419,0.0264285821467638
1648797117.4161758,2431,0.061401043087244034
1648797118.0450847,2471,0.018279144540429115
1648797118.2167869,2482,0.0907542034983635
1648797118.5952816,2506,0.08380476385354996
1648797119.0773847,2536,0.023810196667909622
1648797119.219842,2545,0.0032809388358145952
1648797119.3013093,2550,0.049111030995845795
1648797120.3518693,2616,0.00417831027880311
1648797120.3702688,2617,0.030382297933101654
1648797120.5598783,2628,0.08659065514802933
1648797120.8738372,2648,0.07233918458223343
1648797121.268545,2672,0.12160438299179077
1648797121.317506,2675,0.14247532188892365
1648797121.4598656,2684,0.21206480264663696
1648797121.6959474,2699,0.1271187663078308
1648797121.7281196,2701,0.044336169958114624
1648797121.9633534,2716,0.04451930895447731
1648797122.0245912,2720,0.05247290059924126
1648797122.7011957,2763,0.12112250179052353
1648797122.8570247,2773,0.06310390681028366
1648797122.936421,2778,0.018222281709313393
1648797125.1755407,2830,0.015823163092136383
1648797125.7069433,2861,0.01528959535062313
1648797125.953563,2874,0.04006550833582878
1648797126.1066527,2882,0.03707844391465187
1648797126.125828,2883,0.020833026617765427
1648797126.3733711,2897,0.01772710308432579
1648797126.53151,2907,0.036189086735248566
1648797126.6871324,2917,0.011261004023253918
1648797126.860255,2928,0.07435112446546555
1648797127.281605,2955,0.07576208561658859
1648797127.7722788,2986,0.040159523487091064
1648797127.8055112,2988,0.14304114878177643
1648797127.8552446,2991,0.1436244398355484
1648797128.856821,3055,0.010784666985273361
1648797128.9371114,3060,0.09817091375589371
1648797129.2364159,3079,0.013950582593679428
1648797129.4384596,3092,0.14889605343341827
1648797129.877255,3120,0.03674551844596863
1648797129.909912,3122,0.06104272976517677
1648797130.110159,3135,0.22995086014270782
1648797130.8567743,3182,0.046381548047065735
1648797130.8876266,3184,0.021438267081975937
1648797131.2870543,3209,0.04726271703839302
1648797131.46383,3220,0.025582170113921165
1648797131.5426347,3225,0.005463507026433945
1648797131.861496,3245,0.020412474870681763
1648797132.0214305,3255,0.01917307823896408
1648797132.1912153,3266,0.05091818422079086
1648797134.128229,3299,0.02551279403269291
1648797134.2081964,3304,0.05550871044397354
1648797134.223791,3305,0.052142757922410965
1648797134.3976905,3316,0.05294523388147354
1648797134.747696,3338,0.02871462143957615
1648797135.0276186,3356,0.016191093251109123
1648797135.2309885,3369,0.02685076743364334
1648797135.275959,3372,0.031437892466783524
1648797135.6528535,3396,0.010617107152938843
1648797135.7762334,3404,0.04345943033695221
1648797135.8532293,3409,0.05896507576107979
1648797135.8991597,3412,0.039153266698122025
1648797136.1813781,3430,0.08590414375066757
1648797136.6063888,3457,0.010142846032977104
1648797136.7445207,3466,0.033829428255558014
1648797137.4123185,3509,0.02967330999672413
1648797137.6601932,3525,0.0072350953705608845
1648797137.7538483,3531,0.06610321998596191
1648797137.9717007,3545,0.07539265602827072
1648797138.2207925,3561,0.009979739785194397
1648797138.72726,3593,0.08283749967813492
1648797139.483079,3636,0.009608191438019276
1648797139.5333579,3639,0.01231676060706377
1648797139.9766755,3667,0.01484461035579443
1648797140.120813,3676,0.12232815474271774
1648797140.1694658,3679,0.062351394444704056
1648797140.1847441,3680,0.027118133381009102
1648797140.2317364,3683,0.008767746388912201
1648797140.3901591,3693,0.04455060511827469
1648797140.5756361,3705,0.060437485575675964
1648797140.7005508,3713,0.018054606392979622
1648797142.7252712,3752,0.01115146279335022
1648797142.865696,3761,0.04035498574376106
1648797143.223529,3784,0.1188141331076622
1648797143.270561,3787,0.016641607508063316
1648797143.3168967,3790,0.004613710567355156
1648797143.4749634,3800,0.04319990053772926
1648797143.5514624,3805,0.02676089107990265
1648797143.849618,3824,0.009069562889635563
1648797144.0039082,3834,0.035097431391477585
1648797144.4671912,3863,0.013171500526368618
1648797144.495858,3865,0.02696855552494526
1648797144.6342528,3874,0.0045064655132591724
1648797144.8049102,3885,0.03632936626672745
1648797145.0720503,3902,0.004759420640766621
1648797145.1369438,3906,0.013349617831408978
1648797145.216504,3911,0.08392434567213058
1648797145.3324647,3917,0.05548272281885147
1648797145.4663348,3924,0.06756424158811569
1648797145.578318,3931,0.039580535143613815
1648797145.6873028,3938,0.0359986387193203
1648797145.7037327,3939,0.08135271072387695
1648797146.1250904,3966,0.059632234275341034
1648797146.3686395,3981,0.007118653506040573
1648797146.3828647,3982,0.02168690599501133
1648797146.6036255,3996,0.07584621012210846
1648797146.7444649,4005,0.05130303278565407
1648797146.965676,4019,0.11191384494304657
1648797147.2831645,4039,0.0780632495880127
1648797147.8347206,4074,0.034638021141290665
1648797147.9736714,4083,0.008149287663400173
1648797148.3320687,4106,0.02163645252585411
1648797148.48875,4116,0.05292079225182533
1648797148.567108,4121,0.027007676661014557
1648797148.6412132,4126,0.004263268318027258
1648797148.6894586,4129,0.06835594028234482
1648797148.7844324,4135,0.026791561394929886
1648797148.9101686,4143,0.04051325097680092
1648797149.0797243,4154,0.006999848876148462
1648797149.4424732,4177,0.012761526741087437
1648797149.5969954,4187,0.03808008134365082
1648797149.7371356,4196,0.024624072015285492
1648797149.9400003,4209,0.01803998090326786
1648797151.6415944,4229,0.031249646097421646
1648797151.8962321,4245,0.010806930251419544
1648797152.2113001,4265,0.06859423965215683
1648797152.3042965,4271,0.05667727068066597
1648797152.805051,4303,0.008165845647454262
1648797152.9323733,4311,0.011517870239913464
1648797153.0555158,4319,0.024998323991894722
1648797153.1154032,4323,0.024684466421604156
1648797153.5983365,4354,0.013903227634727955
1648797153.7519052,4364,0.046479012817144394
1648797153.81634,4368,0.11565744131803513
1648797153.973053,4378,0.05839291214942932
1648797154.0044286,4380,0.0007332625682465732
1648797154.0225017,4381,3.1702797412872314
1648797154.2577639,4396,0.5685623288154602
1648797154.3677394,4403,0.36454787850379944
1648797154.726869,4426,0.16898295283317566
1648797154.8211036,4432,0.1566804200410843
1648797154.8366015,4433,0.19481585919857025
1648797155.257485,4459,0.097365602850914
1648797155.3043845,4462,0.06733046472072601
1648797155.570404,4477,0.12580761313438416
1648797156.0216637,4501,0.07240206003189087
1648797156.3591032,4519,0.035660065710544586
1648797156.7121117,4540,0.05318721383810043
1648797156.9673457,4555,0.010098018683493137
1648797157.2204976,4568,0.037854332476854324
1648797157.8708968,4605,0.04579698294401169
1648797158.548238,4643,0.06591847538948059
1648797158.7261817,4654,0.026702994480729103
1648797161.0425718,4701,0.01207661535590887
1648797161.1370125,4707,0.054299283772706985
1648797161.3954818,4723,0.011916810646653175
1648797161.557485,4732,0.01701442152261734
1648797161.5776055,4733,0.008272369392216206
1648797161.6346843,4736,0.06629323214292526
1648797161.6569061,4737,0.02294336073100567
1648797161.7309148,4741,0.031568992882966995
1648797161.926385,4751,0.020905761048197746
1648797162.2049413,4768,0.03730267658829689
1648797162.253668,4771,0.013666171580553055
1648797162.7241166,4799,0.023900477215647697
1648797163.212799,4826,0.06273850053548813
1648797163.2466524,4828,0.1107974722981453
1648797163.276523,4830,0.040995966643095016
1648797163.3390822,4834,0.023009486496448517
1648797163.5477402,4847,0.03663569316267967
1648797163.7405286,4859,0.045855600386857986
1648797163.904175,4869,0.00710376026108861
1648797164.1842892,4886,0.014405458234250546
1648797164.200495,4887,0.024642564356327057
1648797164.2666087,4891,0.012587030418217182
1648797164.3810303,4898,0.008663414046168327
1648797164.829967,4926,0.05761045590043068
1648797165.3001444,4956,0.0939737930893898
1648797165.756697,4985,0.023139284923672676
1648797165.85173,4991,0.010212288238108158
1648797166.0457168,5003,0.005002778023481369
1648797166.0761087,5005,0.005704141687601805
1648797166.4908202,5031,0.10069055110216141
1648797166.9319007,5059,0.04339835047721863
1648797167.1361988,5072,0.07395146042108536
1648797167.2955072,5082,0.06203499063849449
1648797167.4404318,5091,0.003237874945625663
1648797167.8984845,5120,0.04782313480973244
1648797170.131485,5171,0.01843271218240261
1648797170.1484318,5172,0.009972677566111088
1648797170.8385143,5216,0.05312902480363846
1648797170.9007099,5220,0.0473189540207386
1648797170.9949696,5226,0.014842030592262745
1648797171.072151,5231,0.04707776755094528
1648797171.322565,5247,0.03461156412959099
1648797171.8475814,5279,0.018284786492586136
1648797172.6003091,5327,0.019423816353082657
1648797172.645781,5330,0.006637352518737316
1648797172.9759238,5349,0.048009395599365234
1648797173.0383015,5353,0.027039960026741028
1648797173.1175003,5358,0.02783050201833248
1648797173.2122433,5364,0.0483795665204525
1648797173.3521907,5373,0.00558848213404417
1648797173.3671741,5374,0.028495971113443375
1648797173.6801436,5394,0.002433135872706771
1648797173.9347892,5410,0.01584886759519577
1648797173.9944832,5414,0.013741716742515564
1648797174.058573,5418,0.041628576815128326
1648797174.1188424,5422,0.04999391362071037
1648797174.1524224,5424,0.017028547823429108
1648797174.3999965,5440,0.07277484238147736
1648797174.7429247,5462,0.002540657529607415
1648797174.9806285,5477,0.0035979580134153366
1648797175.0605762,5482,0.10539320111274719
1648797175.23218,5493,0.003160439431667328
1648797175.3431847,5500,0.02474256604909897
1648797175.5354445,5512,0.009798587299883366
1648797175.645982,5519,0.06078034266829491
1648797176.087874,5547,0.03837605193257332
1648797176.3095827,5561,0.012320074252784252
1648797176.4972763,5573,0.007596283219754696
1648797176.512234,5574,0.06514056771993637
1648797176.636932,5582,0.0579490065574646
1648797176.7469401,5589,0.01454443484544754
1648797176.8887508,5598,0.006197766400873661
1648797177.000679,5605,0.02023896761238575
1648797177.1601205,5615,0.03255980834364891
1648797177.206196,5618,0.020566703751683235
1648797178.8859115,5631,0.04920724779367447
1648797178.9348836,5634,0.0038118246011435986
1648797179.0592592,5642,0.006487988866865635
1648797179.135439,5647,0.05824882164597511
1648797179.3846998,5663,0.04449011757969856
1648797179.4593346,5668,0.029580242931842804
1648797179.7206192,5684,0.010753455571830273
1648797179.9816852,5700,0.0318550281226635
1648797180.080578,5706,0.039659906178712845
1648797180.0969155,5707,0.009083900600671768
1648797180.1314082,5709,0.04347670450806618
1648797180.246983,5716,0.009454362094402313
1648797180.2632914,5717,0.017482150346040726
1648797180.331883,5721,0.026540884748101234
1648797180.4814725,5730,0.010223276913166046
1648797180.8693597,5754,0.046217165887355804
1648797180.8846586,5755,0.02571442537009716
1648797181.0263617,5764,0.018693657591938972
1648797181.2827332,5780,0.006026347633451223
1648797181.3467538,5784,0.011701289564371109
1648797181.4591112,5791,0.029457135125994682
1648797181.6164289,5801,0.0007775641861371696
1648797181.7773805,5811,0.09775369614362717
1648797182.1026027,5830,0.0014494586503133178
1648797182.2955914,5840,0.025081386789679527
1648797182.3793733,5845,0.06670799106359482
1648797182.587154,5858,0.026109354570508003
1648797182.682754,5864,0.044601064175367355
1648797182.7288148,5867,0.03216761350631714
1648797182.919938,5879,0.015250399708747864
1648797183.0154557,5885,0.03265233337879181
1648797183.107712,5891,0.0008436567732132971
1648797183.6319654,5922,0.001987253548577428
1648797183.6930006,5926,0.0950990840792656
1648797183.7252784,5928,0.18896418809890747
1648797183.910974,5940,0.031067224219441414
1648797184.1597502,5956,0.034872569143772125
1648797184.287017,5964,0.0610695406794548
1648797184.6477597,5987,0.018838893622159958
1648797185.0634546,6013,0.00667913444340229
1648797185.0789993,6014,0.05264054611325264
1648797185.110545,6016,0.006866189185529947
1648797185.3886867,6033,0.0892142504453659
1648797185.5311096,6042,0.006721739657223225
1648797185.8919764,6065,0.08783946931362152
1648797186.1125479,6079,0.008944688364863396
1648797186.1447492,6081,0.02280396968126297
1648797186.3354652,6093,0.0036528105847537518
1648797188.241037,6123,0.019567498937249184
1648797188.3531754,6130,0.016016438603401184
1648797188.5001936,6139,0.012740058824419975
1648797188.8355038,6160,0.006101632956415415
1648797189.0743985,6175,0.06925232708454132
1648797189.1350384,6179,0.027241596952080727
1648797189.733575,6217,0.7179490327835083
1648797190.490359,6265,0.03202096000313759
1648797190.6009347,6272,0.01040884293615818
1648797190.7556825,6282,0.018142418935894966
1648797191.0075755,6298,0.01476714201271534
1648797191.0250192,6299,0.061398956924676895
1648797191.4184082,6324,0.001954010222107172
1648797191.7979138,6348,0.012922665104269981
1648797191.9694188,6359,0.033351197838783264
1648797192.0471575,6364,0.014961222186684608
1648797192.4723067,6391,0.05079338327050209
1648797192.503084,6393,0.009337740950286388
1648797192.7396982,6408,0.05066121742129326
1648797192.8505845,6415,0.08992304652929306
1648797193.0098183,6425,0.00576358288526535
1648797193.1795573,6436,0.02952524647116661
1648797193.2749062,6442,0.040741465985774994
1648797193.6046877,6463,0.03131776303052902
1648797193.9463518,6485,0.050374556332826614
1648797194.0716176,6493,0.08361124247312546
1648797194.0864656,6494,0.007871653884649277
1648797194.1340542,6497,0.05300271511077881
1648797194.3352897,6510,0.018151570111513138
1648797194.3965874,6514,0.007090719882398844
1648797194.474321,6519,0.05352914705872536
1648797195.0199006,6554,0.06588560342788696
1648797195.1148658,6560,0.05550676956772804
1648797195.1450918,6562,0.028359783813357353
1648797196.776812,6576,0.022359540686011314
1648797196.8904338,6583,0.0026113998610526323
1648797197.342523,6609,0.004109704401344061
1648797197.4063156,6613,0.00973544456064701
1648797197.471841,6617,0.02857525646686554
1648797197.7134104,6631,0.00845029391348362
1648797197.8270779,6638,0.0030020959675312042
1648797197.9618447,6646,0.028639134019613266
1648797197.9973998,6648,0.006992305628955364
1648797198.083435,6653,0.0011150422506034374
1648797198.3085678,6666,0.0009493471588939428
1648797199.019818,6710,0.034189678728580475
1648797199.1135864,6716,0.07681561261415482
1648797199.4724376,6739,0.04781045764684677
1648797199.710868,6753,0.011808695271611214
1648797199.779693,6757,0.05543205887079239
1648797199.9388375,6767,0.009064354002475739
1648797200.202023,6783,0.017083922401070595
1648797200.4204147,6797,0.01008815411478281
1648797200.90675,6828,0.003340680617839098
1648797201.0144508,6834,0.008086029440164566
1648797201.1519725,6842,0.006913688499480486
1648797201.2774231,6850,0.003338528098538518
1648797201.3250074,6853,0.03951539844274521
1648797201.459435,6862,0.008628704585134983
1648797201.5182097,6866,0.015279688872396946
1648797201.6987624,6878,0.003974302671849728
1648797202.1222932,6905,0.010670187883079052
1648797202.38471,6920,0.00716107664629817
1648797202.4644926,6925,0.018807459622621536
1648797202.4796147,6926,0.005834693554788828
1648797202.743925,6943,0.037090372294187546
1648797202.8519146,6950,0.045131053775548935
1648797203.2703872,6977,0.005191267933696508
1648797203.3183746,6980,0.018382230773568153
1648797203.5693734,6996,0.00654748547822237
1648797203.9295213,7019,0.06651976704597473
1648797204.1616008,7034,0.014639705419540405
1648797205.6382344,7035,0.0011555938981473446
1648797205.6838784,7038,0.003996211104094982
1648797205.7145083,7040,0.0026369597762823105
1648797205.8564205,7049,0.026073778048157692
1648797206.0107803,7059,0.004812791012227535
1648797206.1193895,7066,0.003518097335472703
1648797206.150768,7068,0.02254103682935238
1648797206.2815652,7076,0.005973320920020342
1648797206.4695578,7088,0.01570151187479496
1648797206.5640304,7094,0.0028953608125448227
1648797206.6738696,7101,0.0009431700455024838
1648797206.6890707,7102,0.009501920081675053
1648797206.8833241,7114,0.018936457112431526
1648797206.9256582,7116,0.023535272106528282
1648797207.2004573,7133,0.013376046903431416
1648797207.497028,7152,0.008053593337535858
1648797208.405408,7209,0.03130367398262024
1648797208.4836762,7214,0.027898306027054787
1648797209.3182127,7266,0.002060922794044018
1648797209.4590557,7275,0.007365820463746786
1648797209.5689666,7282,0.020490141585469246
1648797209.6643384,7288,0.018232252448797226
1648797210.1270301,7317,0.02347075194120407
1648797210.207625,7322,0.09913011640310287
1648797210.2230017,7323,0.019431838765740395
1648797210.6421993,7349,0.017337586730718613
1648797211.6954985,7416,0.045552972704172134
1648797211.7890446,7422,0.004620967898517847
1648797211.9770992,7434,0.021044187247753143
1648797212.2442818,7451,0.07272588461637497
1648797212.340502,7457,0.003440533997491002
1648797214.4832401,7504,0.047533001750707626
1648797214.7178373,7519,0.011723981238901615
1648797214.7329953,7520,0.20563443005084991
1648797214.7482097,7521,0.2139264941215515
1648797215.3114576,7557,0.026616934686899185
1648797215.359082,7560,0.004227296449244022
1648797215.7616475,7585,0.0096247224137187
1648797215.8146915,7588,0.0225620586425066
1648797215.987933,7598,0.03153060004115105
1648797216.0516133,7602,0.008500232361257076
1648797216.1458,7608,0.07018876820802689
1648797216.2081096,7612,0.009532710537314415
1648797216.6758938,7640,0.05790123715996742
1648797217.0930688,7665,0.05161507800221443
1648797218.4670498,7746,0.0005428327713161707
1648797218.5230803,7749,0.1250161975622177
1648797218.9399354,7771,0.005480178631842136
1648797218.9751465,7773,0.036740049719810486
1648797219.1795905,7786,0.015065045095980167
1648797219.328601,7795,0.030913885682821274
1648797219.4816444,7804,0.026608308777213097
1648797219.8000443,7824,0.011308032087981701
1648797220.912937,7895,0.006977720186114311
1648797221.3268492,7919,0.008105064742267132
1648797221.5161214,7931,0.0025948125403374434
1648797222.0043263,7962,0.04960118979215622
1648797222.0381274,7964,0.019977638497948647
1648797222.0526278,7965,0.03424577787518501
1648797224.0998366,7999,0.004594702273607254
1648797224.1145177,8000,0.0057828957214951515
1648797224.760589,8038,0.010026508010923862
1648797224.8368733,8043,0.05947118252515793
1648797225.6366282,8092,0.002299379790201783
1648797225.791077,8102,0.010653986595571041
1648797225.8067396,8103,0.046680327504873276
1648797225.8370137,8105,0.014427480287849903
1648797226.0866895,8121,0.00655414117500186
1648797226.1067555,8122,0.05333775281906128
1648797226.5742617,8152,0.02153516188263893
1648797226.588919,8153,0.05516144633293152
1648797226.7597322,8164,0.017523709684610367
1648797226.8489096,8170,0.0024772160686552525
1648797227.0202432,8180,0.017690377309918404
1648797227.2721934,8196,0.0473349504172802
1648797227.6197689,8216,0.029730724170804024
1648797228.1540902,8244,0.003287714207544923
1648797228.3035333,8253,0.05862460285425186
1648797228.454547,8262,0.028487207368016243
1648797228.4757013,8263,0.006080147810280323
1648797229.2857575,8313,0.0031180325895547867
1648797229.8879573,8350,0.0029917992651462555
1648797230.2916498,8375,0.06026894226670265
1648797230.4035494,8382,0.00309071340598166
1648797230.5324142,8390,0.038687899708747864
1648797231.2828605,8438,0.003971534315496683
1648797232.8175113,8446,0.012001743540167809
1648797232.850722,8448,0.0013000175822526217
1648797232.8664927,8449,0.02265370823442936
1648797233.274863,8475,0.03176099807024002
1648797233.6789567,8501,0.0064100585877895355
1648797234.0585458,8525,0.021178189665079117
1648797234.3710961,8544,0.02863609977066517
1648797234.4818287,8551,0.0010631553595885634
1648797234.4973109,8552,0.004415277857333422
1648797234.515358,8553,0.027984358370304108
1648797234.5472355,8555,0.048810720443725586
1648797234.5946283,8558,0.012447577901184559
1648797234.7388082,8567,0.019747113808989525
1648797235.093306,8590,0.013295302167534828
1648797235.2840374,8602,0.11190987378358841
1648797235.3130689,8604,0.045005667954683304
1648797235.5801518,8621,0.003176540369167924
1648797236.3317244,8668,0.008777456358075142
1648797236.3471391,8669,0.006896034348756075
1648797236.4272494,8674,0.007556277792900801
1648797236.5681462,8683,0.020116765052080154
1648797236.5834913,8684,0.00477743661031127
1648797236.6958911,8691,0.0012849634513258934
1648797237.3940983,8735,0.006998566910624504
1648797237.5022044,8742,0.005180746782571077
1648797237.8303556,8763,0.022741306573152542
1648797238.3486252,8796,0.002673960756510496
1648797238.4265783,8801,0.055317699909210205
1648797238.4922035,8805,0.00046948855742812157
1648797238.6208704,8813,0.05278509110212326
1648797239.003444,8837,0.034636471420526505
1648797239.0834758,8842,0.004896431230008602
1648797239.178493,8848,0.0061753117479383945
1648797239.3046465,8856,0.0005441803368739784
1648797239.3357635,8858,0.03130768612027168
1648797239.3513482,8859,0.0016628470038995147
1648797239.6562133,8878,0.004431586712598801
1648797239.7241445,8882,0.014399123378098011
1648797239.738762,8883,0.013288646005094051
1648797241.666505,8916,0.008415925316512585
1648797242.3363853,8958,0.05459536239504814
1648797242.4354599,8963,0.021010231226682663
1648797243.2246325,9012,0.016746221110224724
1648797243.27343,9015,0.10754194855690002
1648797243.303052,9017,0.011651143431663513
1648797243.4683073,9027,0.0066398195922374725
1648797243.77493,9046,0.0009525691857561469
1648797243.8061552,9048,0.009180627763271332
1648797244.155786,9070,0.006433448754251003
1648797244.2200134,9074,0.005301316734403372
1648797244.2997305,9079,0.0017199231078848243
1648797244.3943715,9085,0.001983810216188431
1648797244.4096556,9086,0.003643705742433667
1648797244.4869578,9091,0.0005998671986162663
1648797244.5359864,9094,0.003765967208892107
1648797244.5966706,9098,0.019393913447856903
1648797244.7573464,9108,0.001712194993160665
1648797245.201313,9136,0.0015456612454727292
1648797245.345262,9145,0.007035582326352596
1648797245.3769634,9147,0.0156724713742733
1648797245.3966699,9148,0.0009597201715223491
1648797245.962177,9183,0.0026570141781121492
1648797246.0058677,9186,0.006595793180167675
1648797246.0997243,9192,0.00020967927412129939
1648797246.2091308,9199,0.035599127411842346
1648797247.5095615,9282,0.0010994125623255968
1648797247.5248415,9283,0.022630034014582634
1648797247.6341307,9290,0.027615386992692947
1648797247.8184493,9302,0.004653614480048418
1648797248.3836136,9338,0.004424835555255413
1648797248.7718809,9363,0.023904303088784218
1648797248.8058083,9365,0.008136458694934845
1648797248.9943755,9377,0.006575743202120066
1648797250.8810089,9406,0.0036035843659192324
1648797251.0140328,9413,0.10142872482538223
1648797251.148331,9420,0.025356024503707886
1648797251.377156,9432,0.0017459201626479626
1648797251.6463833,9449,0.019079744815826416
1648797251.7264647,9454,0.022880803793668747
1648797251.7725668,9457,0.012110956944525242
1648797251.853732,9462,0.028765708208084106
1648797252.0890326,9477,0.01047645602375269
1648797252.228989,9486,0.01004023291170597
1648797252.2460587,9487,0.006787629332393408
1648797252.4206345,9496,0.0006599551998078823
1648797252.7863653,9517,0.05046190693974495
1648797252.8516617,9521,0.011378730647265911
1648797252.86702,9522,0.0024034748785197735
1648797253.0545683,9534,0.014617896638810635
1648797253.1655142,9541,0.007135830819606781
1648797253.214956,9544,0.0015368591994047165
1648797253.4337127,9557,0.02774709276854992
1648797253.6814134,9572,0.005976826883852482
1648797253.7455895,9576,0.011189631186425686
1648797254.2089558,9604,0.000563509005587548
1648797254.325236,9611,0.02448996528983116
1648797254.557052,9625,0.0682498961687088
1648797255.098492,9658,0.004204816184937954
1648797255.2074187,9665,0.026779264211654663
1648797255.2379282,9667,0.025155257433652878
1648797255.523263,9685,0.02371898479759693
1648797255.754831,9700,0.0011209329823032022
1648797255.8475897,9706,0.004426531493663788
1648797255.8778203,9708,0.0014253875706344843
1648797256.7281103,9762,0.010572338476777077
1648797256.9799929,9777,0.0041160183027386665
1648797257.3855639,9802,0.0021927854977548122
1648797257.4013298,9803,0.0036400477401912212
1648797257.416667,9804,0.0028087347745895386
1648797257.6109736,9816,0.0011536511592566967
1648797257.626867,9817,0.02845059148967266
1648797259.8862321,9870,0.0026594349183142185
1648797260.2865853,9891,0.013660791330039501
1648797260.8836274,9928,0.0032521304674446583
1648797261.0903788,9941,0.008866618387401104
1648797261.1208267,9943,0.015179268084466457
1648797261.3168116,9955,0.016894496977329254
1648797261.4149342,9961,0.0020868638530373573
1648797261.4782734,9965,0.0010185637511312962
1648797261.5858765,9972,0.008199882693588734
1648797261.8516376,9987,0.012942047789692879
1648797261.9946568,9996,0.0006029207143001258
1648797262.1781473,10008,0.0030551659874618053
1648797262.4768279,10027,0.010407684370875359
1648797262.7093868,10042,0.009616896510124207
1648797262.7725787,10046,0.0010209566680714488
1648797262.8655722,10052,0.0010248100152239203
1648797263.0836868,10066,0.00858073029667139
1648797263.2061942,10074,0.007503845263272524
1648797263.2699382,10078,0.01716393418610096
1648797263.3482027,10083,0.0027662666980177164
1648797263.4421284,10089,0.00731696467846632
1648797263.7511356,10109,0.017744867131114006
1648797263.766975,10110,0.0007506378460675478
1648797263.7818146,10111,0.02598520740866661
1648797263.7972229,10112,0.024906784296035767
1648797264.1764572,10136,0.008010676130652428
1648797264.28378,10143,0.014472849667072296
1648797264.3459926,10147,0.0006089997477829456
1648797265.3658795,10212,0.001648185309022665
1648797265.5551598,10224,0.0008089178591035306
1648797265.7902641,10239,0.017364339902997017
1648797265.9490936,10249,0.006918464321643114
1648797266.3720508,10276,0.01905055157840252
1648797266.994418,10315,0.019592512398958206
1648797268.5619457,10325,0.007947160862386227
1648797268.751365,10337,0.009956462308764458
1648797269.1179383,10360,0.00570587208494544
1648797269.1797488,10364,0.003905603662133217
1648797269.1952524,10365,0.0151329031214118
1648797269.32385,10373,0.014837081544101238
1648797269.8139114,10404,0.017606660723686218
1648797269.844516,10406,0.009560235776007175
1648797270.0499797,10419,0.0014058060478419065
1648797270.0655072,10420,0.00037211182643659413
1648797270.7972243,10466,0.0021652469877153635
1648797270.908176,10473,0.008806542493402958
1648797270.9236944,10474,0.04137783125042915
1648797271.0015411,10479,0.025730274617671967
1648797271.0323355,10481,0.027406727895140648
1648797271.1444783,10488,0.027062363922595978
1648797271.2701323,10496,0.007306947838515043
1648797271.5692072,10515,0.0033529053907841444
1648797271.804706,10530,0.0070400480180978775
1648797272.6970332,10586,0.024129623547196388
1648797272.7784023,10591,0.0003504362248349935
1648797273.513607,10637,0.02512224391102791
1648797274.2565525,10684,0.041025806218385696
1648797274.764356,10716,0.026834120973944664
1648797274.7962186,10718,0.0021711010485887527
1648797274.8428335,10721,0.007582416757941246
1648797274.9698195,10729,0.04098627716302872
1648797277.3577173,10790,0.001761481980793178
1648797277.6357875,10807,0.0009777371305972338
1648797277.6821923,10810,0.01625552959740162
1648797277.7459667,10814,0.002983300480991602
1648797277.9851928,10829,0.0007183433044701815
1648797278.4338303,10857,0.015679430216550827
1648797278.592551,10867,0.0002419990487396717
1648797278.7864728,10879,0.0006715513300150633
1648797279.3935282,10917,0.0016388631192967296
1648797280.4435983,10983,0.006417145486921072
1648797280.631309,10995,0.001635148422792554
1648797280.849593,11009,0.0007596345385536551
1648797280.8977237,11012,0.001345575787127018
1648797281.055157,11022,0.018454251810908318
1648797281.215938,11032,0.006583650596439838
1648797281.4403107,11046,0.0004797459114342928
1648797281.7236392,11064,0.00414788443595171
1648797281.8826373,11074,0.02428426966071129
1648797281.9133766,11076,0.049920398741960526
1648797282.181377,11093,0.012285826727747917
1648797282.5671709,11117,0.002387575339525938
1648797282.6977396,11125,0.002734046895056963
1648797282.9583664,11141,0.0017758911708369851
1648797283.1814764,11155,0.0005068193422630429
1648797283.3721344,11167,0.004810841288417578
1648797283.3878891,11168,0.0025724987499415874
1648797283.688632,11187,0.0001222317951032892
1648797283.797903,11194,0.03554360195994377
1648797283.9682183,11205,0.0008054194622673094
1648797284.0169957,11208,0.005348334088921547
1648797284.2216835,11221,0.015014872886240482
1648797284.346927,11229,0.0018582791090011597
1648797286.570373,11279,0.0039013964124023914
1648797286.6635628,11285,0.002256019739434123
1648797286.7587154,11291,0.01144945528358221
1648797287.0706966,11311,0.0004487944534048438
1648797287.224849,11321,0.0002822364040184766
1648797287.4004617,11332,0.0030931071378290653
1648797287.9747798,11369,0.0009254627511836588
1648797287.9899712,11370,0.002722626319155097
1648797288.207392,11384,0.001120778382755816
1648797288.2526736,11387,0.00021983406622894108
1648797288.5088394,11403,0.0015536424471065402
1648797288.8665261,11426,0.004265215247869492
1648797288.9305348,11430,0.0027985284104943275
1648797289.1964433,11447,0.003859205637127161
1648797289.3062098,11454,0.005574944894760847
1648797289.3365788,11456,0.00042889034375548363
1648797289.9465873,11495,0.0036724437959492207
1648797290.312688,11518,0.001194109208881855
1648797290.4244297,11525,0.0022627171128988266
1648797290.6323223,11538,0.011772768571972847
1648797290.9331968,11557,0.02058032527565956
1648797291.0107894,11562,0.006435109302401543
1648797291.0444744,11564,0.0001079016801668331
1648797291.4188735,11588,0.00026437867200002074
1648797291.5773191,11598,0.002013680525124073
1648797292.1895194,11637,0.007519201375544071
1648797292.2982407,11644,0.029952626675367355
1648797292.6070137,11664,0.004600244574248791
1648797292.7158074,11671,0.006585174240171909
1648797292.7478168,11673,0.013377019204199314
1648797292.796854,11676,0.0010082644876092672
1648797293.2394128,11704,0.10965940356254578
1648797293.3494365,11711,0.0004027891845908016
1648797294.9855702,11725,0.016142792999744415
1648797295.0460846,11729,0.0007896742317825556
1648797295.0612621,11730,0.0033372698817402124
1648797295.140908,11735,0.003925848752260208
1648797295.220687,11740,0.00018291834567207843
1648797295.4130514,11752,0.0010254770750179887
1648797295.458242,11755,0.00013068945554550737
1648797295.5224116,11759,0.007941911928355694
1648797295.5536313,11761,0.00321180303581059
1648797295.9029732,11783,0.005665297619998455
1648797295.997453,11789,0.002725884784013033
1648797296.077866,11794,0.00033148954389616847
1648797296.187317,11801,0.002657596953213215
1648797296.3290567,11810,0.0010692316573113203
1648797297.015789,11848,0.0008423818508163095
1648797297.1673715,11856,0.0005023590056225657
1648797297.5791733,11878,0.006725092884153128
1648797297.7209473,11887,0.0010752175003290176
1648797297.8470316,11895,0.0010660111438483
1648797298.4608448,11934,0.0022493081633001566
1648797298.6174505,11944,0.002457384020090103
1648797298.6965873,11949,0.021564148366451263
1648797298.8136916,11956,0.0024027973413467407
1648797299.571329,12004,0.0004202491254545748
1648797300.016617,12032,0.004473413806408644
1648797300.0456235,12034,0.010461623780429363
1648797300.1238754,12039,0.00014736343291588128
1648797300.8431594,12085,0.0010258944239467382
1648797300.85844,12086,0.0004622569540515542
1648797300.936893,12091,0.013939461670815945
1648797300.9827163,12094,0.0002965368621516973
1648797301.2337952,12110,0.0015793341444805264
1648797301.2491574,12111,0.003907431848347187
1648797301.2641387,12112,0.004406402353197336
1648797301.3279226,12116,0.0004369209927972406
1648797301.9213734,12154,0.0006269926088862121
1648797302.0001326,12159,0.0011152983643114567
1648797302.0463774,12162,0.00023988336033653468
1648797302.0770905,12164,0.000689200300257653
1648797302.159722,12169,0.0034692378249019384
1648797302.2677405,12176,0.003957416396588087
1648797302.3486445,12181,0.0004116536001674831
1648797302.4434505,12187,0.0005679820314981043
1648797304.1835823,12208,0.0006646085530519485
1648797304.2457886,12212,0.001324246171861887
1648797304.5761564,12233,0.0025602998211979866
1648797305.1077886,12266,0.0025381322484463453
1648797305.1229944,12267,0.0001187169473269023
1648797305.6571646,12300,0.0004551034653559327
1648797305.787328,12308,0.0008665187051519752
1648797306.055694,12325,0.0003306647122371942
1648797306.2756898,12339,0.00048012944171205163
1648797306.4820366,12352,0.0020534046925604343
1648797306.4970448,12353,0.0008513760985806584
1648797306.5297089,12355,0.00022101243666838855
1648797306.5911243,12359,0.00017165765166282654
1648797306.749006,12369,0.0005269874236546457
1648797306.9822385,12384,0.0006682699895463884
1648797307.1864712,12397,0.00041919868090189993
1648797307.3123677,12405,0.00022391525271814317
1648797307.671031,12428,0.0006870810757391155
1648797308.2756052,12467,0.0027604878414422274
1648797308.493172,12481,0.0006964638014324009
1648797308.632421,12490,0.003985576797276735
1648797308.6474159,12491,0.0015345228603109717
1648797308.9669607,12511,0.0010359679581597447
1648797309.647642,12553,0.0007673110230825841
1648797309.8686893,12567,0.0007152180187404156
1648797310.1233108,12583,0.00022801896557211876
1648797310.2836072,12593,0.0030677325557917356
1648797310.5100749,12607,0.00045861362013965845
1648797310.5252979,12608,0.0002045747678494081
1648797310.5720327,12611,0.0013655967777594924
1648797310.6683838,12617,0.00012167527165729553
1648797310.9229817,12633,0.0027041169814765453
1648797311.2338204,12652,0.002709369407966733
1648797311.328703,12658,0.0005317049217410386
1648797312.8395188,12665,0.0002631887618917972
1648797313.1767755,12686,0.002169461455196142
1648797313.384257,12699,0.0007678092224523425
1648797313.6982105,12719,7.542117236880586e-05
1648797313.791753,12725,8.255918510258198e-05
1648797313.8530567,12729,0.0026020461227744818
1648797313.9001224,12732,0.0004057828336954117
1648797314.4348662,12766,0.0003269250155426562
1648797314.904031,12796,0.0006185856182128191
1648797315.072695,12807,0.0026005241088569164
1648797315.2118132,12816,0.0002552898367866874
1648797315.242865,12818,0.00017566658789291978
1648797315.3041544,12822,7.635918154846877e-05
1648797315.3376372,12824,0.0003990663681179285
1648797315.8427808,12856,0.002732684602960944
1648797316.2082968,12879,0.005594891961663961
1648797316.2550888,12882,0.0004662656574510038
1648797316.3352485,12887,0.001466643181629479
1648797316.8077457,12917,0.0017271838150918484
1648797316.8535423,12920,0.0001240547135239467
1648797317.5130572,12962,1.4983602341089863e-05
1648797318.160478,13003,0.00026854060706682503
1648797318.2230716,13007,0.00010037217725766823
1648797318.6463044,13034,0.00018166727386415005
1648797318.6934407,13037,0.00021421804558485746
1648797318.7236147,13039,0.00018581429321784526
1648797318.8317254,13046,0.0005248509696684778
1648797319.240624,13072,0.0005821579834446311
1648797319.4160435,13083,0.0022853969130665064
1648797319.43024,13084,0.00016181482351385057
1648797319.5553658,13092,0.0015282903332263231
1648797319.6805487,13100,0.0002807533892337233
1648797319.7444263,13104,0.0002338087506359443
1648797319.884677,13113,0.00044925883412361145
1648797321.8752627,13150,0.00014321156777441502
1648797322.126464,13166,0.00032173519139178097
1648797322.3126235,13178,0.0012487464118748903
1648797322.360359,13181,0.00017913681222125888
1648797322.5476632,13193,0.0004126242420170456
1648797323.0810695,13227,0.00022056042507756501
1648797323.190609,13234,0.00020604442397598177
1648797323.3482354,13244,0.00019924499792978168
1648797323.5519872,13257,0.0004286553303245455
1648797323.7691102,13271,0.0001733845565468073
1648797323.9553056,13283,0.000604706525336951
1648797324.285151,13304,0.0003750175819732249
1648797324.6280894,13325,0.00024500832660123706
1648797324.9289045,13344,0.0002228361991001293
1648797325.1890554,13360,0.0005095778033137321
1648797325.6129615,13386,0.0003629951097536832
1648797325.711005,13392,0.00012992987467441708
1648797325.7434068,13394,5.3220035624690354e-05
1648797326.0014179,13410,0.0003706941206473857
1648797327.0458927,13474,0.0001479045022279024
1648797327.0624385,13475,6.0067253798479214e-05
1648797327.4601135,13500,0.00015574548160657287
1648797328.9503417,13594,0.00014717431622557342
1648797330.5443993,13604,0.00022692978382110596
1648797331.52324,13667,0.00017039995873346925
1648797331.7373397,13681,0.010728550143539906
1648797331.785451,13684,0.00020428640709724277
1648797332.262252,13715,0.00012742458784487098
1648797332.417289,13725,0.0002865444985218346
1648797333.288974,13780,0.0002481561969034374
1648797333.4398754,13789,8.658419392304495e-05
1648797333.5219367,13794,0.00021860677225049585
1648797333.5902753,13798,0.0001286375627387315
1648797333.6224456,13800,8.313737635035068e-05
1648797333.9182553,13818,0.0002831501478794962
1648797334.093603,13828,8.83388493093662e-05
1648797334.479086,13850,0.00012998156307730824
1648797334.6040218,13856,0.0005029624444432557
1648797334.7478285,13864,3.7669196899514645e-05
1648797334.9241836,13875,0.00015014965902082622
1648797335.211494,13892,5.794295793748461e-05
1648797335.429367,13904,0.0003769537142943591
1648797336.2986836,13958,0.00017522330745123327
1648797336.754508,13984,0.00012688097194768488
1648797336.7853,13986,0.00010816482972586527
1648797336.8652933,13991,0.00011014471238013357
1648797336.9921815,13999,0.00042359947110526264
1648797337.1328228,14008,0.00026097858790308237
1648797337.3251238,14020,9.699223301140592e-05
1648797337.3408246,14021,0.00039378966903313994
1648797337.5481422,14034,0.00032356882002204657
1648797337.950961,14057,0.0001629156613489613
1648797338.0759902,14065,0.0003674057952594012
1648797338.1268291,14068,8.577546395827085e-05
1648797338.1369493,14069,0.000278350809821859
