,Wall time,Step,Value
0,1648806993.9464612,10,2.314324140548706
1,1648806994.0736425,18,2.2737837632497153
2,1648806994.1041515,20,2.2089129288991294
3,1648806994.2016566,26,2.1834354400634766
4,1648806994.4091778,39,2.0474295218785605
5,1648806994.490518,44,1.4995730717976887
6,1648806994.5673385,49,1.209175209204356
7,1648806994.6015563,51,1.1721482177575429
8,1648806994.9000807,70,1.0757891635100048
9,1648806994.9160054,71,0.9468984752893448
10,1648806994.9350927,72,0.9964130620161694
11,1648806994.9982195,76,0.9839964707692462
12,1648806995.0471156,79,0.9156215886274973
13,1648806995.1736436,87,0.7889054665962857
14,1648806995.2504225,92,0.722154567639033
15,1648806995.3161807,96,0.7436383962631226
16,1648806995.4629157,105,0.6646636923154196
17,1648806995.6504052,117,0.5762533396482468
18,1648806995.948119,136,0.41271266837914783
19,1648806996.0260825,141,0.4366185963153839
20,1648806996.4342413,167,0.3533633251984914
21,1648806996.7373068,186,0.2995131313800812
22,1648806997.3893752,227,0.2618108441432317
23,1648806997.4048014,228,0.21980470418930054
24,1648806997.735068,249,0.22193865478038788
25,1648806997.9392984,262,0.17849658926328024
26,1648806998.1895034,278,0.224186435341835
27,1648806998.23559,281,0.20725852747758225
28,1648806998.3935986,291,0.15793717652559275
29,1648806998.645727,307,0.19827273984750113
30,1648806999.1566324,340,0.16761776308218634
31,1648806999.5161965,363,0.14345743755499515
32,1648806999.5315895,364,0.12040554235378896
33,1648806999.660083,372,0.14131035407384232
34,1648806999.740086,377,0.12851846466461814
35,1648806999.7708335,379,0.1545757502317428
36,1648806999.979611,392,0.19655023515224454
37,1648807000.1986785,406,0.20456826190153757
38,1648807000.4803903,424,0.12028125673532482
39,1648807000.6365464,434,0.15957962969938908
40,1648807000.7459116,441,0.16189860055843985
41,1648807000.7614098,442,0.12898287860055757
42,1648807001.0905068,463,0.09317884097496665
43,1648807002.7451496,471,0.1418044343590736
44,1648807002.9327652,483,0.11046490569909406
45,1648807003.2123945,501,0.08451401690642034
46,1648807004.0117276,553,0.1705008720358212
47,1648807004.1676433,563,0.13490088532368336
48,1648807004.3374455,574,0.12382699797550833
49,1648807004.4316866,580,0.10322710374991094
50,1648807004.5654993,588,0.1059565519293149
51,1648807004.6213453,591,0.09654193868239713
52,1648807005.1921318,624,0.1016074493527412
53,1648807005.2590542,628,0.11045928051074344
54,1648807005.3208225,632,0.09170798460642489
55,1648807005.578213,648,0.08437261233727138
56,1648807005.8143508,663,0.07020586170256134
57,1648807005.829757,664,0.08422833432753878
58,1648807006.0512133,678,0.09123822549978887
59,1648807006.0980985,681,0.06789137795567511
60,1648807006.401428,700,0.07001313318808866
61,1648807006.7347777,721,0.09425261740883188
62,1648807006.9392817,734,0.09013411402702326
63,1648807007.4277158,764,0.11809125294287996
64,1648807007.5065897,769,0.06547941764195757
65,1648807007.6768706,780,0.11075252480804916
66,1648807007.8346846,790,0.09830868616700167
67,1648807008.2840765,819,0.06688734268148737
68,1648807008.3921862,826,0.1256268148620923
69,1648807008.7899888,851,0.083369992673397
70,1648807008.8054423,852,0.07096012247105436
71,1648807008.8210196,853,0.136136586467425
72,1648807008.8824391,857,0.04683813701073323
73,1648807009.4534922,893,0.06682974472641941
74,1648807009.6230712,904,0.06286199949681757
75,1648807009.6868565,908,0.13268082092205677
76,1648807009.762705,913,0.09808754672606779
77,1648807010.092864,934,0.06375517696142192
78,1648807012.0133314,965,0.07806390523910516
79,1648807012.1679108,975,0.09346069519718485
80,1648807012.608047,1003,0.0498996463914712
81,1648807012.73236,1011,0.09542415042718248
82,1648807012.9053843,1022,0.09160184860229491
83,1648807012.967458,1026,0.11328963438669837
84,1648807013.2966452,1047,0.05806561807791386
85,1648807013.8392477,1081,0.05732882519563034
86,1648807013.8894167,1084,0.14107505728801087
87,1648807014.0036185,1091,0.04441306864221887
88,1648807014.097484,1097,0.0418381821364164
89,1648807014.533101,1124,0.04975534727176026
90,1648807014.5656855,1126,0.020124579779803736
91,1648807014.6268675,1130,0.038014116076131595
92,1648807014.7360735,1137,0.0804795244087775
93,1648807014.751577,1138,0.0345577988773584
94,1648807015.0197494,1155,0.052768183872103636
95,1648807015.174971,1165,0.06451264520486193
96,1648807015.2063093,1167,0.0498063464959462
97,1648807015.253661,1170,0.05729625808695948
98,1648807016.0200047,1218,0.07507198924819623
99,1648807016.206836,1230,0.07684435416012997
100,1648807016.4905708,1248,0.06300364124278228
101,1648807016.5386684,1251,0.10096437049408748
102,1648807016.8405516,1270,0.0556684869031111
103,1648807016.9844394,1279,0.0643200694272915
104,1648807017.2384176,1295,0.03839720847705996
105,1648807017.3494134,1302,0.04197983692089713
106,1648807017.5051565,1312,0.07311180171867206
107,1648807017.8077078,1331,0.09129088620344794
108,1648807018.1236596,1351,0.09717332447568572
109,1648807018.1540053,1353,0.07791490604480104
110,1648807018.3906326,1368,0.07861124599973357
111,1648807018.4061413,1369,0.06718245645364124
112,1648807018.583739,1380,0.07248439577718574
113,1648807018.8044813,1394,0.05868898766736184
114,1648807020.5253284,1413,0.015407688450068199
115,1648807021.8004577,1487,0.06955647965272264
116,1648807021.8848708,1492,0.04666797940929726
117,1648807021.970043,1497,0.08692209050059313
118,1648807021.99216,1498,0.04697656010588006
119,1648807022.2182522,1511,0.046775156011184
120,1648807022.5955358,1531,0.06560864920417467
121,1648807022.6849906,1536,0.05538861205180479
122,1648807023.100644,1558,0.047728502502043996
123,1648807023.5595589,1585,0.07183811937769251
124,1648807023.6070073,1588,0.031824874691665096
125,1648807023.9241946,1608,0.05510334980984527
126,1648807024.2694485,1627,0.05794886623819667
127,1648807024.5683792,1644,0.0604548628131548
128,1648807024.6573832,1649,0.0356403030455112
129,1648807025.463277,1696,0.0507939911137024
130,1648807025.4786627,1697,0.04938153674205137
131,1648807025.7661724,1715,0.09446660180886583
132,1648807026.2607472,1744,0.044834150001406635
133,1648807026.294618,1746,0.021743149496614902
134,1648807026.43565,1755,0.04943551650891694
135,1648807026.7144954,1773,0.0623881767193476
136,1648807026.9835188,1789,0.0440299318482478
137,1648807027.55631,1824,0.10365875158458943
138,1648807027.6170876,1828,0.09241450081268943
139,1648807027.7460716,1836,0.02779681763301287
140,1648807027.805541,1840,0.0416421710203091
141,1648807028.2291522,1867,0.022139426010350297
142,1648807028.2446718,1868,0.10111330449581142
143,1648807028.2602282,1869,0.09350830006102716
144,1648807028.293731,1871,0.0744236459334691
145,1648807028.3284094,1873,0.06073418011267973
146,1648807030.3675587,1912,0.020637100872894068
147,1648807030.447067,1917,0.06767437358697252
148,1648807030.6967769,1933,0.0339893760780493
149,1648807031.2135494,1966,0.06461351613203682
150,1648807031.244542,1968,0.04875452630221836
151,1648807031.454283,1981,0.09948483342304824
152,1648807031.534919,1986,0.07132279127836226
153,1648807031.827787,2004,0.056518174707889536
154,1648807031.9417346,2011,0.048645695671439095
155,1648807032.0207393,2015,0.041653846700986166
156,1648807032.589028,2048,0.11448373707632224
157,1648807032.909805,2068,0.060423508907357794
158,1648807033.2467377,2089,0.0471332065450648
159,1648807033.3121266,2093,0.033014193798104864
160,1648807033.343866,2095,0.03622215458502367
161,1648807033.7216167,2119,0.04575879142309223
162,1648807033.7513435,2121,0.031929173196355465
163,1648807033.9536486,2134,0.02052868297323583
164,1648807034.0319996,2139,0.04569423384964463
165,1648807034.077308,2142,0.0632267637799183
166,1648807034.3954492,2162,0.04614564543589947
167,1648807034.4411118,2165,0.041759381381173875
168,1648807034.656814,2179,0.03641459469993904
169,1648807034.8151245,2189,0.023013997900610098
170,1648807034.8602028,2192,0.042201357583204833
171,1648807035.1749678,2212,0.029255926143378002
172,1648807035.1904132,2213,0.029520615314443863
173,1648807035.588275,2238,0.13535761833190912
174,1648807035.6647377,2243,0.07941711942354836
175,1648807035.984844,2263,0.0708767287433147
176,1648807036.2217307,2278,0.08719790106018378
177,1648807036.3574483,2286,0.1154962660123904
178,1648807036.3719552,2287,0.05523404665291304
179,1648807037.2171094,2340,0.059566135207811934
180,1648807037.233051,2341,0.06147502362728117
181,1648807038.8716896,2350,0.05546193011105053
182,1648807038.9039805,2352,0.057971073314547504
183,1648807038.9384148,2354,0.03638655257721737
184,1648807039.590895,2390,0.0320738138010104
185,1648807039.7231004,2398,0.012130833230912635
186,1648807040.558261,2450,0.016700357198715165
187,1648807040.6994126,2459,0.0507871955633163
188,1648807040.714611,2460,0.03794156511624647
189,1648807041.001761,2478,0.026453462739785504
190,1648807041.129978,2486,0.05787713577349973
191,1648807041.676408,2519,0.05413147682944927
192,1648807041.7773037,2525,0.013091121567413168
193,1648807041.8420658,2529,0.052419646332661274
194,1648807041.890277,2532,0.050734382122754995
195,1648807041.984796,2538,0.06766903027892107
196,1648807042.0491295,2542,0.0654297986378272
197,1648807042.1455755,2548,0.06353421509265897
198,1648807042.164133,2549,0.27809506654739374
199,1648807043.126043,2610,0.09699544558922446
200,1648807043.19202,2614,0.03625645985205967
201,1648807043.67848,2644,0.10085188597440713
202,1648807043.7310648,2647,0.029817384202033236
203,1648807043.8343606,2653,0.03571032608548793
204,1648807043.9847069,2662,0.11546228080987926
205,1648807044.01888,2664,0.0388801756004492
206,1648807044.0344346,2665,0.05098474894960717
207,1648807044.2158942,2676,0.043632458895444835
208,1648807046.1847272,2796,0.062141909574468863
209,1648807046.2348173,2799,0.039750862866640035
210,1648807046.2810397,2802,0.45029072975739837
211,1648807046.455124,2813,0.13515713609134153
212,1648807048.1890624,2829,0.040149000783761296
213,1648807048.581458,2854,0.024270617713530836
214,1648807049.0084567,2881,0.0485696448013186
215,1648807049.5349128,2909,0.0383167134908338
216,1648807049.8573587,2926,0.0549007691442966
217,1648807049.9958386,2933,0.05661937656501923
218,1648807050.3090985,2949,0.027217761923869432
219,1648807050.3874383,2953,0.0343883782625198
220,1648807050.6879215,2970,0.021980425032476533
221,1648807050.7332685,2973,0.0391323367754618
222,1648807051.1699257,2999,0.06882814814647037
223,1648807051.3957098,3011,0.0432518183564146
224,1648807051.6668484,3026,0.03179577551782126
225,1648807051.7156787,3029,0.08310924470424647
226,1648807052.0633314,3050,0.02468361519277093
227,1648807052.2546735,3062,0.025000642985105462
228,1648807052.4419074,3074,0.043364965977768066
229,1648807052.683803,3089,0.0125487684272229
230,1648807052.8402257,3099,0.073991239691774
231,1648807052.9347637,3105,0.13418567553162572
232,1648807053.1257088,3117,0.059962604194879476
233,1648807053.2673593,3126,0.08656346239149566
234,1648807053.5713573,3145,0.09384594764560457
235,1648807053.6343756,3149,0.02648608231296137
236,1648807053.665925,3151,0.06064143621673183
237,1648807054.019282,3173,0.07661471950511133
238,1648807054.5659986,3208,0.04554312055309606
239,1648807054.6558912,3214,0.016531126884122633
240,1648807055.0901852,3242,0.011940808811535433
241,1648807055.3598025,3259,0.040493410080671234
242,1648807058.0012245,3331,0.0491365641355514
243,1648807058.3318825,3351,0.036959189300735766
244,1648807058.458397,3359,0.044030336042245176
245,1648807058.7763343,3379,0.025146563847859668
246,1648807058.9477,3390,0.0696686351050933
247,1648807058.996186,3393,0.02432674821466203
248,1648807059.0421586,3396,0.030999861657619435
249,1648807059.3799603,3417,0.022836413234472233
250,1648807059.410979,3419,0.04102021890381966
251,1648807059.771081,3442,0.0395739317561189
252,1648807059.8178794,3445,0.0568491915861765
253,1648807060.0375078,3459,0.008400481039037266
254,1648807060.1476734,3466,0.06512966814140474
255,1648807060.2727096,3474,0.013212841469794465
256,1648807060.337477,3478,0.0372136911998192
257,1648807060.3845532,3481,0.04631306510418651
258,1648807060.4153748,3483,0.0439980200802286
259,1648807060.8404207,3510,0.05187605445583654
260,1648807061.1129966,3527,0.028264743120719932
261,1648807061.2558384,3536,0.04452593127886447
262,1648807061.3984332,3545,0.057779584079980795
263,1648807061.4332554,3547,0.04342292870084443
264,1648807061.4472876,3548,0.039914891744653326
265,1648807061.6180885,3559,0.04318484819183743
266,1648807062.642736,3624,0.022395446896553
267,1648807062.9012852,3640,0.034812796240051534
268,1648807062.9175873,3641,0.0420484803617
269,1648807063.06055,3650,0.054075542216499566
270,1648807063.446567,3674,0.05460347359379127
271,1648807063.4622197,3675,0.038740892584125164
272,1648807063.9315376,3704,0.06204600259661667
273,1648807064.110814,3715,0.02429615302632247
274,1648807064.222983,3722,0.029760370651880867
275,1648807064.2560863,3724,0.0362196718342602
276,1648807064.532391,3741,0.046366687864065094
277,1648807066.304593,3762,0.021693842951208298
278,1648807066.3353062,3764,0.04362317236761246
279,1648807066.5376992,3777,0.05232715109984076
280,1648807066.6803424,3786,0.0226591707517703
281,1648807066.9445462,3803,0.010954782444362765
282,1648807067.164924,3817,0.015624776793022899
283,1648807067.7819078,3852,0.017860563782354167
284,1648807067.8962312,3858,0.0388884358108043
285,1648807067.9734251,3862,0.0575930991520484
286,1648807068.5286586,3896,0.04598306740323697
287,1648807068.7648926,3911,0.0354107950503627
288,1648807068.7826736,3912,0.05398934955398236
289,1648807069.4046664,3951,0.02551221548734847
290,1648807069.5443566,3960,0.017041511523226832
291,1648807069.625578,3965,0.0215009354675809
292,1648807069.8463595,3978,0.0208275746554136
293,1648807070.6198049,4026,0.035182256251573535
294,1648807070.6698854,4029,0.013524632590512398
295,1648807070.7010722,4031,0.04937670224656657
296,1648807070.9705296,4048,0.0613328044613202
297,1648807071.5700414,4085,0.038858159134785304
298,1648807071.683095,4092,0.017997318471316203
299,1648807072.1606927,4122,1.0733401762942474
300,1648807072.334272,4133,0.21178355937202772
301,1648807072.488746,4143,0.14266601577401156
302,1648807072.5353556,4146,0.05905141510690246
303,1648807073.1617618,4186,0.28168868211408454
304,1648807073.5119443,4208,0.11780212540179487
305,1648807073.5608768,4211,0.0576078879336516
306,1648807075.2886126,4226,0.0468799443915486
307,1648807076.4408772,4294,0.08666218072175973
308,1648807076.6820798,4308,0.09955030928055442
309,1648807076.989589,4326,0.04954532658060387
310,1648807077.608066,4361,0.0355915557593107
311,1648807078.034986,4384,0.016956749061743367
312,1648807078.221676,4395,0.02383607796703773
313,1648807078.4005668,4405,0.03212023961047327
314,1648807078.5243845,4412,0.03709242555002363
315,1648807078.5403922,4413,0.027326369658112498
316,1648807078.5888307,4416,0.009310830229272399
317,1648807078.9281597,4433,0.03196614918609456
318,1648807079.049037,4440,0.0163168523771067
319,1648807079.08855,4442,0.014523806360860633
320,1648807079.1232562,4444,0.029580726288259
321,1648807079.4635806,4463,0.05758093421657876
322,1648807079.8031828,4481,0.035203539455930334
323,1648807079.933668,4488,0.021761298800508134
324,1648807080.001519,4492,0.028004346415400432
325,1648807080.15833,4501,0.03905178420245644
326,1648807080.3725526,4514,0.015872474759817068
327,1648807080.3885748,4515,0.03658178867772217
328,1648807080.505352,4522,0.023800654686056032
329,1648807080.5218236,4523,0.04815491195768117
330,1648807080.6859694,4533,0.053305140075584206
331,1648807081.1902282,4564,0.026589203625917397
332,1648807081.5160124,4583,0.027018504838148702
333,1648807081.6623178,4591,0.3860927385588486
334,1648807081.6776648,4592,0.08745763963088389
335,1648807081.7256372,4595,0.0930780603860815
336,1648807081.915691,4607,0.0656545075277487
337,1648807081.932951,4608,0.0331702198212345
338,1648807082.1078176,4619,0.016154731934269233
339,1648807082.7653017,4659,0.06708793714642519
340,1648807083.0361888,4676,0.11275997261206301
341,1648807084.8466332,4697,0.03229308562974129
342,1648807085.0657086,4711,0.0272930168236295
343,1648807085.3199656,4727,0.020232235391934666
344,1648807085.524479,4740,0.03445648169144987
345,1648807085.93442,4766,0.08016685396432872
346,1648807085.9494653,4767,0.037701003253459896
347,1648807086.011608,4771,0.06336104745666181
348,1648807086.0601847,4774,0.06388641521334644
349,1648807086.12353,4778,0.025621620860571598
350,1648807086.1377368,4779,0.040825797865788105
351,1648807086.1562667,4780,0.014676149624089368
352,1648807086.4517903,4799,0.046397229346136194
353,1648807087.00181,4834,0.08648268878459923
354,1648807087.332858,4855,0.0719260644788543
355,1648807087.807258,4885,0.0395819498226046
356,1648807088.010537,4898,0.06184570118784897
357,1648807088.2810469,4915,0.0506429312129815
358,1648807088.518442,4930,0.14259471992651615
359,1648807088.8011255,4948,0.05402905571584896
360,1648807089.2557075,4977,0.03398973463724053
361,1648807089.3022406,4980,0.05197706570227937
362,1648807089.6806903,5004,0.04477312726279097
363,1648807089.696427,5005,0.04040922534962487
364,1648807089.995591,5024,0.03224694356322284
365,1648807090.0444338,5027,0.0300428069507082
366,1648807091.177323,5099,0.013319912677009833
367,1648807091.395296,5113,0.0085627678005645
368,1648807091.489652,5119,0.0224974161634842
369,1648807091.6632583,5130,0.031968511641025495
370,1648807091.946745,5148,0.025231560381750232
371,1648807093.7602298,5173,0.027815461469193264
372,1648807093.775906,5174,0.042374798407157195
373,1648807093.8573153,5179,0.04141263787945107
374,1648807093.9196212,5183,0.04610083073688046
375,1648807094.0008996,5188,0.04072109547754126
376,1648807094.25589,5204,0.04445378140856813
377,1648807094.592203,5225,0.0143123480180899
378,1648807094.6572564,5229,0.0364320427179336
379,1648807094.7177513,5233,0.034331492148339665
380,1648807094.8762648,5243,0.028207387775182696
381,1648807095.580233,5288,0.027056607728203102
382,1648807095.7062404,5296,0.028135385674734868
383,1648807095.8329515,5304,0.018962319629887665
384,1648807095.8661904,5306,0.07067255179087317
385,1648807095.927398,5310,0.031092904624529166
386,1648807096.2621074,5331,0.030494732161362934
387,1648807096.4707112,5344,0.03905131326367453
388,1648807096.6115696,5353,0.03986338029305134
389,1648807096.7572255,5362,0.0286226461951931
390,1648807097.02569,5379,0.022205795471866897
391,1648807097.1653464,5388,0.0431234054267406
392,1648807097.3690827,5401,0.023105628633250733
393,1648807097.8412602,5431,0.033411460307737166
394,1648807097.934874,5437,0.035426934560139935
395,1648807098.0300713,5443,0.02459729866435127
396,1648807098.3196435,5461,0.04353911926349
397,1648807098.4192872,5467,0.014374982953692432
398,1648807098.8296833,5493,0.023088061405966632
399,1648807098.9424732,5500,0.027451611589640334
400,1648807099.38937,5528,0.0138861586650212
401,1648807099.5779362,5540,0.0288928759594758
402,1648807099.7367473,5550,1.3504809240500133
403,1648807100.0521202,5570,0.10591358660409844
404,1648807100.1319363,5575,0.20204824022948742
405,1648807100.227572,5581,0.1819365909323096
406,1648807100.2590003,5583,0.21619366419812044
407,1648807100.3248074,5587,0.1636341341460744
408,1648807102.5024688,5634,0.04866975297530487
409,1648807102.6278715,5642,0.06854080269113176
410,1648807103.1947162,5677,0.03280984105852736
411,1648807103.6492329,5705,0.05228937293092406
412,1648807103.9313898,5723,0.04336285690078507
413,1648807103.9644957,5725,0.0781331695616245
414,1648807104.1352532,5736,0.026354789229420267
415,1648807104.336496,5749,0.04478543337124083
416,1648807104.6333375,5768,0.05673838313668963
417,1648807104.697251,5772,0.05656526423990723
418,1648807104.7748013,5777,0.0709464537600676
419,1648807104.8056836,5779,0.057362279544273996
420,1648807105.501371,5824,0.04757265870769813
421,1648807105.7373838,5839,0.21525605767965317
422,1648807106.9607463,5917,0.149385103820047
423,1648807107.0236747,5921,0.08345420386952657
424,1648807107.3355277,5941,0.0693297150234381
425,1648807107.4285302,5947,0.08710229707260919
426,1648807107.7765625,5969,0.04175031495591
427,1648807107.871785,5975,0.08336543788512547
428,1648807108.578715,6020,0.054990012198686565
429,1648807108.8157198,6035,0.04187594354152674
430,1648807109.2103078,6060,0.016753582283854433
431,1648807109.3205807,6067,0.07820577050248777
432,1648807109.639959,6087,0.024059338960796567
433,1648807111.3329878,6099,0.06307392691572504
434,1648807112.2709403,6157,0.01411174517124887
435,1648807112.2879949,6158,0.05058387232323483
436,1648807112.5559554,6175,0.022394773860772366
437,1648807112.7933118,6190,0.0198546076814333
438,1648807112.9524713,6200,0.04459766034657753
439,1648807113.7231808,6249,0.017525527471055534
440,1648807113.8443935,6257,0.033396379090845536
441,1648807113.9049563,6261,0.008041550094882602
442,1648807114.0132394,6268,0.012621996769060667
443,1648807114.0475638,6270,0.0833811188737551
444,1648807114.1226578,6275,0.035499840974807705
445,1648807114.30936,6287,0.27728016301989555
446,1648807115.0292351,6332,0.019759661285206634
447,1648807115.093817,6336,0.09861925306419526
448,1648807115.219735,6344,0.04288123982648046
449,1648807115.3282497,6351,0.011718145571649033
450,1648807115.392111,6355,0.042305145412683404
451,1648807115.6892917,6374,0.0258349392873545
452,1648807116.0001323,6394,0.04349167707065737
453,1648807116.0659294,6398,0.05771590303629629
454,1648807116.460626,6423,0.032372334972023936
455,1648807116.6699762,6436,0.03750895118961723
456,1648807116.703416,6438,0.02981826352576407
457,1648807116.782052,6443,0.0348378893298407
458,1648807116.7975042,6444,0.09918254117170965
459,1648807117.0850232,6462,0.019463754259049868
460,1648807117.244321,6472,0.0376048429558674
461,1648807117.5325105,6490,0.032919051280866
462,1648807117.8621197,6511,0.03151321721573667
463,1648807117.926442,6515,0.051000001529852505
464,1648807118.1329274,6528,0.07154192402958863
465,1648807118.2276833,6534,0.006374249778067001
466,1648807118.291669,6538,0.0390055030584335
467,1648807118.3070636,6539,0.016741650644689732
468,1648807118.432763,6547,0.03348447211707627
469,1648807118.527939,6553,0.03003138086448107
470,1648807120.6222622,6595,0.056282059599955796
471,1648807120.9421518,6613,0.023912026663310767
472,1648807121.0008335,6616,0.02941073166827357
473,1648807121.7608955,6656,0.054799764727552706
474,1648807121.9123924,6664,0.026687337007994433
475,1648807122.0893102,6675,0.025403698751081966
476,1648807122.4318168,6697,0.012081107900788366
477,1648807122.9144044,6728,0.09716526977717872
478,1648807123.6105845,6771,0.02696995049094157
479,1648807123.7420352,6778,0.011455319356173234
480,1648807123.854224,6784,0.03345369640737767
481,1648807123.984979,6791,0.015238859457895099
482,1648807124.1743834,6801,0.020445880790551468
483,1648807124.3994265,6813,0.0030928315827622667
484,1648807124.8429244,6840,0.0397904068231582
485,1648807125.0494385,6853,0.0619232468307018
486,1648807125.2050457,6863,0.037155575817450805
487,1648807125.548316,6885,0.016386252827942333
488,1648807126.2077863,6927,0.06698185826341303
489,1648807126.424735,6941,0.010199065941075433
490,1648807126.532535,6948,0.017476123447219466
491,1648807126.5789568,6951,0.011543793603777835
492,1648807126.5947435,6952,0.0108739294422169
493,1648807126.705984,6959,0.0072683125423887995
494,1648807126.8466082,6968,0.014505927295734402
495,1648807127.1750336,6989,0.007307948156570332
496,1648807127.379459,7002,0.036513033633430766
497,1648807127.6806333,7021,0.03314359284316493
498,1648807129.414635,7040,0.04050720529630777
499,1648807129.6042724,7052,0.022279813885688737
500,1648807129.712331,7059,0.0162889002046237
501,1648807129.9597266,7075,0.07054938484604156
502,1648807130.149551,7087,0.0293876603245735
503,1648807130.1650486,7088,0.0117942990424732
504,1648807130.3222315,7098,0.05405535766233996
505,1648807130.8687644,7133,0.0455401663978894
506,1648807131.293901,7160,0.007419372908771
507,1648807131.4194016,7168,0.030826652422547302
508,1648807132.0280776,7206,0.029564575913051738
509,1648807132.203045,7217,0.039084950229153
510,1648807132.7844532,7254,0.015947850110630168
511,1648807133.0043774,7268,0.006953089187542533
512,1648807133.397913,7293,0.0185372629979004
513,1648807133.5548398,7303,0.020077370107173868
514,1648807133.6485517,7309,0.042918162420392
515,1648807134.328605,7351,0.0060548166123528665
516,1648807134.3597934,7353,0.07260284208071723
517,1648807134.409309,7356,0.024470798360804666
518,1648807134.502016,7361,0.010566910884032601
519,1648807134.6388834,7368,0.05596587372322873
520,1648807134.8087397,7378,0.022720299040277767
521,1648807134.839771,7380,0.017646611086092834
522,1648807135.04685,7393,0.0151526924843589
523,1648807135.1570003,7400,0.020503508392721366
524,1648807135.3664985,7413,0.04991204291582103
525,1648807135.382465,7414,0.012550055980682333
526,1648807135.7086086,7434,0.009127370081841899
527,1648807135.7894974,7439,0.02473572579522923
528,1648807135.916566,7447,0.021015030021468734
529,1648807136.0515423,7455,0.02609209405879177
530,1648807136.274367,7469,0.025444795532772863
531,1648807136.3592906,7474,0.013036615758513366
532,1648807136.45775,7480,0.0259235873818397
533,1648807136.590789,7487,0.03024628385901443
534,1648807136.621809,7489,0.06194094692667317
535,1648807138.3530564,7506,0.018250598261753667
536,1648807138.8815036,7539,0.01593447569757697
537,1648807139.010096,7547,0.027052673200766205
538,1648807139.1404843,7555,0.0323601509444415
539,1648807139.1558466,7556,0.0623168349266052
540,1648807139.316518,7566,0.03806359569231663
541,1648807139.735187,7590,0.016769235720857967
542,1648807140.0937915,7610,0.029829805095990466
543,1648807140.3128345,7624,0.005316976535444399
544,1648807140.5096867,7635,0.07428712692732606
545,1648807140.5273066,7636,0.08965259511023756
546,1648807140.5839808,7639,0.039613199730714095
547,1648807140.711817,7646,0.014369368553161566
548,1648807140.982349,7662,0.029231034529705834
549,1648807141.0142844,7664,0.0133608931597943
550,1648807141.0767915,7668,0.014983882972349668
551,1648807141.1904128,7675,0.03972237215687823
552,1648807141.2066004,7676,0.0358105568836132
553,1648807141.4389915,7689,0.022214349669714733
554,1648807141.6682985,7703,0.04166393106182414
555,1648807142.3302283,7740,0.06179260462522499
556,1648807142.3464353,7741,0.0020103484081724667
557,1648807142.8031597,7766,0.051607089738051067
558,1648807143.1720934,7786,0.006598552611346
559,1648807143.5023856,7805,0.015744763116041765
560,1648807143.6153984,7812,0.046824079938232864
561,1648807143.690971,7816,0.04390184705456093
562,1648807143.7853906,7821,0.014273255908240834
563,1648807143.807465,7822,0.023124132615824498
564,1648807143.843395,7824,0.028836827414731165
565,1648807143.8909366,7827,0.025106182942787766
566,1648807143.943965,7830,0.004046147068341534
567,1648807144.1106591,7839,0.03325599494079743
568,1648807144.1264305,7840,0.02186248575647667
569,1648807144.5089874,7862,0.04166603460907933
570,1648807144.7305698,7874,0.0122354583193858
571,1648807144.8505657,7881,0.0356827657669782
572,1648807145.013804,7890,0.01725602801889177
573,1648807145.0993333,7895,0.049145821481943096
574,1648807145.2487893,7903,0.004722741199657233
575,1648807145.2847705,7905,0.019838607249160534
576,1648807145.557957,7921,0.026736697802940967
577,1648807146.1605704,7955,0.0136152999475598
578,1648807146.3238475,7965,0.010417728840062966
579,1648807146.3726006,7968,0.029819063221414838
580,1648807148.008541,7980,0.02395322546362873
581,1648807148.4188764,8006,0.022055021021515065
582,1648807148.4987812,8011,0.045227041933685465
583,1648807148.6254754,8019,0.005878352249662033
584,1648807148.8792531,8035,0.0158715648576617
585,1648807148.941153,8039,0.038213727064430665
586,1648807149.2284749,8057,0.023664822491506667
587,1648807149.2755964,8060,0.006910583081965599
588,1648807149.3587146,8065,0.0310954836507638
589,1648807149.3884406,8067,0.03541051317006343
590,1648807149.8147273,8094,0.012712706074429035
591,1648807149.879156,8098,0.02517248503863803
592,1648807150.1779191,8117,0.023228404422601
593,1648807150.319161,8126,0.025637650396674833
594,1648807150.349626,8128,0.016435889876447566
595,1648807150.4753106,8136,0.021008995749677167
596,1648807150.6294672,8146,0.009494061504180166
597,1648807150.7379248,8153,0.013897817581892
598,1648807150.7548037,8154,0.009491856132323501
599,1648807151.0484204,8173,0.023616091658671633
600,1648807151.455222,8199,0.028675315280755332
601,1648807151.8971653,8227,0.0155172171071171
602,1648807152.6063452,8272,0.0281494960460501
603,1648807153.2297285,8312,0.052482682280242395
604,1648807153.4523797,8326,0.0477586743654683
605,1648807153.7813556,8347,0.0079926305140058
606,1648807154.2335885,8376,0.018880626031508
607,1648807154.8452358,8415,0.033161935086051565
608,1648807154.8600123,8416,0.028152433844904068
609,1648807155.0135715,8426,0.009711935922193
610,1648807155.156556,8435,0.0272356932982802
611,1648807155.244847,8441,0.04257181492478893
612,1648807157.167301,8472,0.02020470580706993
613,1648807157.5810826,8498,0.006099739422400767
614,1648807157.7245083,8507,0.022662127681542132
615,1648807157.9490986,8521,0.0082507574309905
616,1648807158.2044988,8537,0.021433063627531102
617,1648807158.428281,8551,0.0093545210547745
618,1648807158.7211535,8569,0.024058290291577532
619,1648807158.803044,8574,0.0087555547555287
620,1648807158.8183434,8575,0.006621131828675633
621,1648807159.0578706,8590,0.022316388785838998
622,1648807159.1039991,8593,0.026431029662489836
623,1648807159.1196675,8594,0.0046587105219561996
624,1648807159.2158213,8600,0.023928669863380464
625,1648807159.9666564,8647,0.014620915520936235
626,1648807160.03267,8651,0.03401755743349586
627,1648807160.158609,8659,0.01575930688219763
628,1648807160.6570528,8691,0.010937869548797566
629,1648807161.1323152,8721,0.02510014874860637
630,1648807161.7306173,8759,0.006666343406929266
631,1648807162.7796063,8825,0.023365231851736668
632,1648807162.904704,8833,0.024808497594979866
633,1648807162.9952571,8839,0.020507796357075333
634,1648807163.057865,8843,0.0090248013536135
635,1648807163.1809244,8851,0.0079360554227605
636,1648807163.2595515,8856,0.022143326699733696
637,1648807163.27431,8857,0.02277297743906573
638,1648807163.3531532,8862,0.027280335314571802
639,1648807163.3688586,8863,0.025280867082377232
640,1648807163.8598075,8894,0.04203230371543513
641,1648807164.0990665,8909,0.03183647120992337
642,1648807165.6018972,8911,0.015470146977653032
643,1648807165.805166,8924,0.017401250506130297
644,1648807165.852665,8927,0.004355134073800033
645,1648807165.899618,8930,0.010471011046320167
646,1648807166.6021132,8974,0.008993234485387733
647,1648807166.7485943,8983,0.0116056844514484
648,1648807166.7642765,8984,0.0018771051739652333
649,1648807167.388952,9023,0.007929595109696133
650,1648807167.6281946,9038,0.025202012465645834
651,1648807167.6915157,9042,0.008095413562841667
652,1648807167.8204834,9050,0.017254872092356235
653,1648807167.9481778,9058,0.04948708147276187
654,1648807168.1708686,9072,0.010646268143318533
655,1648807168.3552032,9084,0.011139409771809898
656,1648807168.5761883,9098,0.007062839771
657,1648807168.684959,9105,0.011704820421679535
658,1648807168.7032514,9106,0.0028376200934871667
659,1648807168.794754,9112,0.004930454655550367
660,1648807168.8283477,9114,0.0022353698053241334
661,1648807168.859194,9116,0.014371995193262864
662,1648807169.5350416,9159,0.028167956586306234
663,1648807169.6333156,9165,0.012392348609864665
664,1648807169.965124,9186,0.013800368489076632
665,1648807170.536573,9222,0.0104146151182552
666,1648807170.5521488,9223,0.0044862586073577
667,1648807171.5051358,9283,0.0122510057408362
668,1648807171.6486256,9292,0.010887012972185967
669,1648807172.0139167,9315,0.0098416483572994
670,1648807172.092618,9320,0.04179601844710604
671,1648807172.2201283,9328,0.04042851862808063
672,1648807172.3491976,9336,0.012100768120338466
673,1648807172.8667274,9368,0.002950601900617233
674,1648807173.0112908,9377,0.03574902680702503
675,1648807174.4930232,9381,0.0390565143898129
676,1648807174.6188886,9389,0.0103677348233759
677,1648807175.0844858,9419,0.016898238410552335
678,1648807175.4157794,9440,0.011012289828310333
679,1648807175.4649336,9443,0.017255842530478998
680,1648807175.8476737,9467,0.0099690769760248
681,1648807175.943897,9473,0.010159295983612501
682,1648807176.5244646,9510,0.08138269806901609
683,1648807176.5581048,9512,0.018638466135598667
684,1648807176.5882142,9514,0.007052878538767435
685,1648807176.6527426,9518,0.012719207908958167
686,1648807176.826959,9529,0.023638384416699337
687,1648807176.8421865,9530,0.004425848290945067
688,1648807176.9075797,9534,0.024559072218835337
689,1648807177.3000672,9559,0.006930110199997767
690,1648807177.3639302,9563,0.021325075222800135
691,1648807177.853542,9594,0.010940056041969565
692,1648807178.4805543,9634,0.021868150370816335
693,1648807178.7636523,9652,0.028533680674930367
694,1648807178.8569562,9658,0.0051630996167659335
695,1648807179.046581,9670,0.015425112408896234
696,1648807179.603695,9705,0.0097975461588551
697,1648807180.013258,9731,0.0103648487323274
698,1648807180.0599935,9734,0.003186564426869133
699,1648807180.2976744,9749,0.003980305511504333
700,1648807180.4226887,9757,0.0053933749441057
701,1648807180.437722,9758,0.023304628829161265
702,1648807180.4839718,9761,0.0137910218909382
703,1648807180.5613463,9766,0.0085707013495266
704,1648807180.6695642,9773,0.019612477005769766
705,1648807180.7145329,9776,0.025783004627252564
706,1648807180.7307208,9777,0.005374283917869066
707,1648807180.948603,9791,0.0231387711440523
708,1648807180.997166,9794,0.0052890538548429665
709,1648807181.1094513,9801,0.0064364440428713665
710,1648807181.4095385,9820,0.0028193834004923003
711,1648807181.5181985,9827,0.008854991057887633
712,1648807181.550058,9829,0.012225403916090699
713,1648807181.6291437,9834,0.009615443724517966
714,1648807183.4394069,9858,0.0021868899154165664
715,1648807183.62353,9869,0.0125526379173
716,1648807183.6417334,9870,0.0050654029861713
717,1648807183.7869978,9879,0.027952520176768265
718,1648807183.866021,9884,0.012431941519025666
719,1648807183.975756,9891,0.007280945622672601
720,1648807184.0558956,9896,0.0055635235427567995
721,1648807184.5105712,9925,0.0200442957381407
722,1648807184.6797686,9936,0.012050156986030397
723,1648807184.997684,9956,0.04132759489584711
724,1648807185.602481,9994,0.003412733223133967
725,1648807185.6330884,9996,0.012516525884469299
726,1648807185.854197,10010,0.030846266696850397
727,1648807185.9341693,10015,0.012204113571594134
728,1648807185.949388,10016,0.006835566367953966
729,1648807186.0450704,10022,0.008231053633304898
730,1648807186.3880744,10044,0.0044450619413206665
731,1648807186.6579266,10061,0.021611551754176603
732,1648807187.018742,10084,0.021083801829566536
733,1648807187.2065625,10096,0.004912851611152267
734,1648807187.255582,10099,0.011479068595993567
735,1648807187.409091,10109,0.0013409152937431668
736,1648807187.5867436,10120,0.016275882876167633
737,1648807187.648016,10124,0.004288790417679867
738,1648807187.7777376,10132,0.016297700543267003
739,1648807187.8881798,10139,0.005537850471834333
740,1648807188.031243,10148,0.009263474028557499
741,1648807188.3294058,10167,0.009069309763920766
742,1648807188.770818,10195,0.003269091578355634
743,1648807189.055478,10213,0.009048620859781833
744,1648807189.1975458,10222,0.002920134225860167
745,1648807189.7223184,10255,0.0025918555523579
746,1648807189.943335,10269,0.0086579184668759
747,1648807190.1352458,10281,0.009942843229509868
748,1648807190.2603102,10289,0.008523976042245767
749,1648807190.4156644,10299,0.004482288922493601
750,1648807190.4641144,10302,0.001976846406857167
751,1648807190.540404,10307,0.0029731530327504335
752,1648807192.5128586,10341,0.013166001454616534
753,1648807193.207468,10385,0.012979114117721667
754,1648807193.7296884,10418,0.015571031506018032
755,1648807193.7602336,10420,0.01764190911004933
756,1648807193.9340963,10431,0.010854405583813766
757,1648807193.9492466,10432,0.013241740098843935
758,1648807194.2161083,10449,0.009739345104511132
759,1648807194.2491455,10451,0.002697793728051033
760,1648807194.389556,10460,0.0029434548923745
761,1648807194.8176885,10487,0.018844328199823634
762,1648807194.8636928,10490,0.0066524672535402665
763,1648807194.8786678,10491,0.013160871186604068
764,1648807195.3270617,10519,0.020529831061139668
765,1648807195.4411402,10526,0.017567612230777668
766,1648807195.5534456,10533,0.013209847093094099
767,1648807195.9075303,10555,0.008128335893464567
768,1648807195.937231,10557,0.014664367966664302
769,1648807195.9522936,10558,0.003482000698568267
770,1648807196.256644,10577,0.0087430196969459
771,1648807196.5749276,10597,0.025902053806930767
772,1648807196.909291,10618,0.014906837449719467
773,1648807196.971424,10622,0.0024064794027556335
774,1648807196.9872036,10623,0.012803885620087335
775,1648807197.2236288,10638,0.024323766585439402
776,1648807197.3673942,10647,0.0012107870813148332
777,1648807197.5250242,10657,0.004632681258954067
778,1648807198.1903174,10697,0.0070493876313169
779,1648807198.418967,10711,0.0045409229739258
780,1648807198.4549398,10713,0.011485337396152267
781,1648807198.8788111,10739,0.0033251714970295334
782,1648807198.894328,10740,0.0140437039857109
783,1648807198.974414,10745,0.0105788895549873
784,1648807199.3251505,10766,0.014175947988405766
785,1648807199.3410378,10767,0.015429530253944232
786,1648807201.1213627,10790,0.010775751909629101
787,1648807201.3128388,10802,0.02221994133045273
788,1648807201.700606,10827,0.0051084826312338
789,1648807201.8738112,10838,0.0015415399490545
790,1648807201.9819014,10845,0.012911418763299735
791,1648807202.0768528,10851,0.0012575758349460332
792,1648807202.1396625,10855,0.0112795511183018
793,1648807202.5153844,10879,0.0033554321271366664
794,1648807202.60935,10885,0.0019061735365539332
795,1648807203.5056553,10943,0.0019893323042196333
796,1648807204.456752,11005,0.023154843288163304
797,1648807204.5644324,11012,0.0029831092106178
798,1648807204.5953388,11014,0.005492467588434566
799,1648807204.642544,11017,0.012740204110741567
800,1648807204.657699,11018,0.003092315959899333
801,1648807204.8420448,11030,0.0021251502524439665
802,1648807204.8593445,11031,0.005636721306169966
803,1648807204.9193437,11035,0.005215123761445233
804,1648807204.9346433,11036,0.0018402788555249
805,1648807205.5125372,11073,0.0005685481495068333
806,1648807205.5264812,11074,0.0018649403355083666
807,1648807206.2973678,11123,0.0011812984982194667
808,1648807206.3120687,11124,0.007178297499194666
809,1648807206.6842074,11148,0.0010549605358391666
810,1648807206.7560527,11152,0.003047298475091
811,1648807207.0212183,11169,0.0008731475196933334
812,1648807207.2415178,11183,0.005480663763591967
813,1648807207.6504326,11209,0.002932530362159
814,1648807207.8699176,11223,0.0023261673147013666
815,1648807208.3207746,11252,0.0025847836125952
816,1648807210.1483104,11278,0.0024738430511206002
817,1648807210.4941783,11300,0.0014172436931402998
818,1648807210.623789,11308,0.0038543564733117333
819,1648807210.8576665,11323,0.0034369300895680335
820,1648807211.1234376,11340,0.012778984421553665
821,1648807211.2173126,11346,0.0086206140889165
822,1648807211.3123496,11352,0.0049723975243977665
823,1648807211.3739476,11356,0.00043763547728300004
824,1648807211.7336605,11379,0.0024653252330608336
825,1648807211.748729,11380,0.0036269290527949
826,1648807212.4107356,11422,0.004308126556376533
827,1648807212.5044672,11428,0.0113106550610003
828,1648807212.7197092,11442,0.0018840101596045
829,1648807212.8424487,11450,0.003199958630527
830,1648807213.0757048,11465,0.0130624175847818
831,1648807213.2727578,11478,0.014700920903123865
832,1648807213.3364675,11482,0.04150371387368063
833,1648807213.585011,11498,0.0011547569107885
834,1648807213.88195,11517,0.0069414169799225664
835,1648807214.1945136,11537,0.0012867117378239333
836,1648807214.2562711,11541,0.0042121127286615
837,1648807214.5692115,11561,0.001757914801904267
838,1648807214.7402291,11572,0.007020269195587934
839,1648807215.0210304,11590,0.0009022308125470332
840,1648807215.4311414,11616,0.0030098955473173584
841,1648807215.685879,11632,0.0032729720793819007
842,1648807215.8765252,11644,0.010105772021536967
843,1648807215.8919413,11645,0.0040593726589576665
844,1648807216.1804354,11663,0.0028965053303787666
845,1648807216.817545,11700,0.004394543046752567
846,1648807217.0424056,11714,0.0013608251659509667
847,1648807218.6328814,11725,0.0009884460790393
848,1648807218.8068757,11736,0.0014554466858195333
849,1648807219.5443926,11782,0.004881276089387566
850,1648807219.5750308,11784,0.0056196976220234665
851,1648807219.7369502,11794,0.036264255642890895
852,1648807220.0110164,11811,0.0021397787641035
853,1648807220.440277,11838,0.0011736862264417668
854,1648807220.5196536,11843,0.0012429683702066335
855,1648807220.6659744,11852,0.0085654132999479
856,1648807220.7278054,11856,0.0022139043236772
857,1648807220.8882751,11866,0.0017726746834038094
858,1648807220.9193685,11868,0.0024155453429557
859,1648807221.5662472,11909,0.003952431570117601
860,1648807221.8219557,11925,0.0006403507917032333
861,1648807221.8870604,11929,0.0006619523725627001
862,1648807221.965406,11934,0.0005814674029048667
863,1648807222.4131336,11962,0.009609618301813767
864,1648807222.4760876,11966,0.0044307912952111
865,1648807222.618143,11975,0.0124395349412225
866,1648807223.434015,12026,0.003034557759140867
867,1648807223.606289,12037,0.0020558313311387667
868,1648807223.6215668,12038,0.00042404715592660007
869,1648807223.6554177,12040,0.0013202067348174334
870,1648807223.7014256,12043,0.002053529877836467
871,1648807223.7802827,12048,0.0004454075775962333
872,1648807224.016631,12063,0.0004740112587265895
873,1648807224.0800955,12067,0.0013184925507326957
874,1648807224.235389,12077,0.0019541525786431336
875,1648807224.4542968,12091,0.005587471881881301
876,1648807224.518353,12095,0.0023177205002866334
877,1648807225.4220345,12151,0.00044418523611963333
878,1648807225.544905,12159,0.0048814138475184
879,1648807225.8115134,12176,0.0013312703813425665
880,1648807225.842158,12178,0.0029158146741489004
881,1648807227.616639,12199,0.023592941630340602
882,1648807227.6654153,12202,0.01594278204720463
883,1648807228.2666523,12240,0.0011668470154593332
884,1648807229.3022892,12305,0.0010499089548829334
885,1648807229.392672,12311,0.0003110472947203333
886,1648807229.7441137,12333,0.003488522226689333
887,1648807230.4481118,12377,0.0010940721646571668
888,1648807230.5767045,12385,0.00036651026069493337
889,1648807230.642335,12389,0.0022267207192877667
890,1648807230.8926032,12405,0.0007456724997609333
891,1648807231.0973322,12418,0.0008090053258152666
892,1648807231.2666135,12429,0.0005302658634414667
893,1648807231.4407427,12440,0.0006939805995594666
894,1648807231.4715393,12442,0.0023816555428008003
895,1648807231.7850394,12462,0.0010698362845383668
896,1648807231.9428189,12472,0.0006174138203883668
897,1648807232.0393054,12478,0.0037298499373718667
898,1648807232.0881946,12481,0.0023868178735331333
899,1648807232.638129,12516,0.00043116186376812186
900,1648807232.8421726,12529,0.0004836626297522333
901,1648807233.209577,12551,0.0006699203319536999
902,1648807233.3963437,12562,0.00033957177947736665
903,1648807233.668038,12578,0.0011288166691277096
904,1648807234.2705858,12614,0.0006141615352437667
905,1648807234.4983058,12628,0.0005353246766995667
906,1648807234.5451171,12631,0.0008884117414708666
907,1648807236.539152,12663,0.0005636436932642
908,1648807236.6186411,12668,0.0013623018943083331
909,1648807236.668951,12671,0.0011543059639128061
910,1648807236.684801,12672,0.0007413953717331999
911,1648807236.8658524,12683,0.00023642051867979997
912,1648807237.2972395,12710,0.0012870414066127667
913,1648807237.3304703,12712,0.0005204113646565334
914,1648807237.3943155,12716,0.0006704507177346018
915,1648807237.539742,12725,0.00027311818363762733
916,1648807237.730745,12737,0.0012646928662433665
917,1648807237.7961724,12741,0.0005245569336693618
918,1648807237.972824,12752,0.0004903968753447667
919,1648807238.200364,12766,0.0008284848493834
920,1648807238.234703,12768,0.0011862011839790332
921,1648807238.3760946,12777,0.00040573278480823333
922,1648807239.0569055,12819,0.000221031436619
923,1648807239.4001536,12840,0.0001218100223922896
924,1648807239.5617142,12850,0.0002556433658658667
925,1648807239.6277804,12854,0.0016693777676361
926,1648807239.8090415,12865,0.0020239083532942004
927,1648807240.0175872,12878,0.0005307505101275667
928,1648807240.210867,12890,0.0007054961012423708
929,1648807240.3072796,12896,0.0012329852906986666
930,1648807240.501263,12908,0.0003892793465638
931,1648807240.5789044,12913,0.0002817648992276966
932,1648807240.5979145,12914,0.00028437962464516667
933,1648807240.7128942,12921,0.00010282498260486667
934,1648807241.2092006,12952,0.0006850224769246901
935,1648807241.2408314,12954,0.00023288810916706666
936,1648807241.3526585,12961,0.00045866979538303334
937,1648807241.4335215,12966,0.0004923771678779666
938,1648807241.6416194,12979,0.00040431284772536667
939,1648807241.9755857,13000,0.0013041335914749333
940,1648807242.0377438,13004,0.00033976334574006666
941,1648807242.1972854,13014,0.0009358205716125333
942,1648807243.0034585,13065,0.0002263803641350419
943,1648807244.079645,13121,0.00022153876489023334
944,1648807246.0474112,13152,0.00032455466619766665
945,1648807246.1405404,13158,0.0003536212510273666
946,1648807246.3327672,13170,0.00022902110261679997
947,1648807246.3483338,13171,0.0004815823146296702
948,1648807246.5552104,13184,0.0003341941919643
949,1648807246.6039104,13187,0.0002449051632235
950,1648807246.9519055,13209,0.0002582700835773333
951,1648807247.1252584,13220,0.0001760408752791333
952,1648807247.1593738,13222,0.00032641588283386665
953,1648807247.2496586,13228,0.00030783240314723333
954,1648807247.2828686,13230,0.00017405971690699997
955,1648807247.7283256,13258,0.0005948077353726177
956,1648807248.0940263,13281,0.00016056359042218677
957,1648807248.3169162,13295,0.0002238859621380633
958,1648807248.5241492,13308,0.000228911381176
959,1648807248.6027768,13313,0.00036192650441076667
960,1648807249.2247076,13352,0.00040223629912356667
961,1648807249.3048666,13357,0.00015958417012973332
962,1648807250.4050615,13426,0.0006778144355241968
963,1648807250.838461,13453,0.0002983224597604
964,1648807250.9164157,13458,0.0005162808229215
965,1648807251.4636402,13493,0.00037400886382479306
966,1648807251.5874596,13501,0.00028727121510501146
967,1648807252.1881657,13538,0.00010272130384688067
968,1648807252.31609,13546,0.0003188195284261696
969,1648807252.4129145,13552,0.0001321797002067733
970,1648807254.7236068,13605,0.00367893753718815
971,1648807254.77236,13608,0.00023893442024316668
972,1648807254.9791186,13621,0.0002621345435423667
973,1648807255.025649,13624,0.0002277434735636
974,1648807255.1205316,13630,0.00021152064922106667
975,1648807255.2614777,13639,9.40616737352567e-05
976,1648807255.512917,13655,0.0006415457804298665
977,1648807255.576982,13659,0.00016645618840505276
978,1648807256.106114,13692,0.00016099523539498355
979,1648807256.2334275,13700,0.0002470474695049
980,1648807256.5004098,13717,0.00023743988761752203
981,1648807256.534323,13719,0.00016970007466923334
982,1648807256.6278071,13725,0.0004393967489401001
983,1648807256.8211727,13737,0.00039932935760587154
984,1648807256.9651515,13746,0.00018829769154153557
985,1648807257.1101017,13755,0.00035946465868616154
986,1648807257.396123,13773,0.00026997956350288286
987,1648807257.4278128,13775,0.00020344082925776667
988,1648807257.552513,13783,0.00042721349260916664
989,1648807258.3067443,13831,0.00013876986971197506
990,1648807258.3232222,13832,0.0004504909205327667
991,1648807259.0732818,13880,0.00032940234814301546
992,1648807259.5153215,13908,0.0002494068515564
993,1648807259.73797,13922,0.000290675445285102
994,1648807259.7529838,13923,0.0002451194062207667
995,1648807260.2295234,13953,0.00018887297240626668
996,1648807260.309852,13958,0.00040441360033576667
997,1648807260.3711708,13962,0.00018533517989754295
998,1648807261.1928885,14013,7.181198331333387e-05
999,1648807261.659502,14042,0.000224276271183
