Wall time,Step,Value
1648782684.6814096,3,0.13183000683784485
1648782685.013013,23,0.13183000683784485
1648782685.3043435,41,0.13183000683784485
1648782685.3204374,42,0.13183000683784485
1648782685.689938,64,0.13183000683784485
1648782685.9624019,81,0.13183000683784485
1648782686.5725899,117,0.13183000683784485
1648782686.670374,123,0.13183000683784485
1648782686.7355335,127,0.13183000683784485
1648782686.9490414,140,0.13183000683784485
1648782687.2122996,156,0.13183000683784485
1648782687.762421,188,0.13183000683784485
1648782687.8340888,192,0.13183000683784485
1648782688.3276203,223,0.13183000683784485
1648782688.3583508,225,0.13183000683784485
1648782688.6118884,241,0.13183000683784485
1648782689.0754027,270,0.13183000683784485
1648782689.3945694,290,0.13183000683784485
1648782689.621968,304,0.13183000683784485
1648782689.6573496,306,0.13183000683784485
1648782689.866108,319,0.13183000683784485
1648782689.8988073,320,0.13183000683784485
1648782689.9902225,326,0.13183000683784485
1648782690.229484,341,0.13183000683784485
1648782690.2804034,344,0.13183000683784485
1648782690.4890661,356,0.13183000683784485
1648782690.5594814,360,0.13183000683784485
1648782690.9128373,380,0.13183000683784485
1648782691.1441336,393,0.13183000683784485
1648782691.3235092,404,0.13183000683784485
1648782691.5279808,417,0.13183000683784485
1648782691.6523697,425,0.13183000683784485
1648782692.205584,459,0.13183000683784485
1648782693.921546,469,0.13183000683784485
1648782694.292358,492,0.13183000683784485
1648782694.3575718,496,0.13183000683784485
1648782695.0023468,536,0.13183000683784485
1648782695.2416441,551,0.13183000683784485
1648782695.259756,552,0.13183000683784485
1648782695.4859035,566,0.13183000683784485
1648782695.9166803,593,0.13183000683784485
1648782695.9643073,596,0.13183000683784485
1648782696.2345262,613,0.13183000683784485
1648782696.3467808,620,0.13183000683784485
1648782696.5888593,635,0.13183000683784485
1648782696.7197804,643,0.13183000683784485
1648782697.1006835,667,0.13183000683784485
1648782697.2755866,678,0.13183000683784485
1648782697.75308,708,0.13183000683784485
1648782698.0136642,724,0.13183000683784485
1648782698.0967574,729,0.13183000683784485
1648782698.873409,777,0.13183000683784485
1648782699.229164,799,0.13183000683784485
1648782699.326831,805,0.13183000683784485
1648782699.4392745,812,0.13183000683784485
1648782699.5540094,819,0.13183000683784485
1648782699.9073734,841,0.13183000683784485
1648782700.2134466,860,0.13183000683784485
1648782700.4350295,874,0.13183000683784485
1648782700.964522,907,0.13183000683784485
1648782701.1098108,916,0.13183000683784485
1648782701.2997825,928,0.13183000683784485
1648782701.395485,934,0.13183000683784485
1648782703.0807593,951,0.13183000683784485
1648782703.1444037,955,0.13183000683784485
1648782703.2431896,961,0.13183000683784485
1648782703.7594776,993,0.13183000683784485
1648782703.7931328,995,0.13183000683784485
1648782703.8907566,1001,0.13183000683784485
1648782704.001479,1008,0.13183000683784485
1648782704.097518,1014,0.13183000683784485
1648782704.3841546,1032,0.13183000683784485
1648782704.417183,1034,0.13183000683784485
1648782704.5125248,1040,0.13183000683784485
1648782704.6724396,1050,0.13183000683784485
1648782704.8403535,1060,0.13183000683784485
1648782705.6194472,1104,0.13183000683784485
1648782705.762231,1112,0.13183000683784485
1648782705.9369113,1122,0.13183000683784485
1648782706.0948303,1131,0.13183000683784485
1648782706.2210798,1139,0.13183000683784485
1648782706.4601529,1154,0.13183000683784485
1648782706.5908017,1162,0.13183000683784485
1648782706.6850471,1168,0.13183000683784485
1648782706.73178,1171,0.13183000683784485
1648782706.8434882,1178,0.13183000683784485
1648782706.9070766,1182,0.13183000683784485
1648782707.4290333,1215,0.13183000683784485
1648782707.711246,1233,0.13183000683784485
1648782707.7751079,1237,0.13183000683784485
1648782707.8368435,1241,0.13183000683784485
1648782707.9478147,1248,0.13183000683784485
1648782708.1549141,1261,0.13183000683784485
1648782708.2183614,1265,0.13183000683784485
1648782708.4095142,1277,0.13183000683784485
1648782709.1298068,1322,0.13183000683784485
1648782709.2863314,1332,0.13183000683784485
1648782709.3810508,1338,0.13183000683784485
1648782709.4281592,1341,0.13183000683784485
1648782709.4746351,1344,0.13183000683784485
1648782709.5372233,1348,0.13183000683784485
1648782709.6926222,1358,0.13183000683784485
1648782709.7880125,1364,0.13183000683784485
1648782709.8363333,1367,0.13183000683784485
1648782709.9007647,1371,0.13183000683784485
1648782712.2123303,1426,0.13183000683784485
1648782712.4084477,1438,0.13183000683784485
1648782712.4242325,1439,0.13183000683784485
1648782712.4403076,1440,0.13183000683784485
1648782712.4575546,1441,0.13183000683784485
1648782712.7907135,1462,0.13183000683784485
1648782713.0492752,1477,0.13183000683784485
1648782713.1260018,1482,0.13183000683784485
1648782713.3046358,1493,0.13183000683784485
1648782713.5448523,1508,0.13183000683784485
1648782713.5604792,1509,0.13183000683784485
1648782714.243958,1550,0.13183000683784485
1648782714.5949636,1572,0.13183000683784485
1648782714.628244,1574,0.13183000683784485
1648782714.6742976,1577,0.13183000683784485
1648782714.8942964,1591,0.13183000683784485
1648782714.9409788,1594,0.13183000683784485
1648782714.9750326,1596,0.13183000683784485
1648782715.1034617,1604,0.13183000683784485
1648782715.185195,1609,0.13183000683784485
1648782715.4588342,1626,0.13183000683784485
1648782715.727026,1643,0.13183000683784485
1648782716.3048909,1679,0.13183000683784485
1648782716.368803,1683,0.13183000683784485
1648782716.3989565,1685,0.13183000683784485
1648782716.417259,1686,0.13183000683784485
1648782716.543705,1694,0.13183000683784485
1648782716.7037368,1704,0.13183000683784485
1648782716.9776993,1721,0.13183000683784485
1648782717.0403814,1725,0.13183000683784485
1648782717.2795436,1740,0.13183000683784485
1648782717.4425704,1750,0.13183000683784485
1648782717.5046554,1754,0.13183000683784485
1648782717.6478724,1763,0.13183000683784485
1648782717.916513,1780,0.13183000683784485
1648782718.1561854,1795,0.13183000683784485
1648782718.2364767,1800,0.13183000683784485
1648782718.2517872,1801,0.13183000683784485
1648782718.3475406,1807,0.13183000683784485
1648782718.377977,1809,0.13183000683784485
1648782718.4270332,1812,0.13183000683784485
1648782718.5684633,1821,0.13183000683784485
1648782718.5838304,1822,0.13183000683784485
1648782719.299725,1867,0.13183000683784485
1648782721.0126565,1883,0.13183000683784485
1648782721.5818608,1919,0.13183000683784485
1648782721.612896,1921,0.13183000683784485
1648782721.8206503,1934,0.13183000683784485
1648782721.8683739,1937,0.13183000683784485
1648782721.9328034,1941,0.13183000683784485
1648782722.34138,1967,0.13183000683784485
1648782722.5313036,1979,0.13183000683784485
1648782722.5648696,1981,0.13183000683784485
1648782722.658542,1987,0.13183000683784485
1648782722.8965127,2002,0.13183000683784485
1648782722.9593484,2006,0.13183000683784485
1648782723.0690296,2013,0.13183000683784485
1648782723.1326838,2017,0.13183000683784485
1648782723.6279757,2048,0.13183000683784485
1648782723.8410413,2061,0.13183000683784485
1648782724.0688972,2075,0.13183000683784485
1648782724.1991599,2083,0.13183000683784485
1648782724.233552,2085,0.13183000683784485
1648782724.5046287,2102,0.13183000683784485
1648782725.3496447,2155,0.13183000683784485
1648782725.52268,2166,0.13183000683784485
1648782725.572545,2169,0.13183000683784485
1648782726.0535033,2199,0.13183000683784485
1648782726.2453568,2211,0.13183000683784485
1648782726.5642695,2231,0.13183000683784485
1648782726.9176886,2253,0.13183000683784485
1648782726.9795601,2257,0.13183000683784485
1648782726.9949915,2258,0.13183000683784485
1648782727.2042975,2271,0.13183000683784485
1648782727.2692976,2275,0.13183000683784485
1648782727.3009055,2277,0.13183000683784485
1648782727.412843,2284,0.13183000683784485
1648782727.4978747,2289,0.13183000683784485
1648782727.672308,2299,0.13183000683784485
1648782727.903533,2312,0.13183000683784485
1648782728.1715715,2327,0.13183000683784485
1648782728.4175174,2341,0.13183000683784485
1648782729.9401526,2347,0.13183000683784485
1648782730.0538259,2354,0.13183000683784485
1648782730.3638904,2373,0.13183000683784485
1648782730.4915607,2381,0.13183000683784485
1648782730.6511874,2391,0.13183000683784485
1648782731.3708777,2436,0.13183000683784485
1648782731.5777617,2449,0.13183000683784485
1648782731.6536233,2454,0.13183000683784485
1648782732.141712,2485,0.13183000683784485
1648782732.1871614,2488,0.13183000683784485
1648782732.3140967,2496,0.13183000683784485
1648782732.489282,2507,0.13183000683784485
1648782732.5510104,2511,0.13183000683784485
1648782732.5679011,2512,0.13183000683784485
1648782732.6301742,2516,0.13183000683784485
1648782733.2833695,2557,0.13183000683784485
1648782733.9756234,2601,0.13183000683784485
1648782734.3230956,2623,0.13183000683784485
1648782734.5787642,2639,0.13183000683784485
1648782734.7228022,2648,0.13183000683784485
1648782735.0764892,2670,0.13183000683784485
1648782735.2533646,2681,0.13183000683784485
1648782735.7164903,2710,0.13183000683784485
1648782735.7637942,2713,0.13183000683784485
1648782736.6639345,2769,0.13183000683784485
1648782737.3577163,2812,0.13183000683784485
1648782737.3705933,2813,0.13183000683784485
1648782738.9842665,2825,0.13183000683784485
1648782739.795826,2876,0.13183000683784485
1648782740.1740537,2900,0.13183000683784485
1648782740.380116,2913,0.13183000683784485
1648782740.5212703,2922,0.13183000683784485
1648782740.5704505,2925,0.13183000683784485
1648782741.0860114,2958,0.13183000683784485
1648782741.2120972,2966,0.13183000683784485
1648782741.3244615,2973,0.13183000683784485
1648782741.5193014,2985,0.13183000683784485
1648782741.6848817,2995,0.13183000683784485
1648782742.04893,3017,0.13183000683784485
1648782742.1528535,3023,0.13183000683784485
1648782742.311241,3032,0.13183000683784485
1648782742.4883711,3042,0.13183000683784485
1648782743.1095016,3077,0.13183000683784485
1648782743.377357,3092,0.13183000683784485
1648782743.731137,3112,0.13183000683784485
1648782743.8763452,3120,0.13183000683784485
1648782744.033395,3129,0.13183000683784485
1648782744.6354816,3163,0.13183000683784485
1648782744.6986704,3167,0.13183000683784485
1648782745.0080457,3186,0.13183000683784485
1648782745.1200867,3193,0.13183000683784485
1648782745.2316504,3200,0.13183000683784485
1648782745.5087435,3217,0.13183000683784485
1648782745.6373017,3225,0.13183000683784485
1648782746.3026938,3266,0.13183000683784485
1648782748.199538,3295,0.13183000683784485
1648782748.7509906,3330,0.13183000683784485
1648782749.346794,3368,0.13183000683784485
1648782749.54465,3381,0.13183000683784485
1648782749.5748878,3383,0.13183000683784485
1648782750.3305805,3432,0.13183000683784485
1648782750.4216504,3438,0.13183000683784485
1648782751.0522187,3479,0.13183000683784485
1648782751.3427107,3498,0.13183000683784485
1648782751.4356565,3504,0.13183000683784485
1648782751.4835641,3507,0.13183000683784485
1648782751.9166825,3535,0.13183000683784485
1648782752.2863805,3559,0.13183000683784485
1648782752.4694664,3571,0.13183000683784485
1648782752.5911908,3579,0.13183000683784485
1648782752.8351853,3595,0.13183000683784485
1648782752.8818133,3598,0.13183000683784485
1648782753.0499446,3609,0.13183000683784485
1648782753.0829854,3611,0.13183000683784485
1648782753.299972,3625,0.13183000683784485
1648782753.3309867,3627,0.13183000683784485
1648782753.5798275,3643,0.13183000683784485
1648782753.8279138,3659,0.13183000683784485
1648782754.2801085,3688,0.13183000683784485
1648782754.3407164,3692,0.13183000683784485
1648782754.9463923,3731,0.13183000683784485
1648782754.9618833,3732,0.13183000683784485
1648782754.9929378,3734,0.13183000683784485
1648782755.197089,3747,0.13183000683784485
1648782756.9788358,3769,0.13183000683784485
1648782757.441224,3798,0.13183000683784485
1648782757.6912916,3814,0.13183000683784485
1648782757.9525867,3831,0.13183000683784485
1648782758.1570504,3844,0.13183000683784485
1648782758.236184,3849,0.13183000683784485
1648782758.8229444,3887,0.13183000683784485
1648782758.8558307,3889,0.13183000683784485
1648782759.2436516,3914,0.13183000683784485
1648782759.5854335,3936,0.13183000683784485
1648782759.7107577,3944,0.13183000683784485
1648782759.7427955,3946,0.13183000683784485
1648782759.8663068,3954,0.13183000683784485
1648782759.8812926,3955,0.13183000683784485
1648782759.989362,3962,0.13183000683784485
1648782760.178136,3974,0.13183000683784485
1648782760.3040955,3982,0.13183000683784485
1648782760.3193872,3983,0.13183000683784485
1648782760.677426,4006,0.13183000683784485
1648782761.0497677,4030,0.13183000683784485
1648782761.6099706,4066,0.13183000683784485
1648782761.625365,4067,0.13183000683784485
1648782761.6558774,4069,0.13183000683784485
1648782761.688597,4071,0.13183000683784485
1648782762.0066893,4091,0.13183000683784485
1648782762.407729,4116,0.13183000683784485
1648782762.4386935,4118,0.13183000683784485
1648782762.9447727,4150,0.13183000683784485
1648782763.024089,4155,0.13183000683784485
1648782763.6143079,4192,0.13183000683784485
1648782763.6608634,4195,0.13183000683784485
1648782763.7562065,4201,0.13183000683784485
1648782763.8371246,4206,0.13183000683784485
1648782763.8529859,4207,0.13183000683784485
1648782764.0113044,4217,0.13183000683784485
1648782765.5089664,4221,0.13183000683784485
1648782765.652372,4230,0.13183000683784485
1648782766.2554686,4265,0.13183000683784485
1648782766.7333107,4292,0.13183000683784485
1648782766.8388817,4298,0.13183000683784485
1648782766.9092267,4302,0.13183000683784485
1648782766.9618146,4305,0.13183000683784485
1648782767.244348,4322,0.13183000683784485
1648782767.720189,4351,0.13183000683784485
1648782767.7362883,4352,0.13183000683784485
1648782768.025606,4370,0.13183000683784485
1648782768.0885463,4374,0.13183000683784485
1648782768.120627,4376,0.13183000683784485
1648782768.1847281,4380,0.13183000683784485
1648782768.583246,4405,0.13183000683784485
1648782768.6757832,4411,0.13183000683784485
1648782769.2926083,4450,0.13183000683784485
1648782769.5570276,4467,0.13183000683784485
1648782769.995398,4495,0.13183000683784485
1648782770.24973,4511,0.13183000683784485
1648782770.3766356,4519,0.13183000683784485
1648782770.549004,4530,0.13183000683784485
1648782770.61271,4534,0.13183000683784485
1648782770.8052082,4546,0.13183000683784485
1648782771.252391,4574,0.13183000683784485
1648782771.2683945,4575,0.13183000683784485
1648782771.6520693,4599,0.13183000683784485
1648782771.667734,4600,0.13183000683784485
1648782771.926949,4616,0.13183000683784485
1648782772.119944,4628,0.13183000683784485
1648782772.6362212,4660,0.13183000683784485
1648782773.0199432,4684,0.13183000683784485
1648782774.5673378,4691,0.13183000683784485
1648782775.113976,4725,0.13183000683784485
1648782775.303344,4737,0.13183000683784485
1648782775.928144,4776,0.13183000683784485
1648782775.9933882,4780,0.13183000683784485
1648782776.0249393,4782,0.13183000683784485
1648782776.0568264,4784,0.13183000683784485
1648782776.0726767,4785,0.13183000683784485
1648782776.1398659,4789,0.13183000683784485
1648782776.2035062,4793,0.13183000683784485
1648782776.4523165,4808,0.13183000683784485
1648782776.5477724,4814,0.13183000683784485
1648782776.5669467,4815,0.13183000683784485
1648782776.8760045,4834,0.13183000683784485
1648782777.0255892,4843,0.13183000683784485
1648782777.1043653,4848,0.13183000683784485
1648782777.229548,4856,0.13183000683784485
1648782777.3871198,4866,0.13183000683784485
1648782777.7510238,4889,0.13183000683784485
1648782777.9403493,4901,0.13183000683784485
1648782778.0808947,4910,0.13183000683784485
1648782778.1459088,4914,0.13183000683784485
1648782778.5146441,4937,0.13183000683784485
1648782779.155911,4977,0.13183000683784485
1648782779.2674115,4984,0.13183000683784485
1648782779.3296783,4988,0.13183000683784485
1648782779.3782015,4991,0.13183000683784485
1648782779.616225,5006,0.13183000683784485
1648782779.647715,5008,0.13183000683784485
1648782779.7595773,5015,0.13183000683784485
1648782779.9193192,5025,0.13183000683784485
1648782780.7623591,5078,0.13183000683784485
1648782780.923276,5088,0.13183000683784485
1648782781.304949,5112,0.13183000683784485
1648782781.4029882,5118,0.13183000683784485
1648782781.6290424,5132,0.13183000683784485
1648782781.6605287,5134,0.13183000683784485
1648782781.7266092,5138,0.13183000683784485
1648782781.823317,5144,0.13183000683784485
1648782783.5971534,5162,0.13183000683784485
1648782783.9121172,5181,0.13183000683784485
1648782783.9954565,5186,0.13183000683784485
1648782784.1614037,5196,0.13183000683784485
1648782784.2449818,5201,0.13183000683784485
1648782784.609887,5223,0.13183000683784485
1648782784.7099802,5229,0.13183000683784485
1648782785.6002014,5283,0.13183000683784485
1648782785.8641236,5299,0.13183000683784485
1648782786.0580711,5311,0.13183000683784485
1648782786.2114758,5320,0.13183000683784485
1648782786.2474325,5322,0.13183000683784485
1648782786.2652955,5323,0.13183000683784485
1648782786.4651082,5334,0.13183000683784485
1648782786.4830194,5335,0.13183000683784485
1648782786.7342722,5349,0.13183000683784485
1648782786.7533095,5350,0.13183000683784485
1648782787.480222,5391,0.13183000683784485
1648782787.5131931,5393,0.13183000683784485
1648782787.9130328,5418,0.13183000683784485
1648782788.4406157,5451,0.13183000683784485
1648782788.6075807,5461,0.13183000683784485
1648782788.623931,5462,0.13183000683784485
1648782788.6754394,5465,0.13183000683784485
1648782788.7251909,5468,0.13183000683784485
1648782788.762337,5470,0.13183000683784485
1648782788.831716,5474,0.13183000683784485
1648782789.103322,5491,0.13183000683784485
1648782789.1910203,5496,0.13183000683784485
1648782789.4995213,5515,0.13183000683784485
1648782789.613258,5522,0.13183000683784485
1648782789.7957625,5533,0.13183000683784485
1648782789.8115408,5534,0.13183000683784485
1648782789.8946373,5539,0.13183000683784485
1648782789.9728198,5544,0.13183000683784485
1648782791.2743876,5624,0.13183000683784485
1648782791.2928467,5625,0.13183000683784485
1648782793.1846738,5653,0.13183000683784485
1648782793.2490683,5657,0.13183000683784485
1648782793.7755997,5690,0.13183000683784485
1648782793.8535016,5695,0.13183000683784485
1648782794.179984,5715,0.13183000683784485
1648782794.3447504,5725,0.13183000683784485
1648782794.4888408,5734,0.13183000683784485
1648782794.5362656,5737,0.13183000683784485
1648782794.841698,5756,0.13183000683784485
1648782794.8884928,5759,0.13183000683784485
1648782795.0007503,5766,0.13183000683784485
1648782795.0184097,5767,0.13183000683784485
1648782795.6939065,5809,0.13183000683784485
1648782795.7403622,5812,0.13183000683784485
1648782796.2226794,5842,0.13183000683784485
1648782796.3492296,5850,0.13183000683784485
1648782796.4289305,5855,0.13183000683784485
1648782796.7012067,5872,0.13183000683784485
1648782796.7171643,5873,0.13183000683784485
1648782796.9769347,5889,0.13183000683784485
1648782797.1566572,5900,0.13183000683784485
1648782797.3596046,5913,0.13183000683784485
1648782797.3935134,5915,0.13183000683784485
1648782797.5240715,5923,0.13183000683784485
1648782797.795771,5940,0.13183000683784485
1648782798.1649451,5961,0.13183000683784485
1648782798.3645735,5973,0.13183000683784485
1648782798.3807843,5974,0.13183000683784485
1648782798.4477355,5978,0.13183000683784485
1648782798.8813665,6005,0.13183000683784485
1648782798.9618967,6010,0.13183000683784485
1648782801.9103665,6103,0.13183000683784485
1648782801.9268396,6104,0.13183000683784485
1648782802.3151736,6128,0.13183000683784485
1648782802.511493,6140,0.13183000683784485
1648782802.5300741,6141,0.13183000683784485
1648782802.7096775,6152,0.13183000683784485
1648782803.0360036,6172,0.13183000683784485
1648782803.0855248,6175,0.13183000683784485
1648782803.331711,6190,0.13183000683784485
1648782803.5899456,6206,0.13183000683784485
1648782803.6247776,6208,0.13183000683784485
1648782803.9284616,6227,0.13183000683784485
1648782804.0893812,6237,0.13183000683784485
1648782804.1039186,6238,0.13183000683784485
1648782804.2779431,6249,0.13183000683784485
1648782804.5600755,6266,0.13183000683784485
1648782804.661138,6272,0.13183000683784485
1648782804.841299,6283,0.13183000683784485
1648782804.968524,6291,0.13183000683784485
1648782804.9877682,6292,0.13183000683784485
1648782805.261666,6309,0.13183000683784485
1648782805.563982,6327,0.13183000683784485
1648782805.8791323,6344,0.13183000683784485
1648782806.0010068,6351,0.13183000683784485
1648782806.021298,6352,0.13183000683784485
1648782806.1789007,6361,0.13183000683784485
1648782806.3714871,6373,0.13183000683784485
1648782806.4182947,6376,0.13183000683784485
1648782806.8913856,6405,0.13183000683784485
1648782808.3852835,6495,0.13183000683784485
1648782808.538959,6504,0.13183000683784485
1648782808.696435,6514,0.13183000683784485
1648782808.8068683,6521,0.13183000683784485
1648782808.9346561,6529,0.13183000683784485
1648782808.999276,6533,0.13183000683784485
1648782811.5051928,6598,0.13183000683784485
1648782811.5382533,6600,0.13183000683784485
1648782811.5686545,6602,0.13183000683784485
1648782811.6793935,6609,0.13183000683784485
1648782811.695167,6610,0.13183000683784485
1648782811.9906218,6628,0.13183000683784485
1648782812.06789,6633,0.13183000683784485
1648782812.1505737,6638,0.13183000683784485
1648782812.9355302,6686,0.13183000683784485
1648782813.321156,6709,0.13183000683784485
1648782813.3885272,6713,0.13183000683784485
1648782813.6332293,6728,0.13183000683784485
1648782814.0377452,6753,0.13183000683784485
1648782814.1735566,6761,0.13183000683784485
1648782814.2883635,6768,0.13183000683784485
1648782814.576894,6786,0.13183000683784485
1648782814.9001968,6806,0.13183000683784485
1648782815.3321214,6833,0.13183000683784485
1648782815.3477533,6834,0.13183000683784485
1648782815.5567498,6847,0.13183000683784485
1648782816.2134657,6888,0.13183000683784485
1648782816.2291896,6889,0.13183000683784485
1648782816.2757301,6892,0.13183000683784485
1648782816.5798602,6911,0.13183000683784485
1648782816.7884421,6924,0.13183000683784485
1648782816.8198185,6926,0.13183000683784485
1648782816.884765,6930,0.13183000683784485
1648782817.04354,6940,0.13183000683784485
1648782817.4097219,6963,0.13183000683784485
1648782817.5221112,6970,0.13183000683784485
1648782817.540867,6971,0.13183000683784485
1648782817.6033475,6975,0.13183000683784485
1648782817.9536982,6997,0.13183000683784485
1648782820.1800907,7047,0.13183000683784485
1648782820.3290398,7056,0.13183000683784485
1648782820.75471,7083,0.13183000683784485
1648782821.0235,7100,0.13183000683784485
1648782821.3275478,7119,0.13183000683784485
1648782821.3725727,7122,0.13183000683784485
1648782821.4357648,7126,0.13183000683784485
1648782821.622728,7138,0.13183000683784485
1648782821.6398323,7139,0.13183000683784485
1648782821.816305,7150,0.13183000683784485
1648782822.0707574,7166,0.13183000683784485
1648782822.231542,7176,0.13183000683784485
1648782822.3594475,7184,0.13183000683784485
1648782822.5339339,7195,0.13183000683784485
1648782822.6279283,7201,0.13183000683784485
1648782822.8338509,7214,0.13183000683784485
1648782822.8495102,7215,0.13183000683784485
1648782822.9600365,7222,0.13183000683784485
1648782823.1501799,7234,0.13183000683784485
1648782823.3090553,7244,0.13183000683784485
1648782823.4832191,7255,0.13183000683784485
1648782824.2184072,7301,0.13183000683784485
1648782824.280562,7305,0.13183000683784485
1648782824.5354393,7321,0.13183000683784485
1648782824.6137946,7326,0.13183000683784485
1648782824.82766,7339,0.13183000683784485
1648782824.9244306,7345,0.13183000683784485
1648782824.9898756,7349,0.13183000683784485
1648782825.0366857,7352,0.13183000683784485
1648782825.148849,7359,0.13183000683784485
1648782825.2606459,7366,0.13183000683784485
1648782825.35675,7372,0.13183000683784485
1648782825.644017,7390,0.13183000683784485
1648782826.0292354,7414,0.13183000683784485
1648782826.412575,7438,0.13183000683784485
1648782826.5242345,7445,0.13183000683784485
1648782826.732897,7458,0.13183000683784485
1648782826.844323,7465,0.13183000683784485
1648782827.1331856,7483,0.13183000683784485
1648782827.1487136,7484,0.13183000683784485
1648782827.2946892,7493,0.13183000683784485
1648782827.3266404,7495,0.13183000683784485
1648782827.360926,7497,0.13183000683784485
1648782829.1203613,7518,0.13183000683784485
1648782829.136065,7519,0.13183000683784485
1648782830.1957617,7585,0.13183000683784485
1648782830.3233557,7593,0.13183000683784485
1648782830.3886173,7597,0.13183000683784485
1648782830.499184,7604,0.13183000683784485
1648782830.6277082,7612,0.13183000683784485
1648782830.6592689,7614,0.13183000683784485
1648782830.6929548,7616,0.13183000683784485
1648782830.7900436,7622,0.13183000683784485
1648782831.1405,7644,0.13183000683784485
1648782831.1555557,7645,0.13183000683784485
1648782831.4073932,7661,0.13183000683784485
1648782831.584915,7672,0.13183000683784485
1648782831.9496963,7695,0.13183000683784485
1648782832.192349,7710,0.13183000683784485
1648782832.7424505,7744,0.13183000683784485
1648782832.885332,7753,0.13183000683784485
1648782833.0580833,7764,0.13183000683784485
1648782833.2953815,7779,0.13183000683784485
1648782833.3410413,7782,0.13183000683784485
1648782833.6246562,7800,0.13183000683784485
1648782834.670801,7866,0.13183000683784485
1648782834.8771749,7879,0.13183000683784485
1648782836.0842705,7954,0.13183000683784485
1648782836.273577,7966,0.13183000683784485
1648782836.338972,7970,0.13183000683784485
1648782838.2586143,8001,0.13183000683784485
1648782838.4035885,8010,0.13183000683784485
1648782838.6944807,8028,0.13183000683784485
1648782838.8526077,8038,0.13183000683784485
1648782838.9173825,8042,0.13183000683784485
1648782839.3307567,8068,0.13183000683784485
1648782839.3655126,8070,0.13183000683784485
1648782839.412683,8073,0.13183000683784485
1648782839.5271792,8080,0.13183000683784485
1648782839.5425892,8081,0.13183000683784485
1648782839.6246738,8086,0.13183000683784485
1648782840.1865652,8121,0.13183000683784485
1648782840.2487082,8125,0.13183000683784485
1648782840.3602197,8132,0.13183000683784485
1648782840.6300073,8149,0.13183000683784485
1648782840.6610289,8151,0.13183000683784485
1648782840.6768365,8152,0.13183000683784485
1648782841.1756513,8183,0.13183000683784485
1648782841.3032975,8191,0.13183000683784485
1648782841.4167266,8198,0.13183000683784485
1648782841.6254601,8211,0.13183000683784485
1648782841.6722143,8214,0.13183000683784485
1648782841.8333654,8224,0.13183000683784485
1648782842.230745,8249,0.13183000683784485
1648782842.3615315,8257,0.13183000683784485
1648782842.4883852,8265,0.13183000683784485
1648782842.5375762,8268,0.13183000683784485
1648782842.807574,8285,0.13183000683784485
1648782842.8573914,8288,0.13183000683784485
1648782842.904151,8291,0.13183000683784485
1648782842.9353738,8293,0.13183000683784485
1648782843.272325,8314,0.13183000683784485
1648782843.7710958,8345,0.13183000683784485
1648782843.8516521,8350,0.13183000683784485
1648782844.011719,8360,0.13183000683784485
1648782844.3803306,8383,0.13183000683784485
1648782844.8507018,8412,0.13183000683784485
1648782845.1733227,8432,0.13183000683784485
1648782845.224473,8435,0.13183000683784485
1648782847.3290863,8476,0.13183000683784485
1648782847.983498,8517,0.13183000683784485
1648782848.0463758,8521,0.13183000683784485
1648782848.1729777,8529,0.13183000683784485
1648782848.3338718,8539,0.13183000683784485
1648782848.41703,8544,0.13183000683784485
1648782848.4489348,8546,0.13183000683784485
1648782848.7286103,8563,0.13183000683784485
1648782849.2039778,8592,0.13183000683784485
1648782849.730189,8625,0.13183000683784485
1648782850.1618276,8652,0.13183000683784485
1648782850.5959973,8677,0.13183000683784485
1648782850.7185678,8684,0.13183000683784485
1648782850.770791,8687,0.13183000683784485
1648782850.8990304,8694,0.13183000683784485
1648782851.356839,8720,0.13183000683784485
1648782851.5554473,8732,0.13183000683784485
1648782851.713763,8742,0.13183000683784485
1648782852.1583476,8770,0.13183000683784485
1648782852.2367535,8775,0.13183000683784485
1648782852.2985408,8779,0.13183000683784485
1648782852.3770761,8784,0.13183000683784485
1648782852.516867,8793,0.13183000683784485
1648782852.5493522,8795,0.13183000683784485
1648782853.2247922,8838,0.13183000683784485
1648782853.759919,8872,0.13183000683784485
1648782853.9185433,8882,0.13183000683784485
1648782854.1550891,8897,0.13183000683784485
1648782854.2500248,8903,0.13183000683784485
1648782856.1001303,8929,0.13183000683784485
1648782856.1158488,8930,0.13183000683784485
1648782856.3893774,8947,0.13183000683784485
1648782856.7600007,8970,0.13183000683784485
1648782856.8707712,8977,0.13183000683784485
1648782857.0754764,8990,0.13183000683784485
1648782857.3128803,9005,0.13183000683784485
1648782857.328407,9006,0.13183000683784485
1648782857.6298206,9023,0.13183000683784485
1648782857.720099,9028,0.13183000683784485
1648782857.827324,9034,0.13183000683784485
1648782858.0762587,9048,0.13183000683784485
1648782858.1287403,9051,0.13183000683784485
1648782858.291421,9060,0.13183000683784485
1648782858.3804154,9065,0.13183000683784485
1648782858.5791628,9076,0.13183000683784485
1648782858.8109443,9089,0.13183000683784485
1648782858.8285918,9090,0.13183000683784485
1648782858.8806856,9093,0.13183000683784485
1648782859.0328789,9102,0.13183000683784485
1648782859.1763074,9111,0.13183000683784485
1648782859.3035214,9119,0.13183000683784485
1648782859.3196027,9120,0.13183000683784485
1648782859.7185917,9145,0.13183000683784485
1648782859.8313792,9152,0.13183000683784485
1648782860.4690976,9192,0.13183000683784485
1648782860.6739926,9205,0.13183000683784485
1648782860.735444,9209,0.13183000683784485
1648782861.0046835,9226,0.13183000683784485
1648782861.4501078,9254,0.13183000683784485
1648782861.6083472,9264,0.13183000683784485
1648782861.7207398,9271,0.13183000683784485
1648782861.7364798,9272,0.13183000683784485
1648782861.7689695,9274,0.13183000683784485
1648782862.0728238,9293,0.13183000683784485
1648782862.6613827,9330,0.13183000683784485
1648782863.168548,9362,0.13183000683784485
1648782863.2633133,9368,0.13183000683784485
1648782863.424294,9378,0.13183000683784485
1648782865.1153615,9394,0.13183000683784485
1648782865.3213162,9407,0.13183000683784485
1648782865.6051884,9425,0.13183000683784485
1648782865.982763,9449,0.13183000683784485
1648782865.9975843,9450,0.13183000683784485
1648782866.0442162,9453,0.13183000683784485
1648782866.0921464,9456,0.13183000683784485
1648782866.1080208,9457,0.13183000683784485
1648782866.185079,9462,0.13183000683784485
1648782866.2486916,9466,0.13183000683784485
1648782867.0082488,9514,0.13183000683784485
1648782867.0235136,9515,0.13183000683784485
1648782867.228977,9528,0.13183000683784485
1648782867.2446973,9529,0.13183000683784485
1648782867.3471406,9535,0.13183000683784485
1648782867.567756,9549,0.13183000683784485
1648782867.8370469,9566,0.13183000683784485
1648782868.0551643,9580,0.13183000683784485
1648782868.0878727,9582,0.13183000683784485
1648782868.7518876,9624,0.13183000683784485
1648782869.2049458,9653,0.13183000683784485
1648782869.2356527,9655,0.13183000683784485
1648782869.36063,9663,0.13183000683784485
1648782869.4533916,9669,0.13183000683784485
1648782869.5832,9677,0.13183000683784485
1648782870.0992427,9709,0.13183000683784485
1648782870.2724316,9720,0.13183000683784485
1648782870.6450167,9742,0.13183000683784485
1648782870.9234867,9759,0.13183000683784485
1648782871.0519297,9767,0.13183000683784485
1648782871.133437,9772,0.13183000683784485
1648782871.2454038,9779,0.13183000683784485
1648782871.3785622,9786,0.13183000683784485
1648782871.7363112,9806,0.13183000683784485
1648782871.9885938,9820,0.13183000683784485
1648782872.3032231,9839,0.13183000683784485
1648782874.095284,9861,0.13183000683784485
1648782874.1126502,9862,0.13183000683784485
1648782874.5371106,9889,0.13183000683784485
1648782874.5698986,9891,0.13183000683784485
1648782874.5851169,9892,0.13183000683784485
1648782874.6797013,9898,0.13183000683784485
1648782874.8507905,9909,0.13183000683784485
1648782874.9963474,9918,0.13183000683784485
1648782875.824244,9970,0.13183000683784485
1648782875.889502,9974,0.13183000683784485
1648782876.6471908,10022,0.13183000683784485
1648782876.7242515,10027,0.13183000683784485
1648782876.7725253,10030,0.13183000683784485
1648782876.897731,10038,0.13183000683784485
1648782877.2446477,10060,0.13183000683784485
1648782877.527137,10078,0.13183000683784485
1648782877.5753524,10081,0.13183000683784485
1648782877.9496298,10105,0.13183000683784485
1648782877.9821198,10107,0.13183000683784485
1648782878.2204232,10122,0.13183000683784485
1648782878.3467615,10130,0.13183000683784485
1648782878.5842485,10145,0.13183000683784485
1648782878.7590048,10156,0.13183000683784485
1648782878.8705437,10163,0.13183000683784485
1648782879.0306532,10173,0.13183000683784485
1648782879.0458012,10174,0.13183000683784485
1648782879.5654714,10206,0.13183000683784485
1648782879.6000824,10208,0.13183000683784485
1648782879.724747,10215,0.13183000683784485
1648782880.847763,10283,0.13183000683784485
1648782881.0672119,10297,0.13183000683784485
1648782881.2752619,10310,0.13183000683784485
1648782881.306806,10312,0.13183000683784485
1648782881.3618937,10315,0.13183000683784485
1648782883.1701534,10340,0.13183000683784485
1648782883.4517777,10358,0.13183000683784485
1648782883.530048,10363,0.13183000683784485
1648782883.764822,10378,0.13183000683784485
1648782883.8759081,10385,0.13183000683784485
1648782884.0034866,10393,0.13183000683784485
1648782884.8353674,10446,0.13183000683784485
1648782884.8818765,10449,0.13183000683784485
1648782884.9464412,10453,0.13183000683784485
1648782885.2769687,10474,0.13183000683784485
1648782885.5809577,10493,0.13183000683784485
1648782886.1047525,10526,0.13183000683784485
1648782886.185843,10531,0.13183000683784485
1648782886.2802181,10537,0.13183000683784485
1648782886.2952585,10538,0.13183000683784485
1648782886.7545767,10567,0.13183000683784485
1648782886.8517857,10573,0.13183000683784485
1648782887.0284774,10584,0.13183000683784485
1648782887.5513332,10617,0.13183000683784485
1648782887.568971,10618,0.13183000683784485
1648782887.632206,10622,0.13183000683784485
1648782887.96442,10642,0.13183000683784485
1648782888.077306,10649,0.13183000683784485
1648782888.2083457,10657,0.13183000683784485
1648782888.399572,10669,0.13183000683784485
1648782890.015453,10763,0.13183000683784485
1648782890.2993505,10779,0.13183000683784485
1648782892.053373,10794,0.13183000683784485
1648782892.2175274,10804,0.13183000683784485
1648782892.4924135,10819,0.13183000683784485
1648782892.7182164,10832,0.13183000683784485
1648782892.8782022,10841,0.13183000683784485
1648782893.0507748,10852,0.13183000683784485
1648782893.0660677,10853,0.13183000683784485
1648782893.147705,10858,0.13183000683784485
1648782893.4788692,10879,0.13183000683784485
1648782893.6201642,10888,0.13183000683784485
1648782893.9179778,10906,0.13183000683784485
1648782894.742263,10954,0.13183000683784485
1648782894.886976,10963,0.13183000683784485
1648782895.0097492,10970,0.13183000683784485
1648782895.4014783,10992,0.13183000683784485
1648782896.1580212,11035,0.13183000683784485
1648782896.1927385,11037,0.13183000683784485
1648782896.2632415,11041,0.13183000683784485
1648782896.2973187,11043,0.13183000683784485
1648782896.3866823,11048,0.13183000683784485
1648782896.5100048,11055,0.13183000683784485
1648782896.5638485,11058,0.13183000683784485
1648782897.020219,11084,0.13183000683784485
1648782897.4766061,11110,0.13183000683784485
1648782897.6889422,11122,0.13183000683784485
1648782898.5645447,11172,0.13183000683784485
1648782898.7211773,11181,0.13183000683784485
1648782898.9861462,11196,0.13183000683784485
1648782899.8330994,11248,0.13183000683784485
1648782899.9300725,11254,0.13183000683784485
1648782901.6199768,11270,0.13183000683784485
1648782901.6844492,11274,0.13183000683784485
1648782901.7353735,11277,0.13183000683784485
1648782901.8504272,11284,0.13183000683784485
1648782901.866634,11285,0.13183000683784485
1648782902.7645624,11339,0.13183000683784485
1648782902.9427435,11350,0.13183000683784485
1648782903.0877674,11359,0.13183000683784485
1648782903.1524687,11363,0.13183000683784485
1648782903.2162678,11367,0.13183000683784485
1648782903.2801726,11371,0.13183000683784485
1648782903.5828764,11390,0.13183000683784485
1648782903.614352,11392,0.13183000683784485
1648782903.7754915,11402,0.13183000683784485
1648782903.917915,11411,0.13183000683784485
1648782904.3202462,11436,0.13183000683784485
1648782904.6296332,11455,0.13183000683784485
1648782905.0836036,11483,0.13183000683784485
1648782905.2774947,11495,0.13183000683784485
1648782905.4548311,11506,0.13183000683784485
1648782905.520879,11510,0.13183000683784485
1648782905.7830763,11526,0.13183000683784485
1648782905.9477758,11536,0.13183000683784485
1648782906.0620608,11543,0.13183000683784485
1648782906.192836,11551,0.13183000683784485
1648782906.4195347,11565,0.13183000683784485
1648782906.580901,11575,0.13183000683784485
1648782906.8916898,11594,0.13183000683784485
1648782907.0207078,11602,0.13183000683784485
1648782907.2806635,11618,0.13183000683784485
1648782907.5580614,11635,0.13183000683784485
1648782907.6398728,11640,0.13183000683784485
1648782907.7030923,11644,0.13183000683784485
1648782907.7350702,11646,0.13183000683784485
1648782907.7854092,11649,0.13183000683784485
1648782908.5270672,11695,0.13183000683784485
1648782908.5788674,11698,0.13183000683784485
1648782908.6308014,11701,0.13183000683784485
1648782908.6810083,11704,0.13183000683784485
1648782908.7125096,11706,0.13183000683784485
1648782910.6756964,11738,0.13183000683784485
1648782911.2310414,11773,0.13183000683784485
1648782911.3828933,11782,0.13183000683784485
1648782911.8931334,11814,0.13183000683784485
1648782912.424312,11847,0.13183000683784485
1648782912.6028688,11858,0.13183000683784485
1648782912.8441334,11873,0.13183000683784485
1648782913.2118819,11896,0.13183000683784485
1648782913.3740697,11906,0.13183000683784485
1648782914.371165,11968,0.13183000683784485
1648782914.612694,11983,0.13183000683784485
1648782914.779383,11993,0.13183000683784485
1648782915.10084,12012,0.13183000683784485
1648782915.5475607,12040,0.13183000683784485
1648782915.5658038,12041,0.13183000683784485
1648782915.7406478,12052,0.13183000683784485
1648782915.833457,12058,0.13183000683784485
1648782916.1884358,12081,0.13183000683784485
1648782916.2338996,12084,0.13183000683784485
1648782916.8714466,12125,0.13183000683784485
1648782916.9013116,12127,0.13183000683784485
1648782917.1165297,12141,0.13183000683784485
1648782917.5513425,12169,0.13183000683784485
1648782917.814667,12186,0.13183000683784485
1648782919.8600273,12228,0.13183000683784485
1648782919.9367654,12233,0.13183000683784485
1648782920.2779613,12255,0.13183000683784485
1648782920.6513019,12279,0.13183000683784485
1648782920.7928329,12288,0.13183000683784485
1648782920.980244,12300,0.13183000683784485
1648782921.105505,12308,0.13183000683784485
1648782921.647297,12343,0.13183000683784485
1648782921.9300456,12361,0.13183000683784485
1648782922.4154665,12392,0.13183000683784485
1648782922.461484,12395,0.13183000683784485
1648782923.3137536,12450,0.13183000683784485
1648782923.4306927,12457,0.13183000683784485
1648782923.4479887,12458,0.13183000683784485
1648782923.836801,12480,0.13183000683784485
1648782923.9760537,12488,0.13183000683784485
1648782924.169303,12499,0.13183000683784485
1648782924.2041037,12501,0.13183000683784485
1648782924.257504,12504,0.13183000683784485
1648782924.6954656,12529,0.13183000683784485
1648782925.2939394,12566,0.13183000683784485
1648782925.5647955,12583,0.13183000683784485
1648782925.7364056,12594,0.13183000683784485
1648782925.9392545,12607,0.13183000683784485
1648782926.142603,12620,0.13183000683784485
1648782926.4091802,12637,0.13183000683784485
1648782926.5009742,12643,0.13183000683784485
1648782926.7489595,12659,0.13183000683784485
1648782928.2932136,12665,0.13183000683784485
1648782928.4553351,12675,0.13183000683784485
1648782929.444896,12733,0.13183000683784485
1648782929.6400306,12745,0.13183000683784485
1648782930.3260074,12784,0.13183000683784485
1648782930.3485563,12785,0.13183000683784485
1648782930.5163715,12794,0.13183000683784485
1648782930.6630456,12803,0.13183000683784485
1648782931.0411048,12826,0.13183000683784485
1648782931.2691758,12840,0.13183000683784485
1648782931.5313725,12855,0.13183000683784485
1648782932.6052845,12917,0.13183000683784485
1648782932.822814,12930,0.13183000683784485
1648782933.635367,12978,0.13183000683784485
1648782933.6528215,12979,0.13183000683784485
1648782933.9074419,12993,0.13183000683784485
1648782933.9972055,12998,0.13183000683784485
1648782934.028564,13000,0.13183000683784485
1648782934.0925868,13004,0.13183000683784485
1648782934.1742396,13009,0.13183000683784485
1648782934.3645954,13021,0.13183000683784485
1648782935.1249483,13068,0.13183000683784485
1648782935.2370937,13075,0.13183000683784485
1648782935.379162,13084,0.13183000683784485
1648782935.71553,13105,0.13183000683784485
1648782935.9905906,13122,0.13183000683784485
1648782936.006159,13123,0.13183000683784485
1648782939.1309276,13218,0.13183000683784485
1648782939.5375106,13241,0.13183000683784485
1648782939.7493432,13253,0.13183000683784485
1648782940.55986,13298,0.13183000683784485
1648782940.5953925,13300,0.13183000683784485
1648782940.9596376,13321,0.13183000683784485
1648782941.1162722,13331,0.13183000683784485
1648782941.311487,13342,0.13183000683784485
1648782941.8692474,13374,0.13183000683784485
1648782941.8874855,13375,0.13183000683784485
1648782941.9722831,13380,0.13183000683784485
1648782942.2344227,13396,0.13183000683784485
1648782942.282732,13399,0.13183000683784485
1648782942.395895,13406,0.13183000683784485
1648782942.5707898,13417,0.13183000683784485
1648782942.7453814,13428,0.13183000683784485
1648782942.8412554,13434,0.13183000683784485
1648782942.87373,13436,0.13183000683784485
1648782942.9385598,13440,0.13183000683784485
1648782943.0974789,13450,0.13183000683784485
1648782943.1278658,13452,0.13183000683784485
1648782943.5697737,13480,0.13183000683784485
1648782943.6345363,13484,0.13183000683784485
1648782943.8731878,13499,0.13183000683784485
1648782943.9848845,13506,0.13183000683784485
1648782944.514289,13539,0.13183000683784485
1648782944.5610192,13542,0.13183000683784485
1648782944.891891,13563,0.13183000683784485
1648782944.9068587,13564,0.13183000683784485
1648782944.9223378,13565,0.13183000683784485
1648782945.0990946,13576,0.13183000683784485
1648782945.319586,13589,0.13183000683784485
1648782946.9593718,13602,0.13183000683784485
1648782947.0728827,13609,0.13183000683784485
1648782947.567174,13640,0.13183000683784485
1648782947.6006033,13642,0.13183000683784485
1648782947.9668667,13665,0.13183000683784485
1648782948.1794868,13678,0.13183000683784485
1648782948.427245,13693,0.13183000683784485
1648782948.4436915,13694,0.13183000683784485
1648782948.4763296,13696,0.13183000683784485
1648782948.6736183,13708,0.13183000683784485
1648782948.7072196,13710,0.13183000683784485
1648782948.7735627,13714,0.13183000683784485
1648782948.9352858,13724,0.13183000683784485
1648782949.6651106,13769,0.13183000683784485
1648782950.652297,13830,0.13183000683784485
1648782951.0293384,13853,0.13183000683784485
1648782951.1090345,13858,0.13183000683784485
1648782951.3193016,13871,0.13183000683784485
1648782951.6609032,13892,0.13183000683784485
1648782952.2073681,13925,0.13183000683784485
1648782952.4675994,13941,0.13183000683784485
1648782952.5502415,13946,0.13183000683784485
1648782952.6147478,13950,0.13183000683784485
1648782952.6803145,13954,0.13183000683784485
1648782952.7786427,13960,0.13183000683784485
1648782953.2131143,13987,0.13183000683784485
1648782953.2763934,13991,0.13183000683784485
1648782953.4062245,13999,0.13183000683784485
1648782953.5490963,14008,0.13183000683784485
1648782954.1091788,14043,0.13183000683784485
1648782954.4284444,14063,0.13183000683784485
1648782954.4594128,14065,0.13183000683784485
