Wall time,Step,Value
1648782684.6813345,3,2.292174816131592
1648782685.0129483,23,0.7380112409591675
1648782685.3042855,41,0.5285689234733582
1648782685.3203783,42,0.37536051869392395
1648782685.6898665,64,0.3383539617061615
1648782685.9623058,81,0.24931102991104126
1648782686.5724971,117,0.10278911143541336
1648782686.670284,123,0.2838843762874603
1648782686.7354538,127,0.16013477742671967
1648782686.9489524,140,0.23014859855175018
1648782687.2122166,156,0.10613535344600677
1648782687.7623365,188,0.12872377038002014
1648782687.8339815,192,0.17588944733142853
1648782688.3275456,223,0.12665137648582458
1648782688.358276,225,0.09107217937707901
1648782688.6117966,241,0.23457857966423035
1648782689.0753062,270,0.19321539998054504
1648782689.39448,290,0.15021030604839325
1648782689.6218789,304,0.18561705946922302
1648782689.657273,306,0.02182988077402115
1648782689.8660147,319,0.0850248709321022
1648782689.898708,320,0.0889323353767395
1648782689.9901543,326,0.12702329456806183
1648782690.2294054,341,0.09708663821220398
1648782690.2803264,344,0.13130930066108704
1648782690.4889886,356,0.036772701889276505
1648782690.559397,360,0.06642238795757294
1648782690.9127595,380,0.13814932107925415
1648782691.1440573,393,0.17370779812335968
1648782691.3234499,404,0.105316661298275
1648782691.5278862,417,0.08918006718158722
1648782691.652312,425,0.03273232653737068
1648782692.2055023,459,0.07856225222349167
1648782693.921436,469,0.041723016649484634
1648782694.2922616,492,0.23250851035118103
1648782694.357475,496,0.04055584967136383
1648782695.0022738,536,0.03851466625928879
1648782695.2415557,551,0.0731455609202385
1648782695.2596762,552,0.07910488545894623
1648782695.4858267,566,0.05377255752682686
1648782695.9165933,593,0.04438477009534836
1648782695.9642189,596,0.012141491286456585
1648782696.2344692,613,0.06266926229000092
1648782696.3467224,620,0.08916419744491577
1648782696.5887563,635,0.04313390329480171
1648782696.719705,643,0.09995429217815399
1648782697.1006227,667,0.11155050992965698
1648782697.2754838,678,0.08644550293684006
1648782697.7530038,708,0.10819770395755768
1648782698.0136073,724,0.06720256805419922
1648782698.0966804,729,0.08257768303155899
1648782698.8733487,777,0.07788687199354172
1648782699.2291024,799,0.1074821725487709
1648782699.3267553,805,0.08574625104665756
1648782699.4391975,812,0.03499222174286842
1648782699.5539339,819,0.04574497044086456
1648782699.907316,841,0.04781558737158775
1648782700.2133834,860,0.11082280427217484
1648782700.4349678,874,0.0288058090955019
1648782700.9644637,907,0.09977667033672333
1648782701.1097493,916,0.033024225383996964
1648782701.2997236,928,0.06571653485298157
1648782701.3954265,934,0.046813275665044785
1648782703.0806994,951,0.0686463788151741
1648782703.1443298,955,0.038326989859342575
1648782703.2431328,961,0.1620054692029953
1648782703.7594004,993,0.06657654047012329
1648782703.7930574,995,0.031137587502598763
1648782703.8906984,1001,0.044978123158216476
1648782704.0013733,1008,0.02397856116294861
1648782704.0974274,1014,0.03819393739104271
1648782704.384037,1032,0.1128677949309349
1648782704.4170918,1034,0.03359415754675865
1648782704.5124502,1040,0.03933537006378174
1648782704.672363,1050,0.019232194870710373
1648782704.8402424,1060,0.11884922534227371
1648782705.619343,1104,0.02230372279882431
1648782705.7621522,1112,0.05799403786659241
1648782705.9368367,1122,0.039179783314466476
1648782706.0947692,1131,0.02891455963253975
1648782706.221006,1139,0.07616648823022842
1648782706.4600785,1154,0.06417419761419296
1648782706.5907125,1162,0.0423329696059227
1648782706.684972,1168,0.016759438440203667
1648782706.731704,1171,0.17842039465904236
1648782706.8434134,1178,0.01793338730931282
1648782706.9069684,1182,0.07186657935380936
1648782707.4289553,1215,0.05493437126278877
1648782707.7111692,1233,0.020525533705949783
1648782707.7750063,1237,0.039864130318164825
1648782707.8367689,1241,0.06184054911136627
1648782707.9477394,1248,0.036425597965717316
1648782708.1548398,1261,0.05976569652557373
1648782708.218265,1265,0.07799473404884338
1648782708.4094381,1277,0.040262844413518906
1648782709.129747,1322,0.014420907944440842
1648782709.2862737,1332,0.030247045680880547
1648782709.380978,1338,0.11190208792686462
1648782709.4281023,1341,0.04073179513216019
1648782709.474561,1344,0.07653232663869858
1648782709.5371478,1348,0.05724749714136124
1648782709.6925516,1358,0.09274635463953018
1648782709.7879333,1364,0.009054407477378845
1648782709.8362434,1367,0.07691037654876709
1648782709.900676,1371,0.07041539251804352
1648782712.2122507,1426,0.006253854371607304
1648782712.4083705,1438,0.03895163536071777
1648782712.4241426,1439,0.037894442677497864
1648782712.4402342,1440,0.013589626178145409
1648782712.457494,1441,0.020596323534846306
1648782712.7906525,1462,0.02622516080737114
1648782713.049196,1477,0.08134438842535019
1648782713.125942,1482,0.01629209704697132
1648782713.3045595,1493,0.007058367133140564
1648782713.5447752,1508,0.014815866947174072
1648782713.5604198,1509,0.05039091035723686
1648782714.2439013,1550,0.020530393347144127
1648782714.5948892,1572,0.06445058435201645
1648782714.6281662,1574,0.02405667118728161
1648782714.6742046,1577,0.033361684530973434
1648782714.894204,1591,0.07115349918603897
1648782714.9409196,1594,0.031317561864852905
1648782714.9749727,1596,0.01777772232890129
1648782715.1034002,1604,0.02378598228096962
1648782715.1850998,1609,0.06771568953990936
1648782715.458775,1626,0.02436583675444126
1648782715.726946,1643,0.057380080223083496
1648782716.3048103,1679,0.00426458939909935
1648782716.368715,1683,0.011487474665045738
1648782716.398881,1685,0.007389521691948175
1648782716.4171917,1686,0.08953142911195755
1648782716.5436413,1694,0.019817611202597618
1648782716.7036474,1704,0.035449616611003876
1648782716.977641,1721,0.0031301649287343025
1648782717.0403085,1725,0.033782731741666794
1648782717.2794802,1740,0.0066822911612689495
1648782717.4424887,1750,0.02865557372570038
1648782717.5045924,1754,0.08443357795476913
1648782717.6477916,1763,0.021296344697475433
1648782717.9164238,1780,0.019570404663681984
1648782718.1561136,1795,0.030085021629929543
1648782718.2364,1800,0.07360834628343582
1648782718.2517133,1801,0.013666667975485325
1648782718.3474803,1807,0.05659942328929901
1648782718.3779166,1809,0.014143804088234901
1648782718.426971,1812,0.011511734686791897
1648782718.568401,1821,0.03843238577246666
1648782718.5837688,1822,0.04078731685876846
1648782719.2996676,1867,0.006734816823154688
1648782721.0125785,1883,0.012879331596195698
1648782721.5818012,1919,0.017294887453317642
1648782721.6128228,1921,0.009655565954744816
1648782721.8205926,1934,0.039826132357120514
1648782721.8682854,1937,0.03205054625868797
1648782721.932714,1941,0.054503221064805984
1648782722.341307,1967,0.02805205062031746
1648782722.531212,1979,0.013682662509381771
1648782722.5647924,1981,0.045572713017463684
1648782722.6584644,1987,0.003083209739997983
1648782722.896437,2002,0.00809165183454752
1648782722.9592917,2006,0.014380928128957748
1648782723.0689738,2013,0.008934034034609795
1648782723.1326258,2017,0.010294804349541664
1648782723.6278844,2048,0.05390188843011856
1648782723.8409653,2061,0.034541819244623184
1648782724.068794,2075,0.005493581295013428
1648782724.1990848,2083,0.005519054364413023
1648782724.2334573,2085,0.026014268398284912
1648782724.5045373,2102,0.01957836002111435
1648782725.3495784,2155,0.02922782115638256
1648782725.5226212,2166,0.03827591612935066
1648782725.572482,2169,0.017465289682149887
1648782726.0534112,2199,0.02719051204621792
1648782726.245259,2211,0.0032102693803608418
1648782726.564195,2231,0.039201587438583374
1648782726.9176095,2253,0.0334293395280838
1648782726.9794707,2257,0.04701274260878563
1648782726.9949322,2258,0.003490591188892722
1648782727.2042406,2271,0.010143890045583248
1648782727.269238,2275,0.034255679696798325
1648782727.3008475,2277,0.0633639246225357
1648782727.412784,2284,0.08303757011890411
1648782727.497752,2289,0.012577738612890244
1648782727.6721845,2299,0.04743654280900955
1648782727.9034421,2312,0.038196973502635956
1648782728.1714447,2327,0.025463948026299477
1648782728.4174063,2341,0.011364706791937351
1648782729.9400604,2347,0.009947325102984905
1648782730.0537634,2354,0.017448976635932922
1648782730.3637974,2373,0.02468157932162285
1648782730.4914691,2381,0.06757576018571854
1648782730.6511285,2391,0.04719095304608345
1648782731.370816,2436,0.06321348994970322
1648782731.577688,2449,0.003906453959643841
1648782731.6535637,2454,0.02092924527823925
1648782732.1416495,2485,0.020198849961161613
1648782732.187085,2488,0.007629965897649527
1648782732.3140368,2496,0.021563049405813217
1648782732.4892201,2507,0.037880897521972656
1648782732.5509512,2511,0.008148337714374065
1648782732.567839,2512,0.018185706809163094
1648782732.6301131,2516,0.013683143071830273
1648782733.2832794,2557,0.0335368774831295
1648782733.9755492,2601,0.009002390317618847
1648782734.3230236,2623,0.06887546926736832
1648782734.5786867,2639,0.03415478765964508
1648782734.722718,2648,0.05227601155638695
1648782735.0764294,2670,0.027339408174157143
1648782735.2533045,2681,0.013712243176996708
1648782735.716428,2710,0.04444991052150726
1648782735.763733,2713,0.03176433593034744
1648782736.663872,2769,0.0429738312959671
1648782737.357656,2812,0.025474445894360542
1648782737.3705308,2813,0.06287211924791336
1648782738.9841914,2825,0.0052338214591145515
1648782739.7957664,2876,0.003609800012782216
1648782740.1739955,2900,0.01979038305580616
1648782740.3800542,2913,0.040537651628255844
1648782740.521192,2922,0.00374573259614408
1648782740.5703723,2925,0.007524676620960236
1648782741.0859525,2958,0.01908237300813198
1648782741.212037,2966,0.009317795746028423
1648782741.324403,2973,0.021942198276519775
1648782741.519227,2985,0.0043549323454499245
1648782741.684822,2995,0.006190225947648287
1648782742.0488727,3017,0.014545600861310959
1648782742.152759,3023,0.003864842001348734
1648782742.3111649,3032,0.00765672093257308
1648782742.4882927,3042,0.009261853992938995
1648782743.1094236,3077,0.0075713275000452995
1648782743.3772793,3092,0.07076040655374527
1648782743.7309864,3112,0.009398379363119602
1648782743.8762615,3120,0.026245959103107452
1648782744.0332859,3129,0.024687841534614563
1648782744.6354055,3163,0.0014540572883561254
1648782744.6986136,3167,0.017623966559767723
1648782745.0079892,3186,0.012792829424142838
1648782745.1200292,3193,0.007226401008665562
1648782745.2315915,3200,0.0741211548447609
1648782745.5086474,3217,0.03907201439142227
1648782745.6371942,3225,0.012935450300574303
1648782746.3026164,3266,0.0026433344464749098
1648782748.1994603,3295,0.0225237887352705
1648782748.7509294,3330,0.005070166662335396
1648782749.3467135,3368,0.007910224609076977
1648782749.5445945,3381,0.00043511902913451195
1648782749.574813,3383,0.005590430460870266
1648782750.3305254,3432,0.003510582260787487
1648782750.4215782,3438,0.016818372532725334
1648782751.052143,3479,0.0064219264313578606
1648782751.342653,3498,0.01410214975476265
1648782751.4355824,3504,0.03432415425777435
1648782751.4834375,3507,0.0042645554058253765
1648782751.916608,3535,0.004385915119200945
1648782752.2863078,3559,0.03733116388320923
1648782752.4694042,3571,0.029268033802509308
1648782752.5911307,3579,0.02071225456893444
1648782752.8351262,3595,0.002473154803737998
1648782752.8817542,3598,0.005852081347256899
1648782753.0498857,3609,0.0031516908202320337
1648782753.0828886,3611,0.012504070065915585
1648782753.299911,3625,0.005402210634201765
1648782753.3309033,3627,0.003662476781755686
1648782753.5797718,3643,0.008668496273458004
1648782753.827824,3659,0.03348231315612793
1648782754.280049,3688,0.018031658604741096
1648782754.3406572,3692,0.019386060535907745
1648782754.9462996,3731,0.020106015726923943
1648782754.9618046,3732,0.010096220299601555
1648782754.9928653,3734,0.007096769288182259
1648782755.1970143,3747,0.03417658060789108
1648782756.9787574,3769,0.0036978726275265217
1648782757.441134,3798,0.014084644615650177
1648782757.6912217,3814,0.027445362880825996
1648782757.9525118,3831,0.0021307882852852345
1648782758.156993,3844,0.006396306212991476
1648782758.2360914,3849,0.00646795891225338
1648782758.822887,3887,0.03476995229721069
1648782758.855736,3889,0.009378892369568348
1648782759.24356,3914,0.012351687997579575
1648782759.5853457,3936,0.0016882320633158088
1648782759.7106986,3944,0.0032449844293296337
1648782759.7427378,3946,0.0070068808272480965
1648782759.8662136,3954,0.05395015329122543
1648782759.881218,3955,0.008821628987789154
1648782759.9892867,3962,0.0071575031615793705
1648782760.178059,3974,0.003877627896144986
1648782760.3040366,3982,0.009426346980035305
1648782760.3193164,3983,0.01289884652942419
1648782760.6773698,4006,0.00368823716416955
1648782761.0496783,4030,0.023062633350491524
1648782761.6099124,4066,0.028948161751031876
1648782761.625307,4067,0.010184337384998798
1648782761.655819,4069,0.001194223528727889
1648782761.6885197,4071,0.02243092656135559
1648782762.0066133,4091,0.006876948289573193
1648782762.4076593,4116,0.011699721217155457
1648782762.4386187,4118,0.002322755055502057
1648782762.9446979,4150,0.004225103184580803
1648782763.0239992,4155,0.037296999245882034
1648782763.6142187,4192,0.030514249578118324
1648782763.6607728,4195,0.004623830318450928
1648782763.7561314,4201,0.016575511544942856
1648782763.8370492,4206,0.034919172525405884
1648782763.8528943,4207,0.013581003062427044
1648782764.0112257,4217,0.014632985927164555
1648782765.5088527,4221,0.0035042897798120975
1648782765.6523104,4230,0.0030146106146275997
1648782766.2553577,4265,0.00863663386553526
1648782766.7332027,4292,0.0019880218897014856
1648782766.8388047,4298,0.015807325020432472
1648782766.9091115,4302,0.013832089491188526
1648782766.9617019,4305,0.012556971982121468
1648782767.2442725,4322,0.021061966195702553
1648782767.7201147,4351,0.0007000443292781711
1648782767.736213,4352,0.011395025067031384
1648782768.0255277,4370,0.001895219087600708
1648782768.088455,4374,0.007234677672386169
1648782768.1205506,4376,0.015453778207302094
1648782768.1846507,4380,0.0011070986511185765
1648782768.5831635,4405,0.002056294586509466
1648782768.6757066,4411,0.015546988695859909
1648782769.29252,4450,0.007316137198358774
1648782769.5569518,4467,0.02153025195002556
1648782769.995337,4495,0.03860193118453026
1648782770.2496662,4511,0.0013353069080039859
1648782770.376542,4519,0.0022161740344017744
1648782770.5489388,4530,0.007130868267267942
1648782770.6126475,4534,0.002970155095681548
1648782770.8051448,4546,0.005291317589581013
1648782771.2523181,4574,0.003615551395341754
1648782771.2683313,4575,0.000912692688871175
1648782771.6520064,4599,0.010800032876431942
1648782771.667671,4600,0.004634310957044363
1648782771.9268723,4616,0.004790300037711859
1648782772.1198664,4628,0.0009686482371762395
1648782772.6361518,4660,0.0012769050663337111
1648782773.0198352,4684,0.018927155062556267
1648782774.5672448,4691,0.0009079583105631173
1648782775.1139188,4725,0.007598387077450752
1648782775.3032687,4737,0.021076781675219536
1648782775.928052,4776,0.0012960804160684347
1648782775.9932973,4780,0.00532983522862196
1648782776.0248644,4782,0.0005636290879920125
1648782776.0567343,4784,0.002301266882568598
1648782776.0725877,4785,0.0007285445462912321
1648782776.1398077,4789,0.008856265805661678
1648782776.2034495,4793,0.000673786795232445
1648782776.4522457,4808,0.004717385862022638
1648782776.5477164,4814,0.000806239026132971
1648782776.5668874,4815,0.004189549945294857
1648782776.875947,4834,0.0026486993301659822
1648782777.0255122,4843,0.009148039855062962
1648782777.1042757,4848,0.020813988521695137
1648782777.229491,4856,0.015978718176484108
1648782777.3870156,4866,0.003767411457374692
1648782777.7509663,4889,0.002643578452989459
1648782777.9402611,4901,0.0018880483694374561
1648782778.0808046,4910,0.003915553446859121
1648782778.1458163,4914,0.005290943197906017
1648782778.5145524,4937,0.03920798376202583
1648782779.1557984,4977,0.001382992952130735
1648782779.2673533,4984,0.007401356473565102
1648782779.3296192,4988,0.0006546188378706574
1648782779.3781414,4991,0.0013005553046241403
1648782779.616167,5006,0.0025091092102229595
1648782779.6476538,5008,0.006061531137675047
1648782779.759518,5015,0.002639116020873189
1648782779.9192607,5025,0.004313526209443808
1648782780.7622676,5078,0.005368881858885288
1648782780.9231706,5088,0.0012200981145724654
1648782781.3048596,5112,0.0038053758908063173
1648782781.4029112,5118,0.0010959104401990771
1648782781.6289663,5132,0.0006233791937120259
1648782781.6604364,5134,0.0005023640114814043
1648782781.726516,5138,0.011303178034722805
1648782781.823225,5144,0.01449516974389553
1648782783.597091,5162,0.0022546208929270506
1648782783.9120257,5181,0.0030809950549155474
1648782783.995354,5186,0.002038750797510147
1648782784.1613069,5196,0.0010171914473176003
1648782784.244887,5201,0.0005804151296615601
1648782784.6098094,5223,0.0019413025584071875
1648782784.7099004,5229,0.0013392933178693056
1648782785.6001215,5283,0.002210147213190794
1648782785.8640285,5299,0.007817210629582405
1648782786.057979,5311,0.0022449232637882233
1648782786.2113504,5320,0.0003818261029664427
1648782786.247317,5322,0.0019385776249691844
1648782786.26517,5323,0.0008862720569595695
1648782786.464993,5334,0.0016037111636251211
1648782786.4829185,5335,0.0023868789430707693
1648782786.7341907,5349,0.0038446765393018723
1648782786.7532294,5350,0.001028322847560048
1648782787.4801593,5391,0.001116855419240892
1648782787.5131135,5393,0.00036107187042944133
1648782787.9129512,5418,0.0047332788817584515
1648782788.4405398,5451,0.002580380067229271
1648782788.607471,5461,0.019423076882958412
1648782788.623827,5462,0.00113781844265759
1648782788.6753502,5465,0.000198205845663324
1648782788.7251196,5468,0.002200547605752945
1648782788.7622213,5470,0.0004109806031920016
1648782788.8316317,5474,0.00971142016351223
1648782789.1032445,5491,0.004433248192071915
1648782789.1909523,5496,0.0003336450317874551
1648782789.499444,5515,0.0016402729088440537
1648782789.6131985,5522,0.0006514389533549547
1648782789.7957015,5533,0.0027718855999410152
1648782789.8114808,5534,0.0008138167904689908
1648782789.8945725,5539,0.007543522398918867
1648782789.9727612,5544,0.0008789898129180074
1648782791.2742984,5624,0.03654969483613968
1648782791.2927647,5625,0.007225419860333204
1648782793.1845982,5653,0.0003527014923747629
1648782793.2490094,5657,0.00012587950914166868
1648782793.775504,5690,0.0011430912418290973
1648782793.8534436,5695,0.0004529380821622908
1648782794.1799266,5715,0.0006913021788932383
1648782794.3446894,5725,0.002779225120320916
1648782794.4887514,5734,0.00605622585862875
1648782794.5361767,5737,0.0005052253836765885
1648782794.841641,5756,0.001319109695032239
1648782794.888434,5759,0.001263415440917015
1648782795.0006902,5766,0.0004676351381931454
1648782795.0183308,5767,0.0013925547245889902
1648782795.6938252,5809,0.007128505036234856
1648782795.740287,5812,0.0013269572518765926
1648782796.2226195,5842,0.0027516959235072136
1648782796.3491707,5850,0.012811494059860706
1648782796.4288702,5855,0.0018998393788933754
1648782796.701129,5872,0.002032236661761999
1648782796.7170737,5873,0.004059000872075558
1648782796.9768767,5889,0.0016198867233470082
1648782797.1565619,5900,0.0002737150061875582
1648782797.359547,5913,0.00272093596868217
1648782797.3934536,5915,0.0020383549854159355
1648782797.5239992,5923,0.0017637450946494937
1648782797.7956936,5940,0.0004138287913519889
1648782798.1648517,5961,0.0046442048624157906
1648782798.3645146,5973,0.0003104968345724046
1648782798.3807228,5974,0.0012072331737726927
1648782798.447675,5978,6.078671140130609e-05
1648782798.881309,6005,0.0010693053482100368
1648782798.961838,6010,0.0016291342908516526
1648782801.9103012,6103,0.0005060355179011822
1648782801.9267612,6104,0.0003387841279618442
1648782802.3150823,6128,0.011881374754011631
1648782802.511433,6140,0.0011975443921983242
1648782802.5300155,6141,0.0011439475929364562
1648782802.7096195,6152,0.00024126730568241328
1648782803.0359454,6172,0.0022712943609803915
1648782803.0854664,6175,0.0016876275185495615
1648782803.3316534,6190,0.001087418058887124
1648782803.5898871,6206,0.000491912302095443
1648782803.6247158,6208,0.0006112720584496856
1648782803.9283676,6227,0.0028631428722292185
1648782804.0892744,6237,0.006607725750654936
1648782804.1038141,6238,0.002373985480517149
1648782804.2778478,6249,0.00030851352494210005
1648782804.55998,6266,0.0009814656805247068
1648782804.66104,6272,0.00026037602219730616
1648782804.841239,6283,0.00015074170369189233
1648782804.9684606,6291,0.0006776754162274301
1648782804.9876904,6292,0.0015452401712536812
1648782805.2616081,6309,0.0007170122698880732
1648782805.5638697,6327,0.009960747323930264
1648782805.8790145,6344,0.0007233646465465426
1648782806.000931,6351,0.001003882265649736
1648782806.021214,6352,2.014682650042232e-05
1648782806.178825,6361,0.0005967631586827338
1648782806.3714273,6373,0.007452856283634901
1648782806.4182363,6376,0.00040766497841104865
1648782806.8913229,6405,0.0017784752417355776
1648782808.385191,6495,0.0009329707245342433
1648782808.5388803,6504,0.0002222781622549519
1648782808.696346,6514,0.0014848661376163363
1648782808.8067782,6521,0.0014616684056818485
1648782808.9345646,6529,0.0001855403825175017
1648782808.9991848,6533,0.00016631041944492608
1648782811.5051353,6598,0.0007252552313730121
1648782811.5381892,6600,0.0002846985007636249
1648782811.5685973,6602,0.0006636047037318349
1648782811.679279,6609,0.00024073563690762967
1648782811.695092,6610,0.002904312452301383
1648782811.9905608,6628,0.0005016872310079634
1648782812.067815,6633,0.0003081867180299014
1648782812.150479,6638,0.0006682824459858239
1648782812.9354386,6686,0.0006156180752441287
1648782813.3210607,6709,0.0005707727978006005
1648782813.388439,6713,8.249581878772005e-05
1648782813.6331496,6728,0.0006455949041992426
1648782814.037688,6753,0.00021955902047920972
1648782814.1734645,6761,0.005833650007843971
1648782814.2882702,6768,0.0011302951024845243
1648782814.5768034,6786,0.002932543633505702
1648782814.9001079,6806,0.00063228455837816
1648782815.3320646,6833,0.0018934321124106646
1648782815.347696,6834,0.00021417782409116626
1648782815.5566916,6847,0.0004439666518010199
1648782816.2134018,6888,6.685588596155867e-05
1648782816.229125,6889,0.0002908623428083956
1648782816.2756686,6892,0.00028040670440532267
1648782816.5798006,6911,0.0005601220764219761
1648782816.7883725,6924,0.0008455071365460753
1648782816.8197556,6926,0.00024420380941592157
1648782816.8846953,6930,0.004073352087289095
1648782817.043461,6940,0.0020434223115444183
1648782817.409646,6963,0.00017556668899487704
1648782817.5220351,6970,0.0025276022497564554
1648782817.5407758,6971,0.016723157837986946
1648782817.603273,6975,0.00025229662423953414
1648782817.9536412,6997,0.0008219757000915706
1648782820.1800117,7047,0.0002348677662666887
1648782820.3289294,7056,0.0003677613567560911
1648782820.7546492,7083,0.0011235944693908095
1648782821.0234246,7100,0.00018846541934181005
1648782821.327469,7119,0.0012106869835406542
1648782821.3724897,7122,9.705764387035742e-05
1648782821.4357073,7126,0.0013093079905956984
1648782821.62267,7138,0.00733232032507658
1648782821.6397386,7139,0.0010227436432614923
1648782821.8162284,7150,0.00016289675841107965
1648782822.0706816,7166,0.0005525433225557208
1648782822.2314522,7176,0.00014025869313627481
1648782822.3593562,7184,0.0005262395716272295
1648782822.5338545,7195,0.0005242342595010996
1648782822.6278515,7201,0.0002225494827143848
1648782822.8337946,7214,0.0004537004861049354
1648782822.8494523,7215,5.78485123696737e-05
1648782822.9599793,7222,0.0004279879794921726
1648782823.1501222,7234,0.00040411995723843575
1648782823.3089936,7244,0.0003566040250007063
1648782823.483148,7255,0.0001579296513227746
1648782824.2183394,7301,0.00013957115879748017
1648782824.2804995,7305,9.384827717440203e-05
1648782824.5353763,7321,0.00010975350596709177
1648782824.6137335,7326,0.0005203994805924594
1648782824.8275836,7339,0.00048249843530356884
1648782824.924337,7345,0.00033471337519586086
1648782824.9897685,7349,0.0005840008961968124
1648782825.0365973,7352,0.00019683083519339561
1648782825.1487882,7359,0.00027372498880140483
1648782825.2605863,7366,0.0001310943771386519
1648782825.3566897,7372,0.0001298852585023269
1648782825.6439428,7390,0.00018874120723921806
1648782826.0291777,7414,0.00021967447537463158
1648782826.4124851,7438,0.0010333997197449207
1648782826.5241594,7445,0.0006897426792420447
1648782826.7328196,7458,0.0020172882359474897
1648782826.8442478,7465,0.00038524201954714954
1648782827.1331112,7483,0.00019622783293016255
1648782827.1486542,7484,0.0005651209503412247
1648782827.2946315,7493,0.00021542453032452613
1648782827.3265631,7495,0.0005364040262065828
1648782827.3608372,7497,0.0001170951290987432
1648782829.1202679,7518,0.0002791321894619614
1648782829.1359775,7519,4.907586480840109e-05
1648782830.1956718,7585,0.0001869769039331004
1648782830.3232808,7593,0.0003032927925232798
1648782830.3885243,7597,0.0025539796333760023
1648782830.4990919,7604,0.0011890544556081295
1648782830.6276524,7612,0.0003370265767443925
1648782830.6592112,7614,0.0003842678270302713
1648782830.692897,7616,0.0003512612893246114
1648782830.7899818,7622,0.000958230986725539
1648782831.14041,7644,0.00014777170144952834
1648782831.1554804,7645,6.720246165059507e-05
1648782831.4073055,7661,0.0007257482502609491
1648782831.5848393,7672,0.000574998848605901
1648782831.9496374,7695,0.0005322492215782404
1648782832.1922743,7710,0.00027343982947058976
1648782832.7423744,7744,0.0003263244580011815
1648782832.8852556,7753,0.00017306576773989946
1648782833.0580063,7764,0.0002397898497292772
1648782833.295324,7779,0.0017801934154704213
1648782833.3409836,7782,2.081572893075645e-05
1648782833.6245992,7800,0.0002696979499887675
1648782834.670741,7866,0.00013117986964061856
1648782834.8771036,7879,4.7190002078423277e-05
1648782836.0841882,7954,7.332915265578777e-05
1648782836.2735171,7966,0.0020081934053450823
1648782836.3389053,7970,0.0001922097580973059
1648782838.2585545,8001,0.000209156030905433
1648782838.4035,8010,0.00019886220979969949
1648782838.6944163,8028,0.00012385840818751603
1648782838.8525162,8038,0.000118601783469785
1648782838.9173133,8042,0.0002612863318063319
1648782839.3306992,8068,0.00012444013555068523
1648782839.3654518,8070,0.00041801208863034844
1648782839.4126248,8073,0.0004141224781051278
1648782839.5271208,8080,0.0002538891858421266
1648782839.5425303,8081,0.00032575512886978686
1648782839.6246028,8086,0.0001031131178024225
1648782840.1865063,8121,0.0002241975162178278
1648782840.2486506,8125,0.0004261367430444807
1648782840.3601596,8132,0.0004163924604654312
1648782840.6299465,8149,0.0033900572452694178
1648782840.6609397,8151,0.0002186791243730113
1648782840.6767478,8152,0.0002675841678865254
1648782841.1755593,8183,0.0003159266198053956
1648782841.3032064,8191,0.00027498931740410626
1648782841.416636,8198,0.0005842954851686954
1648782841.6254005,8211,0.00027783989207819104
1648782841.6721249,8214,0.00010286913311574608
1648782841.833274,8224,0.00022379416623152792
1648782842.2306736,8249,0.017517589032649994
1648782842.361453,8257,6.160174962133169e-05
1648782842.48831,8265,0.00011195000843144953
1648782842.5374882,8268,0.0001635341759538278
1648782842.8074992,8285,0.00031376309925690293
1648782842.8573148,8288,0.0013901509810239077
1648782842.9040756,8291,0.002981066470965743
1648782842.9352975,8293,0.0004160628595855087
1648782843.2722495,8314,0.00017955013026949018
1648782843.7709835,8345,6.068803122616373e-05
1648782843.8515735,8350,9.6731266239658e-05
1648782844.0116427,8360,9.32294424274005e-05
1648782844.3802729,8383,0.000130495143821463
1648782844.8506427,8412,0.0002217634755652398
1648782845.1732657,8432,0.0001298589922953397
1648782845.224415,8435,0.00020135226077400148
1648782847.3290255,8476,0.0009264491964131594
1648782847.9834082,8517,3.256278432672843e-05
1648782848.0463002,8521,0.00011015223572030663
1648782848.1729016,8529,0.00030180130852386355
1648782848.3337982,8539,0.0003235812473576516
1648782848.416938,8544,0.0006017233245074749
1648782848.4488602,8546,0.00012203170626889914
1648782848.7285354,8563,2.3915885321912356e-05
1648782849.2038867,8592,0.000311407377012074
1648782849.7301154,8625,0.00020676010171882808
1648782850.1617534,8652,0.00011612890375545248
1648782850.5959232,8677,0.001322179101407528
1648782850.7184913,8684,0.0002799270732793957
1648782850.7706785,8687,0.0003388392215128988
1648782850.8989499,8694,0.00039136793930083513
1648782851.3567617,8720,0.0003290903114248067
1648782851.555334,8732,0.00017659094010014087
1648782851.7136927,8742,0.0003706159768626094
1648782852.15829,8770,0.0002252343692816794
1648782852.236664,8775,0.00015214004088193178
1648782852.2984726,8779,0.00013711140491068363
1648782852.3770156,8784,0.0006838975241407752
1648782852.5167987,8793,8.851144957588986e-05
1648782852.5492892,8795,0.00011555133096408099
1648782853.2247155,8838,0.00036791988532058895
1648782853.759825,8872,6.78597207297571e-05
1648782853.9184551,8882,0.0003892288077622652
1648782854.1550229,8897,0.00014010978338774294
1648782854.2499397,8903,0.00012344001152087003
1648782856.1000543,8929,0.00019202906696591526
1648782856.1157715,8930,8.47955743665807e-05
1648782856.389286,8947,0.00027464036247693
1648782856.7599428,8970,0.00013412754924502224
1648782856.87068,8977,0.00010478873446118087
1648782857.0753992,8990,0.00010029113036580384
1648782857.3127892,9005,0.00021191078121773899
1648782857.328326,9006,0.0006576450541615486
1648782857.629706,9023,0.00022079821792431176
1648782857.7199786,9028,0.00017879372171591967
1648782857.8272443,9034,0.0001873808796517551
1648782858.0761807,9048,0.000113630601845216
1648782858.1286645,9051,0.00024657335598021746
1648782858.2912939,9060,0.0002660571481101215
1648782858.3803024,9065,0.0006475035334005952
1648782858.5790164,9076,0.00013234282960183918
1648782858.810842,9089,0.00023701264581177384
1648782858.8285146,9090,0.0007960560615174472
1648782858.880571,9093,0.00019889118266291916
1648782859.0327883,9102,0.0009485982591286302
1648782859.1762483,9111,0.0002014526689890772
1648782859.3034468,9119,0.0001516672782599926
1648782859.3195262,9120,0.0003328931634314358
1648782859.7185173,9145,0.0002596451959107071
1648782859.8313,9152,0.00035499382647685707
1648782860.4690382,9192,0.00021713921159971505
1648782860.6739311,9205,0.00019974648603238165
1648782860.7353852,9209,0.00025118322810158134
1648782861.0046077,9226,9.262446110369638e-05
1648782861.4500124,9254,0.0002426857390673831
1648782861.6082733,9264,0.00010657610255293548
1648782861.7206612,9271,7.702373113716021e-05
1648782861.7363884,9272,0.00015789474127814174
1648782861.768909,9274,0.00017650044173933566
1648782862.0727549,9293,0.00021255570754874498
1648782862.6613245,9330,0.00027871306519955397
1648782863.1684906,9362,0.00020258424046915025
1648782863.2632244,9368,0.00014980479318182915
1648782863.4242194,9378,0.00010429201938677579
1648782865.1153016,9394,0.00010532843589317054
1648782865.321257,9407,0.0005633779219351709
1648782865.6051126,9425,0.00039353244937956333
1648782865.9826982,9449,0.00026994917425327003
1648782865.997494,9450,0.0004312134988140315
1648782866.0441387,9453,0.00034520160988904536
1648782866.092067,9456,7.375386485364288e-05
1648782866.1079304,9457,9.07465218915604e-05
1648782866.1850185,9462,0.0002618742873892188
1648782866.248602,9466,0.0002345758693991229
1648782867.0081787,9514,0.00012516792048700154
1648782867.0234532,9515,0.00010370784002589062
1648782867.2289176,9528,0.0001336427521891892
1648782867.2446258,9529,0.00022748320770915598
1648782867.3470805,9535,0.00021735791233368218
1648782867.5676637,9549,0.00018673465820029378
1648782867.8369892,9566,0.0016970074502751231
1648782868.0551078,9580,0.00037151252035982907
1648782868.0877738,9582,7.065456156851724e-05
1648782868.7517905,9624,0.00010771100642159581
1648782869.2048535,9653,0.00024044374004006386
1648782869.2355623,9655,0.00013267451140563935
1648782869.3605707,9663,0.0002359245263505727
1648782869.4533312,9669,0.001198016107082367
1648782869.583141,9677,0.00010733173985499889
1648782870.0991805,9709,0.00010585421114228666
1648782870.2723608,9720,0.00016666584997437894
1648782870.6449203,9742,8.624672773294151e-05
1648782870.9233935,9759,0.00020234343537595123
1648782871.051826,9767,0.00024452796787954867
1648782871.1333566,9772,5.164175308891572e-05
1648782871.2453089,9779,0.00040393564268015325
1648782871.378439,9786,0.00018380381516180933
1648782871.7361586,9806,0.00020987607422284782
1648782871.9884605,9820,0.00022789818467572331
1648782872.303163,9839,0.00013984934776090086
1648782874.0951965,9861,0.00021575114806182683
1648782874.1125538,9862,5.2311715990072116e-05
1648782874.5370498,9889,8.656053978484124e-05
1648782874.5698216,9891,0.00017776720051188022
1648782874.5850575,9892,9.075952402781695e-05
1648782874.6796038,9898,0.00013743374438490719
1648782874.8507328,9909,0.000237030370044522
1648782874.9962835,9918,0.0001180193285108544
1648782875.8241827,9970,0.00027701674844138324
1648782875.889438,9974,0.00034097657771781087
1648782876.6471262,10022,5.074515502201393e-05
1648782876.7241917,10027,0.0001498024503234774
1648782876.7724624,10030,0.00033870869083330035
1648782876.8976684,10038,8.267038356279954e-05
1648782877.2445776,10060,0.00020325738296378404
1648782877.5270617,10078,0.00032393622677773237
1648782877.5752923,10081,0.0002868819865398109
1648782877.949567,10105,0.00013744417810812593
1648782877.9820445,10107,0.0003789940965361893
1648782878.2203608,10122,0.00010855651635210961
1648782878.3466995,10130,0.00011278901365585625
1648782878.5841916,10145,4.7578098019585013e-05
1648782878.7588904,10156,0.00017733867571223527
1648782878.8704824,10163,8.842001989251003e-05
1648782879.0305789,10173,0.00017426327394787222
1648782879.0457156,10174,0.00020808720728382468
1648782879.5653398,10206,2.7899188353330828e-05
1648782879.5999713,10208,0.0003280584642197937
1648782879.7246704,10215,5.3104926337255165e-05
1648782880.8477054,10283,9.604232764104381e-05
1648782881.0671196,10297,0.0003458093269728124
1648782881.2751732,10310,4.358612932264805e-05
1648782881.30673,10312,0.000435195688623935
1648782881.3618295,10315,0.000607905094511807
1648782883.1700954,10340,0.00011559412087081
1648782883.45172,10358,0.00044585889554582536
1648782883.5299883,10363,9.687223064247519e-05
1648782883.7647324,10378,0.0001620996481506154
1648782883.8758516,10385,0.0002887804002966732
1648782884.0034308,10393,0.00012665725080296397
1648782884.8352916,10446,9.134383435593918e-05
1648782884.8818007,10449,7.400653703371063e-05
1648782884.9463534,10453,5.4336211178451777e-05
1648782885.27691,10474,3.248938446631655e-05
1648782885.5808892,10493,0.00013977957132738084
1648782886.1046917,10526,0.00014774878218304366
1648782886.1857812,10531,0.00011310158151900396
1648782886.2801566,10537,0.0001836869487306103
1648782886.295198,10538,0.00010517437476664782
1648782886.7545016,10567,0.00022103935771156102
1648782886.851694,10573,0.0002901711268350482
1648782887.0283864,10584,8.686511137057096e-05
1648782887.5512757,10617,0.034646011888980865
1648782887.5688918,10618,0.0002143407182302326
1648782887.6321316,10622,0.00020997729734517634
1648782887.9643483,10642,0.0002165398036595434
1648782888.0772305,10649,0.00015546631766483188
1648782888.2082708,10657,0.0003495349083095789
1648782888.3995073,10669,0.00017142691649496555
1648782890.015396,10763,6.330192263703793e-05
1648782890.2992811,10779,0.00011349924898240715
1648782892.0533116,10794,0.00011655097478069365
1648782892.217427,10804,0.0002003113622777164
1648782892.4923222,10819,0.00023672138922847807
1648782892.7180982,10832,0.0002384801337029785
1648782892.878131,10841,8.101626735879108e-05
1648782893.050706,10852,9.422810398973525e-05
1648782893.0660114,10853,9.344030695501715e-05
1648782893.1476154,10858,8.267554949270561e-05
1648782893.478792,10879,0.0005562059232033789
1648782893.6200798,10888,0.0001920398062793538
1648782893.9178803,10906,0.00023129132750909775
1648782894.7421737,10954,0.00011761055793613195
1648782894.8868983,10963,7.861925405450165e-05
1648782895.0096583,10970,4.445964441401884e-05
1648782895.4014,10992,0.00026942449039779603
1648782896.157942,11035,0.00018886914767790586
1648782896.1926332,11037,0.00026207094197161496
1648782896.263132,11041,0.0003391835780348629
1648782896.2972105,11043,0.02662164717912674
1648782896.3866024,11048,0.0002873650810215622
1648782896.5098946,11055,0.00011885741696460173
1648782896.5637703,11058,0.0022592791356146336
1648782897.020141,11084,5.502368730958551e-05
1648782897.4764931,11110,7.139379158616066e-05
1648782897.6888313,11122,0.0002523819275666028
1648782898.5644677,11172,7.571650348836556e-05
1648782898.7210674,11181,8.98239086382091e-05
1648782898.9860346,11196,0.00021776591893285513
1648782899.8330414,11248,7.085941615514457e-05
1648782899.9300153,11254,0.00019685277948156
1648782901.619885,11270,0.00011110739433206618
1648782901.6843636,11274,0.0003263711405452341
1648782901.735279,11277,0.00019221624825149775
1648782901.8503652,11284,0.00017481305985711515
1648782901.8665748,11285,0.00023468100698664784
1648782902.7644818,11339,0.00012328680895734578
1648782902.942687,11350,7.80919726821594e-05
1648782903.0876913,11359,0.00015323434490710497
1648782903.1523957,11363,0.00013554049655795097
1648782903.2161906,11367,7.275513053173199e-05
1648782903.2800968,11371,0.0001457981124985963
1648782903.5828135,11390,6.734164344379678e-05
1648782903.614289,11392,0.00010443605424370617
1648782903.7753987,11402,0.0003572857822291553
1648782903.9178224,11411,0.00011160271242260933
1648782904.3201573,11436,9.687401325209066e-05
1648782904.6295552,11455,0.00011542063293745741
1648782905.0835283,11483,8.111495117191225e-05
1648782905.2774355,11495,6.619087798753753e-05
1648782905.4547722,11506,0.0002784459211397916
1648782905.5208204,11510,0.00010709432535804808
1648782905.7829976,11526,0.0002603304455988109
1648782905.947685,11536,0.0001237054239027202
1648782906.0619547,11543,8.288120443467051e-05
1648782906.1927173,11551,0.00037155600148253143
1648782906.4194436,11565,0.00034133304143324494
1648782906.580796,11575,0.00016852677799761295
1648782906.8916135,11594,0.0001419559703208506
1648782907.0206316,11602,0.00024540830054320395
1648782907.2805746,11618,6.418576231226325e-05
1648782907.557971,11635,3.530351023073308e-05
1648782907.6397805,11640,0.0002272340643685311
1648782907.7030265,11644,0.00016495955060236156
1648782907.7349887,11646,3.885140176862478e-05
1648782907.7853155,11649,0.0001993085170397535
1648782908.526975,11695,0.00011959446419496089
1648782908.578803,11698,0.00020552145724650472
1648782908.6307292,11701,0.00014866770652588457
1648782908.6809363,11704,0.022775107994675636
1648782908.712447,11706,0.00019270398479420692
1648782910.6756177,11738,0.00012001577124465257
1648782911.2309597,11773,0.00011395433830330148
1648782911.3828347,11782,0.00017162728181574494
1648782911.893075,11814,8.644360059406608e-05
1648782912.4242554,11847,0.0003543701022863388
1648782912.6028101,11858,0.0001039470371324569
1648782912.844078,11873,0.0005132315563969314
1648782913.2118268,11896,0.0002974454255308956
1648782913.3739915,11906,0.00014454427582677454
1648782914.371093,11968,0.00021682982333004475
1648782914.6125839,11983,0.00024145841598510742
1648782914.7793052,11993,9.226254042005166e-05
1648782915.1007679,12012,7.956486660987139e-05
1648782915.54747,12040,0.00016351029626093805
1648782915.565713,12041,2.5857112632365897e-05
1648782915.7405584,12052,5.011840403312817e-05
1648782915.833372,12058,5.0176666263723746e-05
1648782916.1883442,12081,0.0005176779231987894
1648782916.2338104,12084,0.0006194047164171934
1648782916.8713613,12125,0.0012044174363836646
1648782916.901212,12127,0.0002823849499691278
1648782917.116457,12141,0.00010430126712890342
1648782917.5512702,12169,0.0002671612019184977
1648782917.8145895,12186,0.00012660110951401293
1648782919.859954,12228,0.00023941902327351272
1648782919.936693,12233,0.00010936591570498422
1648782920.2779021,12255,0.0001877029426395893
1648782920.6512277,12279,0.0001448630355298519
1648782920.7927763,12288,0.00019198234076611698
1648782920.9801707,12300,0.0001477156183682382
1648782921.1054387,12308,0.00014843794633634388
1648782921.647211,12343,0.00022123707458376884
1648782921.929953,12361,0.00018946781347040087
1648782922.4153779,12392,5.196089477976784e-05
1648782922.4613924,12395,0.00014082183770369738
1648782923.3136795,12450,0.0001906458055600524
1648782923.430583,12457,8.309800614370033e-05
1648782923.447868,12458,0.00015072067617438734
1648782923.8366888,12480,0.00014605405158363283
1648782923.975946,12488,3.764270877582021e-05
1648782924.1691961,12499,0.0001381001202389598
1648782924.2039955,12501,0.00012168407556600869
1648782924.257426,12504,0.0001539726508781314
1648782924.6953554,12529,0.00013178195513319224
1648782925.293847,12566,7.981820090208203e-05
1648782925.5647185,12583,8.022537804208696e-05
1648782925.7363355,12594,8.586738113081083e-05
1648782925.9391716,12607,0.0001499635400250554
1648782926.142542,12620,0.00010512154403841123
1648782926.4091108,12637,5.445399074233137e-05
1648782926.5009115,12643,1.638260255276691e-05
1648782926.7488973,12659,6.399786070687696e-05
1648782928.293118,12665,0.00012157419405411929
1648782928.4552665,12675,0.00046049515367485583
1648782929.4448166,12733,7.527864363510162e-05
1648782929.6399572,12745,9.080825839191675e-05
1648782930.3259242,12784,0.00011340796481817961
1648782930.3483758,12785,9.91690467344597e-05
1648782930.5162518,12794,0.00018899579299613833
1648782930.6629605,12803,4.640005499823019e-05
1648782931.040992,12826,0.00012752990005537868
1648782931.269102,12840,3.522504630382173e-05
1648782931.5311823,12855,8.199688454624265e-05
1648782932.6052272,12917,0.0002894786302931607
1648782932.822752,12930,0.00013993578613735735
1648782933.6352706,12978,0.00012503023026511073
1648782933.6527228,12979,0.00015150915714912117
1648782933.9073296,12993,0.00020978912652935833
1648782933.9971259,12998,0.00019305672321934253
1648782934.0284884,13000,0.000773943611420691
1648782934.0925252,13004,0.00021256830950733274
1648782934.1741655,13009,0.00015133971464820206
1648782934.3645074,13021,0.00017583846056368202
1648782935.1248856,13068,0.0001792214170563966
1648782935.2370327,13075,0.00014631124213337898
1648782935.3790267,13084,0.00016397137369494885
1648782935.7154417,13105,0.0001371742837363854
1648782935.9904985,13122,4.511742008617148e-05
1648782936.0060995,13123,0.00014199585712049156
1648782939.1308503,13218,8.796841575531289e-05
1648782939.537433,13241,3.705112976604141e-05
1648782939.7492657,13253,7.057412585709244e-05
1648782940.5597713,13298,0.00025233320775441825
1648782940.5952954,13300,0.0002398420765530318
1648782940.959563,13321,6.226213008631021e-05
1648782941.1161833,13331,0.00017626899352762848
1648782941.3113165,13342,4.2436266085132957e-05
1648782941.8691862,13374,0.00016536080511286855
1648782941.8874035,13375,0.00015478016575798392
1648782941.972224,13380,0.00018923635070677847
1648782942.2343276,13396,0.0003708996810019016
1648782942.2826371,13399,6.609673437196761e-05
1648782942.395804,13406,0.00010309607023373246
1648782942.5707307,13417,0.00015777144290041178
1648782942.7453043,13428,5.39169559488073e-05
1648782942.8411617,13434,7.318062125705183e-05
1648782942.8736348,13436,0.00010709970956668258
1648782942.9384997,13440,0.0005082442658022046
1648782943.0974023,13450,0.00013812702673021704
1648782943.1278079,13452,0.00022074751905165613
1648782943.5697153,13480,9.629547275835648e-05
1648782943.6344774,13484,0.0064818523824214935
1648782943.8730974,13499,0.00012348957534413785
1648782943.9848123,13506,8.71501470101066e-05
1648782944.514229,13539,0.00023434906324837357
1648782944.560961,13542,0.00014528961037285626
1648782944.8918335,13563,0.00032030153670348227
1648782944.9068007,13564,4.404960054671392e-05
1648782944.9222791,13565,0.00011645478662103415
1648782945.0989954,13576,6.569164543179795e-05
1648782945.3195088,13589,9.550047980155796e-05
1648782946.9592934,13602,0.00022063250071369112
1648782947.0728238,13609,2.1712334273615852e-05
1648782947.5670834,13640,0.0002765439567156136
1648782947.6005447,13642,4.578843800118193e-05
1648782947.966795,13665,0.00040815939428284764
1648782948.179425,13678,0.000122697398182936
1648782948.427184,13693,0.00017402558296453208
1648782948.4436321,13694,0.00018363197159487754
1648782948.4762344,13696,0.00022066792007535696
1648782948.6735406,13708,0.0004045177483931184
1648782948.7071173,13710,0.00012600167247001082
1648782948.7734854,13714,4.488436388783157e-05
1648782948.9351788,13724,9.450264769839123e-05
1648782949.6650488,13769,4.8091889766510576e-05
1648782950.652204,13830,0.000134999310830608
1648782951.0292804,13853,0.000131557957502082
1648782951.1089425,13858,4.6859364374540746e-05
1648782951.3192432,13871,0.00016929897537920624
1648782951.6608264,13892,5.6255721574416384e-05
1648782952.2072918,13925,8.065361907938495e-05
1648782952.4675052,13941,7.441461639245972e-05
1648782952.5501547,13946,0.00020567099272739142
1648782952.6146865,13950,0.0002463390410412103
1648782952.6802576,13954,0.0002631636743899435
1648782952.7785852,13960,0.00012330571189522743
1648782953.2130544,13987,0.00010400431347079575
1648782953.2763345,13991,0.00015684854588471353
1648782953.40616,13999,0.00010270798520650715
1648782953.549038,14008,0.00021164232748560607
1648782954.109085,14043,0.00015360434190370142
1648782954.4283857,14063,5.953847721684724e-05
1648782954.4748023,14066,0.0001360573951387778
