Wall time,Step,Value
1648769589.1204665,19,0.13183000683784485
1648769589.153161,21,0.13183000683784485
1648769590.006694,73,0.13183000683784485
1648769590.07026,77,0.13183000683784485
1648769590.5085857,104,0.13183000683784485
1648769590.956709,132,0.13183000683784485
1648769590.9904299,134,0.13183000683784485
1648769591.2137651,148,0.13183000683784485
1648769591.5843132,171,0.13183000683784485
1648769591.8286448,186,0.13183000683784485
1648769592.1784186,207,0.13183000683784485
1648769592.2944837,214,0.13183000683784485
1648769592.4040236,221,0.13183000683784485
1648769593.1458287,269,0.13183000683784485
1648769593.3949192,285,0.13183000683784485
1648769593.5346982,294,0.13183000683784485
1648769593.7039864,305,0.13183000683784485
1648769593.8776708,316,0.13183000683784485
1648769594.0185943,325,0.13183000683784485
1648769594.0497012,327,0.13183000683784485
1648769594.4243774,351,0.13183000683784485
1648769594.8402045,378,0.13183000683784485
1648769594.9003174,382,0.13183000683784485
1648769594.9520774,385,0.13183000683784485
1648769595.0023377,388,0.13183000683784485
1648769595.1225083,395,0.13183000683784485
1648769595.1908436,399,0.13183000683784485
1648769595.2743478,404,0.13183000683784485
1648769595.2913768,405,0.13183000683784485
1648769596.197021,463,0.13183000683784485
1648769596.2566667,467,0.13183000683784485
1648769599.0527081,543,0.13183000683784485
1648769599.3479576,560,0.13183000683784485
1648769599.4355698,565,0.13183000683784485
1648769599.5924137,575,0.13183000683784485
1648769599.8038216,588,0.13183000683784485
1648769601.462492,696,0.13183000683784485
1648769601.600603,705,0.13183000683784485
1648769601.630632,707,0.13183000683784485
1648769601.737965,714,0.13183000683784485
1648769601.7529917,715,0.13183000683784485
1648769602.0635867,735,0.13183000683784485
1648769602.1852748,743,0.13183000683784485
1648769602.2618499,748,0.13183000683784485
1648769602.3235934,752,0.13183000683784485
1648769602.4011874,757,0.13183000683784485
1648769602.432192,759,0.13183000683784485
1648769602.5083025,764,0.13183000683784485
1648769602.6336806,772,0.13183000683784485
1648769602.9101987,790,0.13183000683784485
1648769603.5735762,833,0.13183000683784485
1648769603.6059422,835,0.13183000683784485
1648769604.0220768,862,0.13183000683784485
1648769604.1614418,871,0.13183000683784485
1648769604.2078443,874,0.13183000683784485
1648769604.2232509,875,0.13183000683784485
1648769605.0920343,929,0.13183000683784485
1648769605.1699693,934,0.13183000683784485
1648769605.1881688,935,0.13183000683784485
1648769606.9287004,953,0.13183000683784485
1648769607.0970342,964,0.13183000683784485
1648769607.500298,990,0.13183000683784485
1648769607.5951772,996,0.13183000683784485
1648769608.3035893,1038,0.13183000683784485
1648769608.3377566,1040,0.13183000683784485
1648769608.415782,1045,0.13183000683784485
1648769608.5539987,1054,0.13183000683784485
1648769608.7805927,1068,0.13183000683784485
1648769608.926949,1076,0.13183000683784485
1648769608.9795363,1079,0.13183000683784485
1648769609.4356887,1106,0.13183000683784485
1648769609.6064065,1116,0.13183000683784485
1648769609.931429,1136,0.13183000683784485
1648769609.9463468,1137,0.13183000683784485
1648769609.961555,1138,0.13183000683784485
1648769609.976448,1139,0.13183000683784485
1648769610.0844004,1146,0.13183000683784485
1648769610.3447998,1163,0.13183000683784485
1648769610.4680727,1171,0.13183000683784485
1648769611.1031642,1210,0.13183000683784485
1648769611.2162468,1217,0.13183000683784485
1648769611.370852,1226,0.13183000683784485
1648769611.4713218,1232,0.13183000683784485
1648769611.486739,1233,0.13183000683784485
1648769611.671256,1245,0.13183000683784485
1648769611.7802255,1252,0.13183000683784485
1648769611.8103886,1254,0.13183000683784485
1648769612.153011,1276,0.13183000683784485
1648769612.3554668,1289,0.13183000683784485
1648769612.7846448,1315,0.13183000683784485
1648769612.800807,1316,0.13183000683784485
1648769613.4089675,1353,0.13183000683784485
1648769614.0404196,1391,0.13183000683784485
1648769614.1539898,1398,0.13183000683784485
1648769616.2050412,1435,0.13183000683784485
1648769616.4089835,1448,0.13183000683784485
1648769616.455133,1451,0.13183000683784485
1648769616.67188,1464,0.13183000683784485
1648769616.8755271,1476,0.13183000683784485
1648769617.1249802,1491,0.13183000683784485
1648769617.6865568,1525,0.13183000683784485
1648769617.7020068,1526,0.13183000683784485
1648769617.9827,1543,0.13183000683784485
1648769618.9416947,1603,0.13183000683784485
1648769619.06711,1611,0.13183000683784485
1648769619.227059,1621,0.13183000683784485
1648769619.2733018,1624,0.13183000683784485
1648769619.3831778,1631,0.13183000683784485
1648769619.9791126,1669,0.13183000683784485
1648769620.69801,1714,0.13183000683784485
1648769620.853846,1723,0.13183000683784485
1648769621.2790947,1748,0.13183000683784485
1648769621.3123252,1750,0.13183000683784485
1648769621.389919,1755,0.13183000683784485
1648769621.5935693,1768,0.13183000683784485
1648769621.6106343,1769,0.13183000683784485
1648769621.9827173,1791,0.13183000683784485
1648769621.9984837,1792,0.13183000683784485
1648769622.0154583,1793,0.13183000683784485
1648769622.5554004,1825,0.13183000683784485
1648769622.94603,1849,0.13183000683784485
1648769623.058417,1856,0.13183000683784485
1648769625.0613098,1891,0.13183000683784485
1648769625.1444302,1896,0.13183000683784485
1648769625.4121916,1913,0.13183000683784485
1648769625.6446033,1928,0.13183000683784485
1648769625.7667801,1936,0.13183000683784485
1648769626.065274,1954,0.13183000683784485
1648769626.520034,1982,0.13183000683784485
1648769626.669782,1991,0.13183000683784485
1648769627.4651551,2041,0.13183000683784485
1648769627.497153,2043,0.13183000683784485
1648769627.8530314,2064,0.13183000683784485
1648769628.4981575,2105,0.13183000683784485
1648769628.5625002,2109,0.13183000683784485
1648769628.8478198,2127,0.13183000683784485
1648769628.910287,2131,0.13183000683784485
1648769629.101978,2143,0.13183000683784485
1648769629.2033842,2149,0.13183000683784485
1648769629.2852657,2154,0.13183000683784485
1648769629.7353668,2183,0.13183000683784485
1648769629.9492471,2197,0.13183000683784485
1648769629.9934905,2200,0.13183000683784485
1648769630.99576,2264,0.13183000683784485
1648769631.0109797,2265,0.13183000683784485
1648769631.33797,2286,0.13183000683784485
1648769631.4315503,2292,0.13183000683784485
1648769631.4622262,2294,0.13183000683784485
1648769631.7574008,2313,0.13183000683784485
1648769631.9439757,2325,0.13183000683784485
1648769632.0985816,2335,0.13183000683784485
1648769632.1304107,2337,0.13183000683784485
1648769632.2107344,2342,0.13183000683784485
1648769633.804618,2348,0.13183000683784485
1648769634.2015011,2372,0.13183000683784485
1648769634.3100333,2379,0.13183000683784485
1648769634.6945684,2404,0.13183000683784485
1648769634.8644946,2415,0.13183000683784485
1648769635.209308,2437,0.13183000683784485
1648769635.2390492,2439,0.13183000683784485
1648769635.4082012,2450,0.13183000683784485
1648769635.5609062,2460,0.13183000683784485
1648769635.6684406,2467,0.13183000683784485
1648769635.7756665,2474,0.13183000683784485
1648769636.2154622,2501,0.13183000683784485
1648769636.358402,2510,0.13183000683784485
1648769636.4212437,2514,0.13183000683784485
1648769636.7351816,2534,0.13183000683784485
1648769636.75027,2535,0.13183000683784485
1648769636.8830297,2543,0.13183000683784485
1648769636.935733,2546,0.13183000683784485
1648769637.0551689,2553,0.13183000683784485
1648769637.2431426,2565,0.13183000683784485
1648769637.307463,2569,0.13183000683784485
1648769637.6495621,2591,0.13183000683784485
1648769637.728498,2596,0.13183000683784485
1648769637.7741477,2599,0.13183000683784485
1648769638.141376,2621,0.13183000683784485
1648769638.3424747,2634,0.13183000683784485
1648769638.5133605,2645,0.13183000683784485
1648769638.5745819,2649,0.13183000683784485
1648769638.810781,2663,0.13183000683784485
1648769639.056139,2677,0.13183000683784485
1648769639.1076643,2680,0.13183000683784485
1648769639.281056,2690,0.13183000683784485
1648769639.3504665,2694,0.13183000683784485
1648769639.5612357,2706,0.13183000683784485
1648769639.5949366,2708,0.13183000683784485
1648769640.2413375,2745,0.13183000683784485
1648769640.3906443,2754,0.13183000683784485
1648769640.4057362,2755,0.13183000683784485
1648769640.9004838,2784,0.13183000683784485
1648769641.162285,2799,0.13183000683784485
1648769642.9501433,2817,0.13183000683784485
1648769643.1685412,2831,0.13183000683784485
1648769643.3559244,2843,0.13183000683784485
1648769643.6151118,2859,0.13183000683784485
1648769643.6654737,2862,0.13183000683784485
1648769643.968258,2881,0.13183000683784485
1648769643.9832335,2882,0.13183000683784485
1648769644.5006158,2913,0.13183000683784485
1648769644.699274,2925,0.13183000683784485
1648769644.766202,2929,0.13183000683784485
1648769645.1499379,2953,0.13183000683784485
1648769645.429613,2971,0.13183000683784485
1648769645.4605181,2973,0.13183000683784485
1648769645.6683443,2986,0.13183000683784485
1648769646.9751768,3068,0.13183000683784485
1648769647.0521584,3073,0.13183000683784485
1648769647.1590626,3080,0.13183000683784485
1648769647.4236379,3097,0.13183000683784485
1648769647.5432928,3104,0.13183000683784485
1648769647.5933645,3107,0.13183000683784485
1648769647.6609926,3111,0.13183000683784485
1648769647.79723,3119,0.13183000683784485
1648769648.291634,3150,0.13183000683784485
1648769648.9049013,3186,0.13183000683784485
1648769649.1924999,3204,0.13183000683784485
1648769649.822389,3243,0.13183000683784485
1648769652.4349084,3311,0.13183000683784485
1648769652.449944,3312,0.13183000683784485
1648769652.5302262,3317,0.13183000683784485
1648769653.2487187,3360,0.13183000683784485
1648769653.5071805,3376,0.13183000683784485
1648769653.8036618,3395,0.13183000683784485
1648769654.1645873,3418,0.13183000683784485
1648769654.275627,3425,0.13183000683784485
1648769654.7381866,3453,0.13183000683784485
1648769655.2706947,3486,0.13183000683784485
1648769655.736468,3516,0.13183000683784485
1648769655.9219577,3528,0.13183000683784485
1648769655.9527297,3530,0.13183000683784485
1648769656.2555714,3549,0.13183000683784485
1648769656.4471612,3561,0.13183000683784485
1648769656.6958215,3576,0.13183000683784485
1648769657.1705108,3605,0.13183000683784485
1648769657.2490458,3609,0.13183000683784485
1648769657.9809732,3652,0.13183000683784485
1648769658.0366547,3655,0.13183000683784485
1648769658.2696517,3668,0.13183000683784485
1648769658.3056788,3670,0.13183000683784485
1648769658.413235,3676,0.13183000683784485
1648769658.4826744,3680,0.13183000683784485
1648769658.5371141,3683,0.13183000683784485
1648769661.408948,3764,0.13183000683784485
1648769661.6294365,3778,0.13183000683784485
1648769661.7734468,3787,0.13183000683784485
1648769662.0246522,3803,0.13183000683784485
1648769662.0915587,3807,0.13183000683784485
1648769662.2783146,3819,0.13183000683784485
1648769662.2937653,3820,0.13183000683784485
1648769662.6205297,3841,0.13183000683784485
1648769662.8244915,3854,0.13183000683784485
1648769662.8399248,3855,0.13183000683784485
1648769663.2643697,3882,0.13183000683784485
1648769663.3747034,3889,0.13183000683784485
1648769663.468755,3895,0.13183000683784485
1648769663.5000262,3897,0.13183000683784485
1648769663.6408803,3906,0.13183000683784485
1648769663.9556215,3926,0.13183000683784485
1648769664.2609866,3945,0.13183000683784485
1648769664.3119066,3948,0.13183000683784485
1648769664.4348285,3955,0.13183000683784485
1648769664.5539331,3962,0.13183000683784485
1648769664.6856768,3970,0.13183000683784485
1648769665.1131754,3995,0.13183000683784485
1648769665.216015,4001,0.13183000683784485
1648769665.471524,4017,0.13183000683784485
1648769665.6253042,4027,0.13183000683784485
1648769665.7397318,4034,0.13183000683784485
1648769666.0788007,4053,0.13183000683784485
1648769666.330413,4067,0.13183000683784485
1648769666.548641,4081,0.13183000683784485
1648769666.8031502,4096,0.13183000683784485
1648769667.080901,4113,0.13183000683784485
1648769667.263163,4124,0.13183000683784485
1648769667.2976525,4126,0.13183000683784485
1648769667.6635907,4147,0.13183000683784485
1648769667.922709,4161,0.13183000683784485
1648769668.3101504,4184,0.13183000683784485
1648769668.3807821,4188,0.13183000683784485
1648769668.9059377,4220,0.13183000683784485
1648769670.4879606,4223,0.13183000683784485
1648769670.5850513,4229,0.13183000683784485
1648769670.6335957,4232,0.13183000683784485
1648769670.937368,4251,0.13183000683784485
1648769670.9536152,4252,0.13183000683784485
1648769671.0649981,4259,0.13183000683784485
1648769671.1144173,4262,0.13183000683784485
1648769671.1752684,4266,0.13183000683784485
1648769671.4477088,4283,0.13183000683784485
1648769671.9019763,4310,0.13183000683784485
1648769671.968984,4314,0.13183000683784485
1648769672.0156918,4317,0.13183000683784485
1648769672.2744339,4333,0.13183000683784485
1648769672.3252685,4336,0.13183000683784485
1648769672.3439782,4337,0.13183000683784485
1648769672.5446174,4349,0.13183000683784485
1648769673.5746632,4413,0.13183000683784485
1648769673.6666288,4419,0.13183000683784485
1648769674.175647,4450,0.13183000683784485
1648769675.0599935,4506,0.13183000683784485
1648769675.3467786,4524,0.13183000683784485
1648769675.4494455,4530,0.13183000683784485
1648769675.6989138,4545,0.13183000683784485
1648769675.8233259,4553,0.13183000683784485
1648769677.0052962,4627,0.13183000683784485
1648769677.0362594,4629,0.13183000683784485
1648769677.1292198,4635,0.13183000683784485
1648769677.5394418,4661,0.13183000683784485
1648769677.6327252,4667,0.13183000683784485
1648769677.66598,4669,0.13183000683784485
1648769677.6813216,4670,0.13183000683784485
1648769677.7438245,4674,0.13183000683784485
1648769679.6037974,4699,0.13183000683784485
1648769679.7917829,4710,0.13183000683784485
1648769680.1558561,4732,0.13183000683784485
1648769680.4001553,4747,0.13183000683784485
1648769680.6185243,4761,0.13183000683784485
1648769680.7605655,4770,0.13183000683784485
1648769681.3382547,4807,0.13183000683784485
1648769681.4328732,4813,0.13183000683784485
1648769681.542197,4820,0.13183000683784485
1648769681.7102544,4831,0.13183000683784485
1648769681.8314133,4838,0.13183000683784485
1648769681.9845843,4847,0.13183000683784485
1648769682.264918,4865,0.13183000683784485
1648769683.1590605,4917,0.13183000683784485
1648769683.2813838,4924,0.13183000683784485
1648769683.300802,4925,0.13183000683784485
1648769683.402785,4931,0.13183000683784485
1648769683.8502016,4960,0.13183000683784485
1648769684.0364869,4972,0.13183000683784485
1648769684.1307626,4978,0.13183000683784485
1648769684.428733,4997,0.13183000683784485
1648769684.586767,5007,0.13183000683784485
1648769684.6355603,5010,0.13183000683784485
1648769684.8084803,5021,0.13183000683784485
1648769684.9656246,5031,0.13183000683784485
1648769684.9957151,5033,0.13183000683784485
1648769685.4161956,5060,0.13183000683784485
1648769685.4625304,5063,0.13183000683784485
1648769685.569971,5070,0.13183000683784485
1648769685.7113516,5079,0.13183000683784485
1648769685.7418184,5081,0.13183000683784485
1648769685.7725158,5083,0.13183000683784485
1648769686.0686858,5102,0.13183000683784485
1648769686.6393926,5139,0.13183000683784485
1648769686.7318156,5145,0.13183000683784485
1648769686.8681717,5154,0.13183000683784485
1648769688.5433974,5164,0.13183000683784485
1648769688.654441,5171,0.13183000683784485
1648769688.67301,5172,0.13183000683784485
1648769689.1338005,5200,0.13183000683784485
1648769690.4605913,5283,0.13183000683784485
1648769690.69235,5298,0.13183000683784485
1648769690.8447373,5308,0.13183000683784485
1648769690.9062986,5312,0.13183000683784485
1648769691.0767193,5323,0.13183000683784485
1648769691.214705,5332,0.13183000683784485
1648769691.2930362,5337,0.13183000683784485
1648769691.3402352,5340,0.13183000683784485
1648769691.3704724,5342,0.13183000683784485
1648769691.9891467,5382,0.13183000683784485
1648769692.4734993,5413,0.13183000683784485
1648769692.6142948,5422,0.13183000683784485
1648769692.6449687,5424,0.13183000683784485
1648769692.832653,5436,0.13183000683784485
1648769693.4284754,5474,0.13183000683784485
1648769693.931294,5506,0.13183000683784485
1648769694.2273273,5525,0.13183000683784485
1648769694.2905643,5529,0.13183000683784485
1648769694.4926674,5542,0.13183000683784485
1648769694.6309361,5551,0.13183000683784485
1648769695.270856,5592,0.13183000683784485
1648769695.397817,5600,0.13183000683784485
1648769695.4930573,5606,0.13183000683784485
1648769695.619385,5614,0.13183000683784485
1648769697.3547285,5629,0.13183000683784485
1648769697.5450408,5641,0.13183000683784485
1648769698.2055385,5682,0.13183000683784485
1648769698.5001552,5701,0.13183000683784485
1648769698.577717,5706,0.13183000683784485
1648769698.6255238,5709,0.13183000683784485
1648769698.7115312,5714,0.13183000683784485
1648769698.9419181,5728,0.13183000683784485
1648769698.972569,5730,0.13183000683784485
1648769699.0698407,5736,0.13183000683784485
1648769699.4280705,5758,0.13183000683784485
1648769699.4435716,5759,0.13183000683784485
1648769699.5844882,5768,0.13183000683784485
1648769699.6832898,5774,0.13183000683784485
1648769699.8752565,5785,0.13183000683784485
1648769700.6316164,5831,0.13183000683784485
1648769700.7252433,5837,0.13183000683784485
1648769700.8330696,5844,0.13183000683784485
1648769701.2570624,5870,0.13183000683784485
1648769701.52008,5887,0.13183000683784485
1648769701.6168337,5893,0.13183000683784485
1648769701.838571,5906,0.13183000683784485
1648769702.5924995,5953,0.13183000683784485
1648769702.7016857,5960,0.13183000683784485
1648769702.7502723,5963,0.13183000683784485
1648769702.8865619,5971,0.13183000683784485
1648769703.0165575,5979,0.13183000683784485
1648769703.1546936,5988,0.13183000683784485
1648769703.233121,5993,0.13183000683784485
1648769703.8588977,6031,0.13183000683784485
1648769704.0213861,6041,0.13183000683784485
1648769704.1021464,6046,0.13183000683784485
1648769704.1502018,6049,0.13183000683784485
1648769704.2039797,6052,0.13183000683784485
1648769704.258414,6055,0.13183000683784485
1648769704.6066463,6076,0.13183000683784485
1648769704.6531286,6079,0.13183000683784485
1648769704.7974296,6088,0.13183000683784485
1648769706.4456303,6099,0.13183000683784485
1648769706.8406339,6123,0.13183000683784485
1648769706.9296527,6128,0.13183000683784485
1648769707.053532,6135,0.13183000683784485
1648769707.5771382,6165,0.13183000683784485
1648769707.9079652,6184,0.13183000683784485
1648769707.9604647,6187,0.13183000683784485
1648769707.9771173,6188,0.13183000683784485
1648769708.070444,6194,0.13183000683784485
1648769708.1617067,6200,0.13183000683784485
1648769708.2398815,6205,0.13183000683784485
1648769708.4163573,6216,0.13183000683784485
1648769708.6152422,6228,0.13183000683784485
1648769708.661267,6231,0.13183000683784485
1648769708.678833,6232,0.13183000683784485
1648769708.7407663,6236,0.13183000683784485
1648769709.0220475,6254,0.13183000683784485
1648769709.2068334,6266,0.13183000683784485
1648769709.224159,6267,0.13183000683784485
1648769709.6085255,6292,0.13183000683784485
1648769709.8407834,6307,0.13183000683784485
1648769710.4843824,6348,0.13183000683784485
1648769710.5940733,6355,0.13183000683784485
1648769710.8135638,6369,0.13183000683784485
1648769711.049424,6384,0.13183000683784485
1648769711.5464804,6414,0.13183000683784485
1648769711.5961325,6417,0.13183000683784485
1648769711.7415612,6426,0.13183000683784485
1648769711.8065724,6430,0.13183000683784485
1648769711.8221266,6431,0.13183000683784485
1648769712.331114,6461,0.13183000683784485
1648769712.515862,6473,0.13183000683784485
1648769713.8345969,6554,0.13183000683784485
1648769715.757214,6578,0.13183000683784485
1648769716.5176375,6624,0.13183000683784485
1648769716.6389074,6631,0.13183000683784485
1648769717.5383875,6683,0.13183000683784485
1648769717.645492,6689,0.13183000683784485
1648769717.8779259,6703,0.13183000683784485
1648769717.9632401,6708,0.13183000683784485
1648769718.2019756,6722,0.13183000683784485
1648769718.3651097,6732,0.13183000683784485
1648769718.6775243,6751,0.13183000683784485
1648769719.6684,6811,0.13183000683784485
1648769719.7502992,6816,0.13183000683784485
1648769719.7820654,6818,0.13183000683784485
1648769719.7979877,6819,0.13183000683784485
1648769720.0163844,6832,0.13183000683784485
1648769720.066511,6835,0.13183000683784485
1648769720.3490775,6852,0.13183000683784485
1648769720.4842389,6860,0.13183000683784485
1648769720.9898942,6890,0.13183000683784485
1648769721.1830783,6902,0.13183000683784485
1648769721.215783,6904,0.13183000683784485
1648769721.2617323,6907,0.13183000683784485
1648769721.2775044,6908,0.13183000683784485
1648769721.3417253,6912,0.13183000683784485
1648769721.6023626,6928,0.13183000683784485
1648769721.8003962,6940,0.13183000683784485
1648769721.8940985,6946,0.13183000683784485
1648769722.0639977,6957,0.13183000683784485
1648769722.7063227,6998,0.13183000683784485
1648769722.8804097,7009,0.13183000683784485
1648769723.0742118,7021,0.13183000683784485
1648769723.2593915,7031,0.13183000683784485
1648769723.3068295,7034,0.13183000683784485
1648769724.8803973,7037,0.13183000683784485
1648769725.0529485,7048,0.13183000683784485
1648769725.1417954,7054,0.13183000683784485
1648769726.1592786,7119,0.13183000683784485
1648769726.3318305,7130,0.13183000683784485
1648769726.4909835,7140,0.13183000683784485
1648769726.828724,7160,0.13183000683784485
1648769726.8802826,7163,0.13183000683784485
1648769728.2223518,7244,0.13183000683784485
1648769728.5470202,7263,0.13183000683784485
1648769729.8475044,7341,0.13183000683784485
1648769729.9082353,7345,0.13183000683784485
1648769730.0507393,7354,0.13183000683784485
1648769730.143495,7360,0.13183000683784485
1648769730.418162,7377,0.13183000683784485
1648769730.4339402,7378,0.13183000683784485
1648769731.2722778,7431,0.13183000683784485
1648769731.4903107,7444,0.13183000683784485
1648769731.543489,7447,0.13183000683784485
1648769731.788661,7462,0.13183000683784485
1648769731.8656478,7467,0.13183000683784485
1648769732.2524903,7492,0.13183000683784485
1648769732.3469334,7498,0.13183000683784485
1648769734.0404475,7511,0.13183000683784485
1648769734.1822119,7520,0.13183000683784485
1648769734.309127,7528,0.13183000683784485
1648769734.5775414,7545,0.13183000683784485
1648769734.7974873,7559,0.13183000683784485
1648769734.8718266,7564,0.13183000683784485
1648769735.0899067,7578,0.13183000683784485
1648769735.3053803,7592,0.13183000683784485
1648769735.4272597,7600,0.13183000683784485
1648769735.4747736,7603,0.13183000683784485
1648769735.8102603,7623,0.13183000683784485
1648769735.826696,7624,0.13183000683784485
1648769736.1124172,7642,0.13183000683784485
1648769737.015703,7698,0.13183000683784485
1648769737.0939958,7703,0.13183000683784485
1648769737.2346256,7712,0.13183000683784485
1648769737.344637,7719,0.13183000683784485
1648769738.2685468,7773,0.13183000683784485
1648769738.2851763,7774,0.13183000683784485
1648769738.4798198,7785,0.13183000683784485
1648769738.6984787,7799,0.13183000683784485
1648769738.7305536,7801,0.13183000683784485
1648769739.042986,7821,0.13183000683784485
1648769739.405868,7844,0.13183000683784485
1648769739.7727787,7866,0.13183000683784485
1648769740.089172,7886,0.13183000683784485
1648769740.2975314,7899,0.13183000683784485
1648769740.4705622,7910,0.13183000683784485
1648769740.5027952,7912,0.13183000683784485
1648769740.5343556,7914,0.13183000683784485
1648769740.9909852,7943,0.13183000683784485
1648769741.0220456,7945,0.13183000683784485
1648769741.3344202,7964,0.13183000683784485
1648769744.1264734,8043,0.13183000683784485
1648769744.14208,8044,0.13183000683784485
1648769744.3599844,8057,0.13183000683784485
1648769744.3755653,8058,0.13183000683784485
1648769744.5684447,8070,0.13183000683784485
1648769744.5834763,8071,0.13183000683784485
1648769744.6147366,8073,0.13183000683784485
1648769744.88602,8089,0.13183000683784485
1648769744.995977,8095,0.13183000683784485
1648769745.0792093,8100,0.13183000683784485
1648769745.2856061,8112,0.13183000683784485
1648769745.6862056,8135,0.13183000683784485
1648769745.7028549,8136,0.13183000683784485
1648769745.8057122,8142,0.13183000683784485
1648769745.8411996,8144,0.13183000683784485
1648769745.962352,8151,0.13183000683784485
1648769746.1361635,8161,0.13183000683784485
1648769746.7795022,8198,0.13183000683784485
1648769747.110142,8217,0.13183000683784485
1648769747.1605587,8220,0.13183000683784485
1648769747.4031591,8234,0.13183000683784485
1648769747.8500519,8262,0.13183000683784485
1648769748.2063406,8284,0.13183000683784485
1648769748.4324434,8297,0.13183000683784485
1648769748.8479834,8321,0.13183000683784485
1648769749.1235647,8339,0.13183000683784485
1648769749.7283497,8378,0.13183000683784485
1648769749.7431774,8379,0.13183000683784485
1648769749.7729363,8381,0.13183000683784485
1648769749.9421194,8392,0.13183000683784485
1648769750.1568656,8406,0.13183000683784485
1648769750.2205443,8410,0.13183000683784485
1648769750.3906603,8421,0.13183000683784485
1648769750.4214995,8423,0.13183000683784485
1648769752.4082735,8453,0.13183000683784485
1648769752.4715688,8457,0.13183000683784485
1648769752.6619077,8469,0.13183000683784485
1648769752.722616,8473,0.13183000683784485
1648769752.770875,8476,0.13183000683784485
1648769753.0484307,8493,0.13183000683784485
1648769753.082045,8495,0.13183000683784485
1648769753.2931414,8507,0.13183000683784485
1648769753.435688,8516,0.13183000683784485
1648769753.529438,8522,0.13183000683784485
1648769753.5606663,8524,0.13183000683784485
1648769753.7627943,8536,0.13183000683784485
1648769753.7799966,8537,0.13183000683784485
1648769753.8135467,8539,0.13183000683784485
1648769753.9291763,8546,0.13183000683784485
1648769754.1936302,8563,0.13183000683784485
1648769754.3466656,8573,0.13183000683784485
1648769754.5197623,8584,0.13183000683784485
1648769754.753411,8599,0.13183000683784485
1648769754.997927,8615,0.13183000683784485
1648769755.0758252,8620,0.13183000683784485
1648769755.2787614,8633,0.13183000683784485
1648769755.5128803,8648,0.13183000683784485
1648769755.8504572,8669,0.13183000683784485
1648769755.9644132,8676,0.13183000683784485
1648769756.171824,8689,0.13183000683784485
1648769756.252656,8694,0.13183000683784485
1648769756.6401608,8719,0.13183000683784485
1648769756.8262453,8731,0.13183000683784485
1648769757.0141783,8743,0.13183000683784485
1648769757.1094937,8749,0.13183000683784485
1648769757.26515,8759,0.13183000683784485
1648769757.2805827,8760,0.13183000683784485
1648769757.328407,8763,0.13183000683784485
1648769757.389552,8767,0.13183000683784485
1648769757.4199452,8769,0.13183000683784485
1648769757.4520917,8771,0.13183000683784485
1648769757.8226845,8795,0.13183000683784485
1648769757.9311547,8802,0.13183000683784485
1648769758.0560946,8810,0.13183000683784485
1648769758.502769,8839,0.13183000683784485
1648769758.7007606,8852,0.13183000683784485
1648769759.009654,8872,0.13183000683784485
1648769759.4130352,8898,0.13183000683784485
1648769761.1526692,8913,0.13183000683784485
1648769761.574823,8938,0.13183000683784485
1648769761.7760532,8951,0.13183000683784485
1648769761.9309757,8961,0.13183000683784485
1648769762.6627126,9007,0.13183000683784485
1648769762.8017287,9016,0.13183000683784485
1648769762.9254665,9024,0.13183000683784485
1648769763.0811248,9034,0.13183000683784485
1648769763.3738985,9053,0.13183000683784485
1648769763.4375079,9057,0.13183000683784485
1648769763.7641528,9078,0.13183000683784485
1648769763.995787,9093,0.13183000683784485
1648769764.0262134,9095,0.13183000683784485
1648769764.2737103,9111,0.13183000683784485
1648769764.411071,9120,0.13183000683784485
1648769764.8156471,9146,0.13183000683784485
1648769765.2783773,9176,0.13183000683784485
1648769765.385946,9183,0.13183000683784485
1648769765.6601894,9201,0.13183000683784485
1648769765.6774762,9202,0.13183000683784485
1648769765.692514,9203,0.13183000683784485
1648769766.1073442,9230,0.13183000683784485
1648769766.122141,9231,0.13183000683784485
1648769766.3523614,9246,0.13183000683784485
1648769766.7126422,9269,0.13183000683784485
1648769766.9636917,9285,0.13183000683784485
1648769767.1986692,9300,0.13183000683784485
1648769767.3239944,9308,0.13183000683784485
1648769767.741992,9333,0.13183000683784485
1648769767.8361592,9339,0.13183000683784485
1648769767.9009864,9343,0.13183000683784485
1648769767.9162092,9344,0.13183000683784485
1648769767.9948733,9349,0.13183000683784485
1648769768.3021712,9369,0.13183000683784485
1648769768.334746,9371,0.13183000683784485
1648769768.3953593,9375,0.13183000683784485
1648769770.2757142,9398,0.13183000683784485
1648769770.4279463,9406,0.13183000683784485
1648769770.4948268,9410,0.13183000683784485
1648769770.5735934,9415,0.13183000683784485
1648769770.8271227,9431,0.13183000683784485
1648769770.8418567,9432,0.13183000683784485
1648769770.923767,9437,0.13183000683784485
1648769771.4729276,9470,0.13183000683784485
1648769771.613405,9479,0.13183000683784485
1648769771.6488583,9481,0.13183000683784485
1648769772.0392973,9506,0.13183000683784485
1648769772.303272,9523,0.13183000683784485
1648769773.243,9584,0.13183000683784485
1648769773.3052268,9588,0.13183000683784485
1648769773.3351343,9590,0.13183000683784485
1648769773.537833,9603,0.13183000683784485
1648769773.7537296,9617,0.13183000683784485
1648769774.1898298,9645,0.13183000683784485
1648769774.3293164,9654,0.13183000683784485
1648769774.4071045,9659,0.13183000683784485
1648769774.4369931,9661,0.13183000683784485
1648769774.777527,9683,0.13183000683784485
1648769774.7952678,9684,0.13183000683784485
1648769774.8862164,9690,0.13183000683784485
1648769775.2054338,9711,0.13183000683784485
1648769775.2512164,9714,0.13183000683784485
1648769775.343542,9720,0.13183000683784485
1648769776.0238974,9764,0.13183000683784485
1648769776.0385437,9765,0.13183000683784485
1648769776.3154027,9783,0.13183000683784485
1648769776.3931391,9788,0.13183000683784485
1648769776.6855843,9807,0.13183000683784485
1648769776.8649735,9818,0.13183000683784485
1648769777.1864295,9839,0.13183000683784485
1648769777.2784197,9845,0.13183000683784485
1648769777.3082414,9847,0.13183000683784485
1648769779.1266189,9866,0.13183000683784485
1648769779.3015997,9876,0.13183000683784485
1648769779.352298,9879,0.13183000683784485
1648769779.4322722,9884,0.13183000683784485
1648769779.66666,9899,0.13183000683784485
1648769779.745485,9904,0.13183000683784485
1648769780.504681,9950,0.13183000683784485
1648769780.6410723,9959,0.13183000683784485
1648769780.656161,9960,0.13183000683784485
1648769780.8868356,9975,0.13183000683784485
1648769781.6017668,10021,0.13183000683784485
1648769782.1495116,10054,0.13183000683784485
1648769782.210959,10058,0.13183000683784485
1648769782.9152076,10103,0.13183000683784485
1648769783.0047593,10109,0.13183000683784485
1648769783.1004596,10115,0.13183000683784485
1648769783.211745,10122,0.13183000683784485
1648769783.3055146,10128,0.13183000683784485
1648769783.4929736,10140,0.13183000683784485
1648769783.5715394,10145,0.13183000683784485
1648769783.7132764,10154,0.13183000683784485
1648769784.25403,10188,0.13183000683784485
1648769784.3513026,10194,0.13183000683784485
1648769784.3981087,10197,0.13183000683784485
1648769784.5091524,10204,0.13183000683784485
1648769784.5401359,10206,0.13183000683784485
1648769784.6053388,10210,0.13183000683784485
1648769784.6213613,10211,0.13183000683784485
1648769784.6528893,10213,0.13183000683784485
1648769784.669051,10214,0.13183000683784485
1648769784.6865985,10215,0.13183000683784485
1648769784.9435532,10231,0.13183000683784485
1648769785.0217566,10236,0.13183000683784485
1648769785.0822346,10240,0.13183000683784485
1648769785.1124372,10242,0.13183000683784485
1648769785.1630735,10245,0.13183000683784485
1648769785.2869456,10253,0.13183000683784485
1648769785.4129617,10261,0.13183000683784485
1648769785.428078,10262,0.13183000683784485
1648769785.5858448,10272,0.13183000683784485
1648769788.0265362,10332,0.13183000683784485
1648769788.04193,10333,0.13183000683784485
1648769788.5738945,10367,0.13183000683784485
1648769788.9440026,10391,0.13183000683784485
1648769789.0363226,10397,0.13183000683784485
1648769789.2382772,10410,0.13183000683784485
1648769789.4274583,10422,0.13183000683784485
1648769789.5814528,10432,0.13183000683784485
1648769789.6278973,10435,0.13183000683784485
1648769790.0235324,10460,0.13183000683784485
1648769790.2695086,10476,0.13183000683784485
1648769790.3324564,10480,0.13183000683784485
1648769790.4927695,10490,0.13183000683784485
1648769791.2100246,10532,0.13183000683784485
1648769791.3649738,10542,0.13183000683784485
1648769791.5240552,10552,0.13183000683784485
1648769791.9780338,10579,0.13183000683784485
1648769792.1359925,10589,0.13183000683784485
1648769792.3011038,10599,0.13183000683784485
1648769792.6318398,10620,0.13183000683784485
1648769792.6621764,10622,0.13183000683784485
1648769793.2005534,10654,0.13183000683784485
1648769793.4545295,10670,0.13183000683784485
1648769793.7517734,10689,0.13183000683784485
1648769794.1331923,10713,0.13183000683784485
1648769794.4053156,10730,0.13183000683784485
1648769794.6656346,10745,0.13183000683784485
1648769795.2100782,10780,0.13183000683784485
1648769797.0565073,10802,0.13183000683784485
1648769797.3732522,10822,0.13183000683784485
1648769797.43817,10826,0.13183000683784485
1648769797.453151,10827,0.13183000683784485
1648769797.5351799,10832,0.13183000683784485
1648769797.6386466,10838,0.13183000683784485
1648769798.6678243,10902,0.13183000683784485
1648769798.860095,10913,0.13183000683784485
1648769798.9815357,10920,0.13183000683784485
1648769799.154925,10931,0.13183000683784485
1648769799.3888652,10945,0.13183000683784485
1648769799.5057359,10952,0.13183000683784485
1648769799.5825534,10957,0.13183000683784485
1648769799.5993667,10958,0.13183000683784485
1648769799.7399743,10967,0.13183000683784485
1648769799.8019853,10971,0.13183000683784485
1648769801.4354692,11071,0.13183000683784485
1648769801.5775187,11080,0.13183000683784485
1648769801.6238341,11083,0.13183000683784485
1648769801.643213,11084,0.13183000683784485
1648769801.7848663,11093,0.13183000683784485
1648769802.1362112,11115,0.13183000683784485
1648769802.236886,11121,0.13183000683784485
1648769802.487396,11137,0.13183000683784485
1648769802.5494998,11141,0.13183000683784485
1648769802.657891,11148,0.13183000683784485
1648769802.6877182,11150,0.13183000683784485
1648769803.5672174,11205,0.13183000683784485
1648769803.8180864,11219,0.13183000683784485
1648769803.852298,11221,0.13183000683784485
1648769803.9941118,11229,0.13183000683784485
1648769804.1849852,11240,0.13183000683784485
1648769804.2006457,11241,0.13183000683784485
1648769804.2182276,11242,0.13183000683784485
1648769804.2644908,11245,0.13183000683784485
1648769806.040788,11262,0.13183000683784485
1648769806.3861172,11284,0.13183000683784485
1648769806.6769223,11301,0.13183000683784485
1648769807.2169545,11332,0.13183000683784485
1648769807.3916996,11342,0.13183000683784485
1648769807.4611752,11346,0.13183000683784485
1648769808.2855043,11393,0.13183000683784485
1648769808.3635814,11398,0.13183000683784485
1648769808.4893293,11406,0.13183000683784485
1648769808.8119087,11425,0.13183000683784485
1648769808.8602402,11428,0.13183000683784485
1648769809.1497786,11446,0.13183000683784485
1648769809.166821,11447,0.13183000683784485
1648769809.4606512,11465,0.13183000683784485
1648769809.7266304,11481,0.13183000683784485
1648769809.852304,11488,0.13183000683784485
1648769810.2009194,11509,0.13183000683784485
1648769810.216152,11510,0.13183000683784485
1648769810.3718743,11520,0.13183000683784485
1648769810.562271,11532,0.13183000683784485
1648769811.2439508,11573,0.13183000683784485
1648769811.8461757,11611,0.13183000683784485
1648769811.9550226,11618,0.13183000683784485
1648769812.1096504,11627,0.13183000683784485
1648769812.3969252,11645,0.13183000683784485
1648769812.694444,11663,0.13183000683784485
1648769812.913708,11677,0.13183000683784485
1648769813.070417,11687,0.13183000683784485
1648769813.394111,11707,0.13183000683784485
1648769813.5232258,11715,0.13183000683784485
1648769815.390981,11736,0.13183000683784485
1648769815.4673352,11741,0.13183000683784485
1648769815.7725108,11761,0.13183000683784485
1648769815.9094694,11770,0.13183000683784485
1648769815.941761,11772,0.13183000683784485
1648769816.1102955,11783,0.13183000683784485
1648769816.451795,11805,0.13183000683784485
1648769816.5929906,11814,0.13183000683784485
1648769816.8543806,11831,0.13183000683784485
1648769817.5075777,11873,0.13183000683784485
1648769817.5381768,11875,0.13183000683784485
1648769817.882712,11895,0.13183000683784485
1648769817.8991604,11896,0.13183000683784485
1648769817.9152064,11897,0.13183000683784485
1648769818.0553792,11906,0.13183000683784485
1648769818.3589568,11924,0.13183000683784485
1648769818.3752687,11925,0.13183000683784485
1648769818.7062674,11946,0.13183000683784485
1648769819.2233045,11978,0.13183000683784485
1648769819.412962,11990,0.13183000683784485
1648769819.5365775,11998,0.13183000683784485
1648769819.8501785,12018,0.13183000683784485
1648769819.8807383,12020,0.13183000683784485
1648769820.0236945,12029,0.13183000683784485
1648769820.4773886,12056,0.13183000683784485
1648769820.710649,12070,0.13183000683784485
1648769820.8618321,12079,0.13183000683784485
1648769820.9233458,12083,0.13183000683784485
1648769821.0019948,12088,0.13183000683784485
1648769821.164225,12098,0.13183000683784485
1648769821.834517,12136,0.13183000683784485
1648769821.9331207,12142,0.13183000683784485
1648769821.9847882,12145,0.13183000683784485
1648769822.1633308,12155,0.13183000683784485
1648769822.198972,12157,0.13183000683784485
1648769822.6898549,12186,0.13183000683784485
1648769824.3440266,12197,0.13183000683784485
1648769824.5897403,12211,0.13183000683784485
1648769824.7656353,12221,0.13183000683784485
1648769825.1319368,12242,0.13183000683784485
1648769825.2710261,12250,0.13183000683784485
1648769825.8865364,12286,0.13183000683784485
1648769826.0796943,12298,0.13183000683784485
1648769826.950236,12352,0.13183000683784485
1648769827.6310475,12396,0.13183000683784485
1648769827.707503,12401,0.13183000683784485
1648769827.9407182,12416,0.13183000683784485
1648769828.2648807,12437,0.13183000683784485
1648769828.4684687,12450,0.13183000683784485
1648769828.6076999,12459,0.13183000683784485
1648769829.1019804,12491,0.13183000683784485
1648769829.1954863,12497,0.13183000683784485
1648769829.2572262,12501,0.13183000683784485
1648769829.4259892,12512,0.13183000683784485
1648769829.8998756,12541,0.13183000683784485
1648769829.9643705,12545,0.13183000683784485
1648769830.0444803,12550,0.13183000683784485
1648769830.3951356,12572,0.13183000683784485
1648769830.4913864,12578,0.13183000683784485
1648769830.5870807,12584,0.13183000683784485
1648769830.8103683,12597,0.13183000683784485
1648769830.8589501,12600,0.13183000683784485
1648769830.922168,12604,0.13183000683784485
1648769831.173517,12620,0.13183000683784485
1648769831.3595545,12632,0.13183000683784485
1648769831.437109,12637,0.13183000683784485
1648769831.640585,12650,0.13183000683784485
1648769831.7011256,12654,0.13183000683784485
1648769831.7644012,12658,0.13183000683784485
1648769833.7435737,12690,0.13183000683784485
1648769833.8525488,12697,0.13183000683784485
1648769834.3066278,12726,0.13183000683784485
1648769834.8067975,12758,0.13183000683784485
1648769834.8699768,12762,0.13183000683784485
1648769834.9163246,12765,0.13183000683784485
1648769835.0880318,12776,0.13183000683784485
1648769835.1183941,12778,0.13183000683784485
1648769835.1500936,12780,0.13183000683784485
1648769835.1672862,12781,0.13183000683784485
1648769835.1819298,12782,0.13183000683784485
1648769835.3172834,12790,0.13183000683784485
1648769835.3864741,12794,0.13183000683784485
1648769835.472279,12799,0.13183000683784485
1648769835.5373657,12803,0.13183000683784485
1648769835.802162,12820,0.13183000683784485
1648769836.0565412,12835,0.13183000683784485
1648769836.1731067,12842,0.13183000683784485
1648769836.2591252,12847,0.13183000683784485
1648769836.5891902,12867,0.13183000683784485
1648769836.63454,12870,0.13183000683784485
1648769837.0250626,12893,0.13183000683784485
1648769837.3179603,12911,0.13183000683784485
1648769837.7326508,12936,0.13183000683784485
1648769837.749432,12937,0.13183000683784485
1648769837.8922153,12946,0.13183000683784485
1648769838.1612766,12963,0.13183000683784485
1648769838.4346747,12979,0.13183000683784485
1648769838.8170958,13003,0.13183000683784485
1648769839.365479,13035,0.13183000683784485
1648769839.6400464,13052,0.13183000683784485
1648769839.8531098,13066,0.13183000683784485
1648769840.2092295,13089,0.13183000683784485
1648769840.2390518,13091,0.13183000683784485
1648769840.516356,13109,0.13183000683784485
1648769842.6952562,13150,0.13183000683784485
1648769842.7101614,13151,0.13183000683784485
1648769842.77036,13155,0.13183000683784485
1648769842.9887931,13169,0.13183000683784485
1648769843.4168067,13195,0.13183000683784485
1648769843.5149584,13201,0.13183000683784485
1648769843.768001,13216,0.13183000683784485
1648769843.8577514,13222,0.13183000683784485
1648769844.1100583,13238,0.13183000683784485
1648769844.3623905,13253,0.13183000683784485
1648769844.5329242,13264,0.13183000683784485
1648769844.581547,13267,0.13183000683784485
1648769844.673975,13273,0.13183000683784485
1648769845.1501043,13303,0.13183000683784485
1648769845.3703473,13316,0.13183000683784485
1648769846.1377382,13363,0.13183000683784485
1648769846.2031937,13367,0.13183000683784485
1648769846.7372196,13400,0.13183000683784485
1648769847.0264266,13419,0.13183000683784485
1648769847.090796,13423,0.13183000683784485
1648769847.231112,13432,0.13183000683784485
1648769847.295073,13436,0.13183000683784485
1648769847.7341738,13464,0.13183000683784485
1648769847.8296137,13470,0.13183000683784485
1648769847.8598497,13472,0.13183000683784485
1648769848.0307202,13483,0.13183000683784485
1648769848.1725988,13492,0.13183000683784485
1648769848.233075,13496,0.13183000683784485
1648769848.5245445,13515,0.13183000683784485
1648769848.7638927,13530,0.13183000683784485
1648769849.1140206,13552,0.13183000683784485
1648769849.1446455,13554,0.13183000683784485
1648769849.2063925,13558,0.13183000683784485
1648769849.7779443,13591,0.13183000683784485
1648769851.4712415,13603,0.13183000683784485
1648769851.6847248,13616,0.13183000683784485
1648769851.7019575,13617,0.13183000683784485
1648769851.982729,13633,0.13183000683784485
1648769852.0618925,13638,0.13183000683784485
1648769852.1949914,13646,0.13183000683784485
1648769852.2111356,13647,0.13183000683784485
1648769852.7889194,13681,0.13183000683784485
1648769852.9634745,13692,0.13183000683784485
1648769853.1198485,13702,0.13183000683784485
1648769853.2767768,13712,0.13183000683784485
1648769853.3875754,13719,0.13183000683784485
1648769853.4374099,13722,0.13183000683784485
1648769853.4997354,13726,0.13183000683784485
1648769853.5337977,13728,0.13183000683784485
1648769853.5647557,13730,0.13183000683784485
1648769853.6449778,13735,0.13183000683784485
1648769853.9446783,13753,0.13183000683784485
1648769854.071076,13761,0.13183000683784485
1648769854.1809666,13768,0.13183000683784485
1648769854.2437673,13772,0.13183000683784485
1648769854.3222136,13777,0.13183000683784485
1648769854.3524697,13779,0.13183000683784485
1648769854.5824003,13794,0.13183000683784485
1648769854.9396188,13817,0.13183000683784485
1648769855.3814623,13845,0.13183000683784485
1648769855.4138172,13847,0.13183000683784485
1648769855.7265944,13867,0.13183000683784485
1648769855.8802114,13877,0.13183000683784485
1648769856.0994267,13891,0.13183000683784485
1648769856.193184,13897,0.13183000683784485
1648769856.334908,13906,0.13183000683784485
1648769856.694232,13929,0.13183000683784485
1648769856.9622872,13945,0.13183000683784485
1648769857.4900074,13979,0.13183000683784485
1648769857.9324586,14008,0.13183000683784485
1648769858.3127856,14032,0.13183000683784485
1648769858.4261458,14039,0.13183000683784485
1648769858.4908938,14043,0.13183000683784485
1648769858.700212,14056,0.13183000683784485
1648769858.900639,14069,0.13183000683784485
