Wall time,Step,Value
1648769589.120403,19,1.1145998239517212
1648769589.1530988,21,0.9847495555877686
1648769590.0066223,73,0.31860247254371643
1648769590.0701818,77,0.2959386706352234
1648769590.5085094,104,0.16871219873428345
1648769590.9566512,132,0.0977136641740799
1648769590.990341,134,0.24873602390289307
1648769591.2136893,148,0.10312481224536896
1648769591.5842247,171,0.2203439325094223
1648769591.8285666,186,0.12167274951934814
1648769592.178342,207,0.1326269954442978
1648769592.2944264,214,0.09740736335515976
1648769592.4039671,221,0.16829589009284973
1648769593.145741,269,0.03828364238142967
1648769593.394843,285,0.11518312990665436
1648769593.5346084,294,0.1836259365081787
1648769593.703897,305,0.16433130204677582
1648769593.877583,316,0.12189476937055588
1648769594.018522,325,0.06997255980968475
1648769594.049611,327,0.11942258477210999
1648769594.4242857,351,0.20079775154590607
1648769594.840089,378,0.05313526839017868
1648769594.900229,382,0.2556203007698059
1648769594.9519947,385,0.08855123817920685
1648769595.0022476,388,0.17587129771709442
1648769595.1224284,395,0.19523772597312927
1648769595.1907322,399,0.04323893040418625
1648769595.2742567,404,0.10531657934188843
1648769595.2912993,405,0.03799019008874893
1648769596.1969292,463,0.090652234852314
1648769596.2565815,467,0.0324956513941288
1648769599.0525947,543,0.17762841284275055
1648769599.3478785,560,0.06506150215864182
1648769599.4355125,565,0.06655025482177734
1648769599.5923576,575,0.05449819937348366
1648769599.803734,588,0.03732561320066452
1648769601.4624135,696,0.07099258899688721
1648769601.6005447,705,0.11611539125442505
1648769601.630575,707,0.11815451830625534
1648769601.7379084,714,0.020125849172472954
1648769601.7529035,715,0.04564311355352402
1648769602.0634987,735,0.11445648223161697
1648769602.1852138,743,0.14317721128463745
1648769602.2617893,748,0.13309262692928314
1648769602.3235338,752,0.06538962572813034
1648769602.4011297,757,0.098708376288414
1648769602.4320688,759,0.11549738049507141
1648769602.5082142,764,0.06882529705762863
1648769602.6336026,772,0.037314046174287796
1648769602.9101422,790,0.08259010314941406
1648769603.573518,833,0.20727737247943878
1648769603.605825,835,0.06905695796012878
1648769604.0220175,862,0.0574045330286026
1648769604.1613731,871,0.012766881845891476
1648769604.2077794,874,0.028804399073123932
1648769604.2231884,875,0.043341007083654404
1648769605.0919774,929,0.10896643251180649
1648769605.1699123,934,0.04680989310145378
1648769605.1881058,935,0.14887027442455292
1648769606.9286416,953,0.024879369884729385
1648769607.096977,964,0.04368714615702629
1648769607.5002391,990,0.033682867884635925
1648769607.5951176,996,0.08028953522443771
1648769608.3035226,1038,0.04845455661416054
1648769608.3376923,1040,0.03933409973978996
1648769608.4157202,1045,0.016707487404346466
1648769608.553935,1054,0.07371369004249573
1648769608.78049,1068,0.008036396466195583
1648769608.9268618,1076,0.07576385885477066
1648769608.9794018,1079,0.059656549245119095
1648769609.4356263,1106,0.09376328438520432
1648769609.6063411,1116,0.10810676962137222
1648769609.9313385,1136,0.08874742686748505
1648769609.9462898,1137,0.05262652039527893
1648769609.9614792,1138,0.01804952323436737
1648769609.9763577,1139,0.07615947723388672
1648769610.0843232,1146,0.04192563518881798
1648769610.3447235,1163,0.05650479719042778
1648769610.4680138,1171,0.1784084439277649
1648769611.1030843,1210,0.12140554934740067
1648769611.2161815,1217,0.07689309865236282
1648769611.3707097,1226,0.02377893775701523
1648769611.4712615,1232,0.0078001320362091064
1648769611.4866781,1233,0.02052333764731884
1648769611.671134,1245,0.041376084089279175
1648769611.7801647,1252,0.04488031938672066
1648769611.810327,1254,0.0341092087328434
1648769612.1529531,1276,0.07936959713697433
1648769612.3553736,1289,0.03373025730252266
1648769612.7845523,1315,0.021805835887789726
1648769612.8007133,1316,0.08346942812204361
1648769613.4088905,1353,0.05334486812353134
1648769614.0402968,1391,0.1146320030093193
1648769614.1539123,1398,0.08072040975093842
1648769616.204984,1435,0.015911363065242767
1648769616.4089255,1448,0.010852797888219357
1648769616.455075,1451,0.05837690830230713
1648769616.6718066,1464,0.04844660684466362
1648769616.8754473,1476,0.05968605726957321
1648769617.1248562,1491,0.008139756508171558
1648769617.686469,1525,0.0515977144241333
1648769617.701915,1526,0.008700595237314701
1648769617.98262,1543,0.014603724703192711
1648769618.9416041,1603,0.04814823344349861
1648769619.0670292,1611,0.01392087247222662
1648769619.2270007,1621,0.03852766752243042
1648769619.273243,1624,0.04375176504254341
1648769619.3831022,1631,0.12681201100349426
1648769619.9790373,1669,0.023984968662261963
1648769620.6979485,1714,0.03572144731879234
1648769620.8537302,1723,0.03870696201920509
1648769621.279026,1748,0.05392374470829964
1648769621.3122616,1750,0.028614696115255356
1648769621.3898575,1755,0.023497693240642548
1648769621.5934908,1768,0.03832192346453667
1648769621.610567,1769,0.05400415509939194
1648769621.9826608,1791,0.08667337149381638
1648769621.9984267,1792,0.07577267289161682
1648769622.0154,1793,0.02206624113023281
1648769622.5553215,1825,0.037935130298137665
1648769622.9459534,1849,0.010749312117695808
1648769623.0583282,1856,0.08634369820356369
1648769625.0612497,1891,0.02791512943804264
1648769625.144355,1896,0.04182984307408333
1648769625.4120862,1913,0.012539079412817955
1648769625.6445274,1928,0.042507756501436234
1648769625.7667208,1936,0.014468314126133919
1648769626.0651767,1954,0.015110780484974384
1648769626.519923,1982,0.026558535173535347
1648769626.669725,1991,0.001766773290000856
1648769627.4650805,2041,0.024948028847575188
1648769627.497076,2043,0.01770055666565895
1648769627.8529506,2064,0.009128715842962265
1648769628.4980826,2105,0.0059039234183728695
1648769628.562426,2109,0.02815110608935356
1648769628.8477395,2127,0.020860781893134117
1648769628.9102218,2131,0.08250574767589569
1648769629.101874,2143,0.05887952819466591
1648769629.203232,2149,0.0026746063958853483
1648769629.2851882,2154,0.0065230256877839565
1648769629.7352886,2183,0.03314896300435066
1648769629.9491658,2197,0.03703979030251503
1648769629.993417,2200,0.026543211191892624
1648769630.9956849,2264,0.0053265755996108055
1648769631.0108933,2265,0.009784698486328125
1648769631.337897,2286,0.042419470846652985
1648769631.4314916,2292,0.022788308560848236
1648769631.4621687,2294,0.02303571067750454
1648769631.7573264,2313,0.016935599967837334
1648769631.943919,2325,0.09097965806722641
1648769632.0985265,2335,0.008264069445431232
1648769632.1303432,2337,0.008426870219409466
1648769632.2106674,2342,0.01913735643029213
1648769633.8045397,2348,0.0017269897507503629
1648769634.2014408,2372,0.02349364012479782
1648769634.3099742,2379,0.03911468759179115
1648769634.6944633,2404,0.021768053993582726
1648769634.8644037,2415,0.05878261476755142
1648769635.2092497,2437,0.01314711757004261
1648769635.23899,2439,0.050712428987026215
1648769635.4080696,2450,0.0026925108395516872
1648769635.5608492,2460,0.024536026641726494
1648769635.6683817,2467,0.053076498210430145
1648769635.7756104,2474,0.04028552770614624
1648769636.2153475,2501,0.0465429425239563
1648769636.358342,2510,0.029911337420344353
1648769636.4211679,2514,0.011274316348135471
1648769636.7351232,2534,0.004096240736544132
1648769636.7502127,2535,0.0076560378074646
1648769636.8828843,2543,0.0015480517176911235
1648769636.935638,2546,0.012150933966040611
1648769637.0550249,2553,0.028491787612438202
1648769637.2430828,2565,0.003293347777798772
1648769637.3074062,2569,0.011656980961561203
1648769637.6495051,2591,0.008190219290554523
1648769637.7284083,2596,0.0023609460331499577
1648769637.7740664,2599,0.026768706738948822
1648769638.1413026,2621,0.05768800899386406
1648769638.3423839,2634,0.03172391280531883
1648769638.5132828,2645,0.0023262957111001015
1648769638.574489,2649,0.030767982825636864
1648769638.8107216,2663,0.009702885523438454
1648769639.0560148,2677,0.0033117143902927637
1648769639.1075373,2680,0.03489549830555916
1648769639.2809765,2690,0.007255778647959232
1648769639.35039,2694,0.10407112538814545
1648769639.561159,2706,0.020387724041938782
1648769639.5948563,2708,0.06754021346569061
1648769640.2412577,2745,0.027578987181186676
1648769640.390582,2754,0.00817048829048872
1648769640.405676,2755,0.018663322553038597
1648769640.9004025,2784,0.006631104741245508
1648769641.162205,2799,0.01380754541605711
1648769642.950054,2817,0.004218668211251497
1648769643.1684625,2831,0.03178713470697403
1648769643.3558657,2843,0.008671156130731106
1648769643.6149793,2859,0.022534362971782684
1648769643.6653478,2862,0.018121708184480667
1648769643.9681852,2881,0.0036152738612145185
1648769643.9831412,2882,0.007331832777708769
1648769644.5005553,2913,0.03569616749882698
1648769644.6992033,2925,0.00901584792882204
1648769644.7660987,2929,0.013030215166509151
1648769645.1498795,2953,0.04795682430267334
1648769645.4295554,2971,0.02469782344996929
1648769645.4604409,2973,0.0366516038775444
1648769645.6682532,2986,0.002293439581990242
1648769646.9750996,3068,0.00595560297369957
1648769647.0520542,3073,0.07519225776195526
1648769647.1589706,3080,0.045729730278253555
1648769647.4235713,3097,0.025163017213344574
1648769647.543176,3104,0.04610453546047211
1648769647.5932617,3107,0.007228442467749119
1648769647.6608562,3111,0.011473888531327248
1648769647.7971632,3119,0.05293826013803482
1648769648.2915263,3150,0.024437634274363518
1648769648.9048314,3186,0.01182867493480444
1648769649.1924362,3204,0.04663974046707153
1648769649.8223293,3243,0.007546689361333847
1648769652.4348485,3311,0.037085019052028656
1648769652.4498835,3312,0.01392186339944601
1648769652.5301468,3317,0.026410851627588272
1648769653.2486374,3360,0.031123515218496323
1648769653.5071096,3376,0.006376678589731455
1648769653.8036036,3395,0.00256607704795897
1648769654.1645167,3418,0.016990717500448227
1648769654.2755613,3425,0.0021570816170424223
1648769654.7381089,3453,0.0008087212918326259
1648769655.2706356,3486,0.016854584217071533
1648769655.7364106,3516,0.0034335178788751364
1648769655.9218814,3528,0.007834882475435734
1648769655.9526553,3530,0.004479547031223774
1648769656.2555087,3549,0.01163903996348381
1648769656.447064,3561,0.0016695144586265087
1648769656.695739,3576,0.01222320832312107
1648769657.170394,3605,0.0006872896919958293
1648769657.2489429,3609,0.001902665593661368
1648769657.9808848,3652,0.06204775720834732
1648769658.0365567,3655,0.022017385810613632
1648769658.2695732,3668,0.008578242734074593
1648769658.30556,3670,0.011829955503344536
1648769658.4131517,3676,0.04311784356832504
1648769658.482595,3680,0.015046500600874424
1648769658.5370347,3683,0.001875668647699058
1648769661.4088714,3764,0.004728792235255241
1648769661.6293418,3778,0.015786325559020042
1648769661.7733684,3787,0.004739732947200537
1648769662.0245953,3803,0.0036761839874088764
1648769662.0914636,3807,0.0035055300686508417
1648769662.2782235,3819,0.008120926097035408
1648769662.2936866,3820,0.006346656940877438
1648769662.6204498,3841,0.0038140853866934776
1648769662.824429,3854,0.01987985521554947
1648769662.8398604,3855,0.01692548394203186
1648769663.2642968,3882,0.004152935463935137
1648769663.374644,3889,0.00950443372130394
1648769663.4686954,3895,0.016205450519919395
1648769663.4999473,3897,0.00256673083640635
1648769663.6408198,3906,0.0018176710000261664
1648769663.9555376,3926,0.0028953407891094685
1648769664.2608886,3945,0.006371984723955393
1648769664.3118234,3948,0.0065522766672074795
1648769664.434747,3955,0.03766469284892082
1648769664.5537992,3962,0.008314433507621288
1648769664.685596,3970,0.010721891187131405
1648769665.113063,3995,0.0016694378573447466
1648769665.215933,4001,0.001457737060263753
1648769665.4714441,4017,0.003928713966161013
1648769665.6252134,4027,0.0011338283075019717
1648769665.7396467,4034,0.008600113913416862
1648769666.0787218,4053,0.008952876552939415
1648769666.330339,4067,0.007034386973828077
1648769666.5485506,4081,0.0007772214012220502
1648769666.8030365,4096,0.005202454514801502
1648769667.0808084,4113,0.0089404983446002
1648769667.2630684,4124,0.01210685633122921
1648769667.2975588,4126,0.0007276516407728195
1648769667.6634772,4147,0.0020524156279861927
1648769667.9225295,4161,0.006587191019207239
1648769668.3100932,4184,0.00265032472088933
1648769668.380699,4188,0.0029788699466735125
1648769668.905876,4220,0.01206009928137064
1648769670.487897,4223,0.000504890107549727
1648769670.5849924,4229,0.016089994460344315
1648769670.6335337,4232,0.00015566508227493614
1648769670.9372916,4251,0.0043549323454499245
1648769670.9535394,4252,0.031194008886814117
1648769671.0649412,4259,0.00024061497242655605
1648769671.114343,4262,0.002536419779062271
1648769671.17521,4266,0.0025258364621549845
1648769671.4476295,4283,0.003348316065967083
1648769671.9018643,4310,0.002095074625685811
1648769671.9688828,4314,0.00731276860460639
1648769672.0156012,4317,0.0009571589180268347
1648769672.2743008,4333,0.0029236050322651863
1648769672.3251781,4336,0.0010206378065049648
1648769672.3439152,4337,0.003240492194890976
1648769672.544529,4349,0.008798089809715748
1648769673.5745666,4413,0.0024036946706473827
1648769673.6665416,4419,0.0036207016091793776
1648769674.1755726,4450,0.00862929504364729
1648769675.059933,4506,0.011499597690999508
1648769675.3467193,4524,0.0028192296158522367
1648769675.4493594,4530,0.016338232904672623
1648769675.6988375,4545,0.0032558287493884563
1648769675.823249,4553,0.0006479309522546828
1648769677.00522,4627,0.009340962395071983
1648769677.0361688,4629,0.00922037847340107
1648769677.1291623,4635,0.0028219164814800024
1648769677.5393474,4661,0.007386579643934965
1648769677.6326358,4667,0.021365437656641006
1648769677.6658914,4669,0.003074066713452339
1648769677.6812458,4670,0.03372830152511597
1648769677.743747,4674,0.007597869262099266
1648769679.603736,4699,0.0006865874165669084
1648769679.7916884,4710,0.009758059866726398
1648769680.1557655,4732,0.001220044563524425
1648769680.4000676,4747,0.000609988288488239
1648769680.6184664,4761,0.004720672499388456
1648769680.7605057,4770,0.0007176293293014169
1648769681.3381972,4807,0.035347722470760345
1648769681.432815,4813,0.0023636010009795427
1648769681.5421412,4820,0.0010464063379913568
1648769681.7101934,4831,0.0007810811512172222
1648769681.8313134,4838,0.00023395512835122645
1648769681.984488,4847,0.010142920538783073
1648769682.2648292,4865,0.00113608967512846
1648769683.158937,4917,0.00548541359603405
1648769683.2812696,4924,0.00084833730943501
1648769683.3007193,4925,0.002574230544269085
1648769683.4027238,4931,0.0006570397526957095
1648769683.8501332,4960,0.004780345130711794
1648769684.0363972,4972,0.005599993281066418
1648769684.1306722,4978,0.004425591789186001
1648769684.4286592,4997,0.014216517098248005
1648769684.5866902,5007,0.0010514190653339028
1648769684.6354847,5010,0.0017793638398870826
1648769684.8084042,5021,0.04993746429681778
1648769684.9655504,5031,0.0321313813328743
1648769684.9956305,5033,0.042026277631521225
1648769685.4160922,5060,0.0006881558219902217
1648769685.4624536,5063,0.01872643269598484
1648769685.5699105,5070,0.009910001419484615
1648769685.7112825,5079,0.002137876348569989
1648769685.7417564,5081,0.0345928780734539
1648769685.7724543,5083,0.0009545049979351461
1648769686.06861,5102,0.0003329679020680487
1648769686.6393008,5139,0.0013862733030691743
1648769686.7317433,5145,0.008131755515933037
1648769686.8680851,5154,0.0022585249971598387
1648769688.5433402,5164,0.0033246923703700304
1648769688.6543846,5171,0.00022247449669521302
1648769688.67295,5172,0.0281964261084795
1648769689.133683,5200,0.0015743235126137733
1648769690.4605315,5283,0.001397377927787602
1648769690.6922731,5298,0.004792163148522377
1648769690.8446608,5308,0.02692790888249874
1648769690.9062064,5312,0.004684897605329752
1648769691.0765843,5323,0.0011587307089939713
1648769691.2146468,5332,0.0007540180231444538
1648769691.2927814,5337,0.0017503876006230712
1648769691.3401763,5340,0.009380183182656765
1648769691.3703978,5342,0.0017366968095302582
1648769691.9890554,5382,0.00033786389394663274
1648769692.473438,5413,0.00043835886754095554
1648769692.6142356,5422,0.0067695374600589275
1648769692.6448934,5424,0.00039648034726269543
1648769692.8325758,5436,0.0019644994754344225
1648769693.4283984,5474,0.003957158885896206
1648769693.9312341,5506,0.0024895353708416224
1648769694.2272346,5525,0.002473897533491254
1648769694.2904878,5529,0.004579349420964718
1648769694.492608,5542,0.0032492615282535553
1648769694.630848,5551,0.010069790296256542
1648769695.2707632,5592,0.0014528792817145586
1648769695.397723,5600,0.0022804192267358303
1648769695.4929981,5606,0.053435467183589935
1648769695.6193252,5614,0.0003760342951864004
1648769697.3546698,5629,0.0007056687027215958
1648769697.5449605,5641,0.0006427267217077315
1648769698.205459,5682,0.004507029894739389
1648769698.5000756,5701,0.0004748240171466023
1648769698.577639,5706,0.003962070681154728
1648769698.6254425,5709,0.00044493572204373777
1648769698.7114348,5714,0.0012854168890044093
1648769698.9418433,5728,0.0003870002692565322
1648769698.9724805,5730,0.0010000456823036075
1648769699.0697463,5736,0.0017369306879118085
1648769699.4280112,5758,0.0008380832150578499
1648769699.4434981,5759,0.0037197796627879143
1648769699.5843945,5768,0.000679914141073823
1648769699.6831932,5774,0.0003928991500288248
1648769699.8751912,5785,0.0002610380470287055
1648769700.6315532,5831,0.0005135323153808713
1648769700.7251658,5837,0.0019362627062946558
1648769700.8329916,5844,0.001926702680066228
1648769701.2569969,5870,0.00047127006109803915
1648769701.5200217,5887,0.0012991343392059207
1648769701.6167746,5893,0.0004897955805063248
1648769701.8384306,5906,0.0007760888547636569
1648769702.5924377,5953,0.00045745482202619314
1648769702.7016108,5960,0.0011139357229694724
1648769702.75019,5963,0.0019256125669926405
1648769702.8864841,5971,0.0010927641997113824
1648769703.0164979,5979,0.0028851712122559547
1648769703.1546364,5988,0.0006097867153584957
1648769703.233062,5993,0.008405492641031742
1648769703.858789,6031,0.0010318683926016092
1648769704.0213265,6041,0.0066491467878222466
1648769704.1020856,6046,0.00025310309138149023
1648769704.150142,6049,0.0005824551335535944
1648769704.2039154,6052,0.001485793269239366
1648769704.2583432,6055,0.001282093464396894
1648769704.6065543,6076,0.002018799539655447
1648769704.6530352,6079,0.022395635023713112
1648769704.797353,6088,0.0003040310984943062
1648769706.4455576,6099,0.002668108092620969
1648769706.8405583,6123,0.0001050000500981696
1648769706.9295306,6128,0.00578839797526598
1648769707.0534208,6135,0.002290627919137478
1648769707.5770295,6165,0.001173588796518743
1648769707.9078932,6184,4.251591599313542e-05
1648769707.9603832,6187,0.0015215520979836583
1648769707.9770348,6188,0.00030790839809924364
1648769708.070385,6194,0.0004485220415517688
1648769708.161649,6200,0.0007602926925756037
1648769708.2398186,6205,0.01678246632218361
1648769708.4162822,6216,0.0005241999169811606
1648769708.615183,6228,0.00023625213361810893
1648769708.6611786,6231,0.0005093985819257796
1648769708.6787715,6232,0.005902172531932592
1648769708.740682,6236,0.002939591882750392
1648769709.0219545,6254,0.0003025973273906857
1648769709.206776,6266,0.0006620456115342677
1648769709.2240324,6267,0.0018354631029069424
1648769709.6084414,6292,0.001027539954520762
1648769709.8407133,6307,0.0002205811470048502
1648769710.4843063,6348,0.0006011083023622632
1648769710.5939858,6355,0.00045102255535311997
1648769710.8134878,6369,0.0024819623213261366
1648769711.0493345,6384,0.0007671272032894194
1648769711.5464175,6414,0.00019753791275434196
1648769711.5960472,6417,0.00033076704130508006
1648769711.7415035,6426,0.00039834892959333956
1648769711.8065145,6430,0.0003503257466945797
1648769711.8220696,6431,0.0006058546714484692
1648769712.3310256,6461,0.0012932780664414167
1648769712.5157921,6473,0.0004023793153464794
1648769713.834488,6554,0.002518900902941823
1648769715.7571533,6578,0.0004551258753053844
1648769716.517556,6624,0.00020758295431733131
1648769716.6387978,6631,0.0002509269688744098
1648769717.5382867,6683,0.0012466617627069354
1648769717.6454003,6689,0.0013922505313530564
1648769717.8778691,6703,0.00016894856526050717
1648769717.963162,6708,0.0004148006555624306
1648769718.201918,6722,0.0004438670875970274
1648769718.3650436,6732,0.0005932046915404499
1648769718.677467,6751,4.7318120778072625e-05
1648769719.6683435,6811,0.00014120810374151915
1648769719.750209,6816,0.00018497950804885477
1648769719.7819748,6818,0.002295910380780697
1648769719.7978988,6819,0.0010699976701289415
1648769720.0162768,6832,0.00030568981310352683
1648769720.066416,6835,0.0013490139972418547
1648769720.3489857,6852,0.0004857614985667169
1648769720.484127,6860,0.0061368560418486595
1648769720.9898372,6890,0.0008025079732760787
1648769721.182986,6902,0.00010632768680807203
1648769721.2157047,6904,3.706510688061826e-05
1648769721.261642,6907,0.0013062891084700823
1648769721.2774117,6908,0.0003910610103048384
1648769721.3416214,6912,0.0003353084612172097
1648769721.6022525,6928,0.0002606101334095001
1648769721.8003201,6940,0.0006443765014410019
1648769721.894022,6946,0.00020065190619789064
1648769722.0639212,6957,0.000937099102884531
1648769722.7062657,6998,0.0009329398744739592
1648769722.880333,7009,0.00043019186705350876
1648769723.0741136,7021,0.0008575841784477234
1648769723.2593126,7031,0.005309487227350473
1648769723.306768,7034,0.00016782766033429652
1648769724.8803344,7037,0.0003324837307445705
1648769725.05288,7048,0.0005696595762856305
1648769725.1417294,7054,0.00013450963888317347
1648769726.15922,7119,0.00046434049727395177
1648769726.3317716,7130,0.00025549507699906826
1648769726.4909234,7140,0.0003589947009459138
1648769726.8286417,7160,0.00015940195589791983
1648769726.8801618,7163,0.0005207579233683646
1648769728.2222757,7244,0.0004085316613782197
1648769728.546931,7263,0.016180969774723053
1648769729.8474278,7341,0.0003120743785984814
1648769729.9081247,7345,0.0005407243734225631
1648769730.050662,7354,0.02057780511677265
1648769730.1434293,7360,0.0071054790169000626
1648769730.4181037,7377,0.0034005511552095413
1648769730.4338806,7378,0.0005484817666001618
1648769731.272182,7431,0.00023724755737930536
1648769731.4902387,7444,0.00042343357927165926
1648769731.543418,7447,0.00012900617730338126
1648769731.7886014,7462,0.0005771859432570636
1648769731.8655853,7467,0.00018017133697867393
1648769732.2524164,7492,0.0018226916436105967
1648769732.3468435,7498,0.00020402210066094995
1648769734.040354,7511,4.2603522160789e-05
1648769734.1821537,7520,0.00032946522696875036
1648769734.3090699,7528,0.0005444697453640401
1648769734.5774472,7545,0.0013358902651816607
1648769734.7973955,7559,0.00012152272392995656
1648769734.8717525,7564,0.00024084438337013125
1648769735.089849,7578,0.00016888647223822773
1648769735.3053224,7592,0.0005274324212223291
1648769735.4271693,7600,0.00012717505160253495
1648769735.4746683,7603,0.00017238619329873472
1648769735.8101342,7623,0.0002611477975733578
1648769735.8266182,7624,0.00017514820501673967
1648769736.1123424,7642,0.0002282459317939356
1648769737.0156448,7698,0.011418820358812809
1648769737.0939374,7703,0.0004036368627566844
1648769737.2345636,7712,0.0002320935600437224
1648769737.3445446,7719,0.00016850465908646584
1648769738.2684667,7773,0.003545848187059164
1648769738.2850854,7774,0.0014396340120583773
1648769738.479763,7785,0.00011520489351823926
1648769738.6984205,7799,0.0005689550307579339
1648769738.7304757,7801,0.0002993143571075052
1648769739.0429099,7821,0.0005786512047052383
1648769739.4057586,7844,0.00043890735832974315
1648769739.7727032,7866,0.0001419864856870845
1648769740.0890954,7886,0.0004895739257335663
1648769740.2974532,7899,0.00014741822087671608
1648769740.4705043,7910,0.00022533464652951807
1648769740.5027087,7912,0.0006868497584946454
1648769740.5342824,7914,9.453148231841624e-05
1648769740.9909265,7943,0.000348539964761585
1648769741.021974,7945,0.00016462399798911065
1648769741.3343585,7964,0.0006581763154827058
1648769744.1264007,8043,0.015885822474956512
1648769744.141995,8044,0.00018405313312541693
1648769744.3599098,8057,0.000351740833139047
1648769744.375475,8058,0.000485785654745996
1648769744.5683575,8070,0.0001518130156910047
1648769744.583402,8071,0.0003136593441013247
1648769744.6146617,8073,0.0004557935462798923
1648769744.8859394,8089,0.0003045981575269252
1648769744.9958942,8095,0.0002679693279787898
1648769745.0791173,8100,0.00194837199524045
1648769745.2854993,8112,0.0002880409301724285
1648769745.6860995,8135,0.000262363173533231
1648769745.7027774,8136,0.0004416304873302579
1648769745.8055878,8142,0.00023516859801020473
1648769745.8411229,8144,0.00022616439673583955
1648769745.962278,8151,0.00026028696447610855
1648769746.1360219,8161,0.00046005789772607386
1648769746.7794247,8198,0.000672212743666023
1648769747.1100485,8217,0.00011166634067194536
1648769747.16045,8220,0.0003613246080931276
1648769747.4030814,8234,3.062193718506023e-05
1648769747.8499763,8262,0.000916006276383996
1648769748.206272,8284,0.0006225877441465855
1648769748.4323647,8297,0.0001718286075629294
1648769748.8479006,8321,0.00025242959964089096
1648769749.1234891,8339,3.561894118320197e-05
1648769749.7282925,8378,0.0001426895905751735
1648769749.7431202,8379,0.00042941878200508654
1648769749.7728655,8381,0.000489919853862375
1648769749.942061,8392,0.0005030685570091009
1648769750.1567757,8406,0.0001240735873579979
1648769750.2204685,8410,0.00014505040599033237
1648769750.390604,8421,0.00014880893286317587
1648769750.4214234,8423,0.00024067189951892942
1648769752.4081638,8453,7.555018964922056e-05
1648769752.4714797,8457,0.0004546964482869953
1648769752.6618443,8469,0.00031905705691315234
1648769752.7225575,8473,0.0001927670236909762
1648769752.770798,8476,0.00037408998468890786
1648769753.0483196,8493,0.00033837888622656465
1648769753.081965,8495,0.00018389237811788917
1648769753.293043,8507,0.0001604744466021657
1648769753.4356153,8516,0.00020517643133644015
1648769753.5293467,8522,0.00030379495001398027
1648769753.5605636,8524,6.963657506275922e-05
1648769753.7626987,8536,3.4928634704556316e-05
1648769753.7799163,8537,0.0001347051584161818
1648769753.8134491,8539,0.0014165386091917753
1648769753.9290824,8546,5.004804552299902e-05
1648769754.1935682,8563,3.743789784493856e-05
1648769754.3465776,8573,0.0002994569658767432
1648769754.5196872,8584,0.0008525536395609379
1648769754.7533529,8599,0.0003864221216645092
1648769754.997869,8615,0.0003681581874843687
1648769755.0757673,8620,0.0003868253552354872
1648769755.2786734,8633,0.00035859670606441796
1648769755.5128043,8648,0.00021995537099428475
1648769755.850401,8669,0.0006647041300311685
1648769755.9643562,8676,0.0002170418156310916
1648769756.1717653,8689,3.942226976505481e-05
1648769756.2525764,8694,0.00046308161108754575
1648769756.640063,8719,0.0001967402786249295
1648769756.8261507,8731,0.0002773942251224071
1648769757.0141191,8743,0.00013824515917804092
1648769757.1094134,8749,9.862385195447132e-05
1648769757.2650619,8759,0.00022688879107590765
1648769757.280493,8760,0.0006613312871195376
1648769757.3283148,8763,0.00018727056158240885
1648769757.3894777,8767,0.0002525130985304713
1648769757.4198685,8769,6.127627420937642e-05
1648769757.452,8771,0.00021782348630949855
1648769757.8226066,8795,0.00024613228742964566
1648769757.9310641,8802,0.00011766496754717082
1648769758.056024,8810,0.00019387935753911734
1648769758.5026803,8839,0.00029899695073254406
1648769758.7006845,8852,0.0005090514896437526
1648769759.0095968,8872,5.3825133363716304e-05
1648769759.4129739,8898,0.0001688459888100624
1648769761.1525915,8913,8.717490709386766e-05
1648769761.5747643,8938,0.00029481982346624136
1648769761.7759943,8951,0.0003058068687096238
1648769761.9309187,8961,8.143454033415765e-05
1648769762.6626363,9007,8.449688903056085e-05
1648769762.8016703,9016,0.0001323835167568177
1648769762.92541,9024,0.00043858951539732516
1648769763.0810459,9034,0.00016162917017936707
1648769763.373778,9053,0.000139763142215088
1648769763.4374495,9057,0.00019044311193283647
1648769763.7640688,9078,0.00013831612886860967
1648769763.9957275,9093,0.0001743014872772619
1648769764.0261502,9095,0.00019205409626010805
1648769764.2736297,9111,0.00020261097233742476
1648769764.410997,9120,0.00043405851465649903
1648769764.8155854,9146,0.0001712902740109712
1648769765.2783203,9176,0.0006929392111487687
1648769765.3858557,9183,3.692539394251071e-05
1648769765.6600554,9201,0.0008038695086725056
1648769765.6773858,9202,0.0011750076664611697
1648769765.6924229,9203,0.0001914428430609405
1648769766.1072807,9230,0.00015271206211764365
1648769766.122082,9231,4.720507058664225e-05
1648769766.3523023,9246,0.0002903056738432497
1648769766.712584,9269,0.00016068587137851864
1648769766.9636328,9285,0.0004014103615190834
1648769767.1986084,9300,0.000183119424036704
1648769767.3239353,9308,0.00011337275645928457
1648769767.7419145,9333,5.184067413210869e-05
1648769767.8360538,9339,0.00010125037806574255
1648769767.900893,9343,0.00028870702954009175
1648769767.9161162,9344,0.00018267164705321193
1648769767.994782,9349,0.0007286290638148785
1648769768.3021073,9369,0.0007725688046775758
1648769768.3346872,9371,0.00016847348888404667
1648769768.395303,9375,0.00023307939409278333
1648769770.2756069,9398,0.00010995229968102649
1648769770.4278846,9406,5.965843593003228e-05
1648769770.4947407,9410,0.001550799934193492
1648769770.573503,9415,0.00014131869829725474
1648769770.8270454,9431,0.00015381422417704016
1648769770.8417804,9432,8.272888226201758e-05
1648769770.923674,9437,0.00022603903198614717
1648769771.4728463,9470,0.00012497772695496678
1648769771.6133292,9479,0.0005644778721034527
1648769771.6487808,9481,0.0005154908867552876
1648769772.03924,9506,2.8491367629612796e-05
1648769772.3032002,9523,0.00016308364865835756
1648769773.2429242,9584,0.0001057436820701696
1648769773.3051686,9588,0.00017764452786650509
1648769773.3350573,9590,0.00027051992947235703
1648769773.537759,9603,0.0006048567011021078
1648769773.7536538,9617,0.0005184869514778256
1648769774.1897671,9645,0.0001396665902575478
1648769774.3292572,9654,0.0003032411041203886
1648769774.4070425,9659,0.0001482439402025193
1648769774.4369323,9661,0.0003301550168544054
1648769774.77745,9683,0.00012317302753217518
1648769774.7951763,9684,0.000196251246961765
1648769774.8861527,9690,0.0003906870842911303
1648769775.2053738,9711,0.0003214761381968856
1648769775.251159,9714,0.00010721433500293642
1648769775.3434813,9720,0.00028768047923222184
1648769776.0238364,9764,5.135025276103988e-05
1648769776.0384824,9765,7.609285967191681e-05
1648769776.3153396,9783,9.920893353410065e-05
1648769776.3930707,9788,0.00014439639926422387
1648769776.6855273,9807,9.059622971108183e-05
1648769776.8649094,9818,0.0001264329912373796
1648769777.18637,9839,0.00019405782222747803
1648769777.2783425,9845,0.0008174148388206959
1648769777.3081682,9847,0.00015137396985664964
1648769779.1265242,9866,0.0008729052497074008
1648769779.3015118,9876,0.00036268087569624186
1648769779.3521984,9879,0.00039253663271665573
1648769779.432212,9884,0.00012248515849933028
1648769779.6665828,9899,4.5485212467610836e-05
1648769779.7454097,9904,8.29771306598559e-05
1648769780.5046244,9950,0.00011470061144791543
1648769780.6409965,9959,0.00021175092842895538
1648769780.6560624,9960,0.0006187216495163739
1648769780.8867784,9975,0.00034857908030971885
1648769781.6017075,10021,0.0002656063297763467
1648769782.1494336,10054,0.00019545797840692103
1648769782.2108886,10058,0.00046612293226644397
1648769782.9151464,10103,0.00020840083016082644
1648769783.0046806,10109,0.00010696401295717806
1648769783.1003535,10115,0.001563959289342165
1648769783.211684,10122,0.00013269424380268902
1648769783.3054373,10128,0.0006602563662454486
1648769783.4928973,10140,0.0003916037967428565
1648769783.5714788,10145,7.079026545397937e-05
1648769783.713218,10154,6.594420119654387e-05
1648769784.2539706,10188,0.0001887711405288428
1648769784.3512418,10194,0.00045989223872311413
1648769784.3980544,10197,0.00010983886022586375
1648769784.509096,10204,4.172609624220058e-05
1648769784.5400538,10206,4.644919317797758e-05
1648769784.6052845,10210,0.0003414263774175197
1648769784.6213038,10211,0.00020909187151119113
1648769784.6528351,10213,8.042830449994653e-05
1648769784.6689947,10214,0.00021772105537820607
1648769784.6865401,10215,4.1584116843296215e-05
1648769784.9434943,10231,0.0002464863646309823
1648769785.02168,10236,0.00012854793749284
1648769785.0821748,10240,0.0002664366038516164
1648769785.1123774,10242,0.00012635054008569568
1648769785.1629753,10245,0.0005152960075065494
1648769785.2868872,10253,0.00020055622735526413
1648769785.4129055,10261,0.00011042453843401745
1648769785.4279907,10262,0.00029242518940009177
1648769785.585748,10272,0.001837236457504332
1648769788.0264466,10332,0.00020142755238339305
1648769788.0418553,10333,0.00019497495668474585
1648769788.5738013,10367,0.0003813811345025897
1648769788.9439468,10391,0.00011531398195074871
1648769789.036266,10397,0.00032721503521315753
1648769789.2382028,10410,0.0002496694214642048
1648769789.4273396,10422,0.00027618955937214196
1648769789.5813916,10432,0.00010804166959132999
1648769789.627837,10435,0.00023603110457770526
1648769790.023457,10460,9.971586405299604e-05
1648769790.2694535,10476,0.00014264832134358585
1648769790.3323987,10480,8.214586705435067e-05
1648769790.4926677,10490,0.00010506272519705817
1648769791.2099612,10532,0.0003123665228486061
1648769791.3648996,10542,0.00016708651673980057
1648769791.5239975,10552,0.0005085979937575758
1648769791.977975,10579,0.0007474489975720644
1648769792.1359022,10589,4.240555426804349e-05
1648769792.3010318,10599,0.0002332979638595134
1648769792.6317809,10620,0.0005932656349614263
1648769792.6621199,10622,0.00012424981105141342
1648769793.2004619,10654,0.0004774115514010191
1648769793.454456,10670,0.0001471411087550223
1648769793.7517157,10689,7.95566666056402e-05
1648769794.1331322,10713,0.00043561565689742565
1648769794.4052255,10730,0.0002988270716741681
1648769794.665555,10745,0.00032678013667464256
1648769795.2099926,10780,7.524003012804314e-05
1648769797.056431,10802,0.0001979975786525756
1648769797.373176,10822,0.000712957582436502
1648769797.438076,10826,0.00038644421147182584
1648769797.4530754,10827,7.736387487966567e-05
1648769797.5350645,10832,0.00013863728963769972
1648769797.6385443,10838,8.429614535998553e-05
1648769798.6677656,10902,0.0002595473197288811
1648769798.8600044,10913,0.0002598116116132587
1648769798.9814498,10920,7.809031376382336e-05
1648769799.15485,10931,7.186359289335087e-05
1648769799.388765,10945,0.00020061661780346185
1648769799.505662,10952,0.00010536969057284296
1648769799.582489,10957,0.0002572659286670387
1648769799.599301,10958,0.00015025529137346894
1648769799.739902,10967,5.867905929335393e-05
1648769799.8019156,10971,5.716583109460771e-05
1648769801.4353764,11071,0.0003105068171862513
1648769801.577429,11080,7.309050124604255e-05
1648769801.623761,11083,9.785553993424401e-05
1648769801.6431503,11084,2.506685814296361e-05
1648769801.784775,11093,0.00039944041054695845
1648769802.136072,11115,0.00011984286538790911
1648769802.2367573,11121,0.0001440570194972679
1648769802.4873378,11137,0.0001243718434125185
1648769802.5494218,11141,5.310328197083436e-05
1648769802.6578016,11148,0.00010163168917642906
1648769802.6876595,11150,8.19367342046462e-05
1648769803.5670562,11205,0.00018699339125305414
1648769803.818006,11219,8.276524749817327e-05
1648769803.8521345,11221,0.00035846250830218196
1648769803.9939992,11229,0.0001942614180734381
1648769804.1849272,11240,6.39396021142602e-05
1648769804.200576,11241,6.79881704854779e-05
1648769804.218134,11242,3.6222656490281224e-05
1648769804.2644327,11245,0.00017470795137342066
1648769806.0407205,11262,0.00033515403629280627
1648769806.3860457,11284,0.00011130220809718594
1648769806.6768131,11301,0.000123202073154971
1648769807.2168438,11332,0.000623280240688473
1648769807.391619,11342,0.00010270893108099699
1648769807.4610586,11346,5.922108903178014e-05
1648769808.2854471,11393,0.00018267212726641446
1648769808.3635223,11398,7.751995872240514e-05
1648769808.4892716,11406,0.0003272706235293299
1648769808.8118515,11425,0.0002482180716469884
1648769808.8601797,11428,0.00023184694873634726
1648769809.1496809,11446,0.0003766092413570732
1648769809.1667325,11447,0.0002536140091251582
1648769809.4605935,11465,0.00011370993888704106
1648769809.726538,11481,6.139215838629752e-05
1648769809.8522155,11488,8.076127414824441e-05
1648769810.2008433,11509,9.589212277205661e-05
1648769810.2160692,11510,0.0002266841911477968
1648769810.3717968,11520,0.00010380148887634277
1648769810.562175,11532,0.00012033022358082235
1648769811.2438893,11573,4.825327778235078e-05
1648769811.8460984,11611,0.00011495409125927836
1648769811.9549394,11618,9.95661539491266e-05
1648769812.1095798,11627,7.619905954925343e-05
1648769812.3968616,11645,0.00032741250470280647
1648769812.6943672,11663,2.7158230295754038e-05
1648769812.9136167,11677,0.00017501342517789453
1648769813.0703564,11687,0.000192500781849958
1648769813.3940516,11707,0.0007997743668965995
1648769813.523166,11715,0.00027322210371494293
1648769815.3909044,11736,9.71563276834786e-05
1648769815.4672453,11741,8.873557817423716e-05
1648769815.772424,11761,0.00012369199248496443
1648769815.909412,11770,0.00019334159151185304
1648769815.9416664,11772,7.995224586920813e-05
1648769816.110239,11783,7.421046029776335e-05
1648769816.4517186,11805,0.0002826526470016688
1648769816.5929158,11814,9.294738265452906e-05
1648769816.8543231,11831,5.430537203210406e-05
1648769817.50752,11873,0.0003441110602580011
1648769817.5381186,11875,0.00016273450455628335
1648769817.8826332,11895,0.00010910004493780434
1648769817.8990893,11896,0.00024410965852439404
1648769817.9151351,11897,0.0001236884854733944
1648769818.055322,11906,0.0001765786437317729
1648769818.3588896,11924,0.00017698714509606361
1648769818.3751957,11925,0.00023543686256743968
1648769818.7062042,11946,0.0006283281254582107
1648769819.22324,11978,0.000383845588658005
1648769819.412903,11990,4.786670979228802e-05
1648769819.53652,11998,0.00014161541184876114
1648769819.8501194,12018,0.00026742651243694127
1648769819.8806663,12020,0.00022303617151919752
1648769820.0236363,12029,0.00012150220572948456
1648769820.477313,12056,0.00013963488163426518
1648769820.7105188,12070,0.00019148884166497737
1648769820.8617551,12079,0.00014028683654032648
1648769820.923271,12083,4.73961335956119e-05
1648769821.0019193,12088,9.277571371058002e-05
1648769821.1641371,12098,0.00023920074454508722
1648769821.834421,12136,9.141262853518128e-05
1648769821.9330175,12142,0.00024363175907637924
1648769821.9847043,12145,1.2767462067131419e-05
1648769822.1632526,12155,7.965388795128092e-05
1648769822.198891,12157,6.278723594732583e-05
1648769822.689764,12186,0.0001498903875472024
1648769824.3439057,12197,0.0002987909538205713
1648769824.5896275,12211,0.00010014724830398336
1648769824.7655365,12221,0.0001278465351788327
1648769825.1318567,12242,0.0002200206945417449
1648769825.270947,12250,7.905430538812652e-05
1648769825.8864596,12286,0.0004908909904770553
1648769826.0796297,12298,5.4491487389896065e-05
1648769826.95018,12352,0.00024432872305624187
1648769827.6309645,12396,2.2749078198103234e-05
1648769827.7074277,12401,0.00030063578742556274
1648769827.9406428,12416,0.000263265217654407
1648769828.264819,12437,0.00030742265516892076
1648769828.4684093,12450,0.00017760439368430525
1648769828.607636,12459,0.00019197823712602258
1648769829.10192,12491,0.00011933813948417082
1648769829.1954222,12497,9.525374480290338e-05
1648769829.2571561,12501,0.00011334550799801946
1648769829.4259126,12512,7.771985838189721e-05
1648769829.8997865,12541,0.00010565713455434889
1648769829.964305,12545,0.00013250100892037153
1648769830.0444014,12550,4.133030597586185e-05
1648769830.3950748,12572,2.676765689102467e-05
1648769830.491308,12578,2.3239233996719122e-05
1648769830.5870008,12584,7.835217547835782e-05
1648769830.8103077,12597,0.0001248783664777875
1648769830.8588908,12600,4.0656763303559273e-05
1648769830.922091,12604,4.103753235540353e-05
1648769831.1734245,12620,8.499454997945577e-05
1648769831.3594797,12632,0.0001318772410741076
1648769831.4370327,12637,3.113720958936028e-05
1648769831.640496,12650,0.00013919213961344212
1648769831.701032,12654,0.00011223753972444683
1648769831.7643073,12658,0.00013426848454400897
1648769833.7434928,12690,0.0003547914093360305
1648769833.8524723,12697,0.00014135049423202872
1648769834.30657,12726,0.00012825436715502292
1648769834.8067229,12758,0.00023821918875910342
1648769834.8699007,12762,8.520368282916024e-05
1648769834.9162357,12765,6.0592970839934424e-05
1648769835.087942,12776,2.0178320482955314e-05
1648769835.1183183,12778,0.00011541005369508639
1648769835.1500173,12780,0.00014395803736988455
1648769835.167206,12781,0.00018104861374013126
1648769835.1818535,12782,0.00011241341417189687
1648769835.3172102,12790,0.00015064413310028613
1648769835.3863919,12794,0.00016152947500813752
1648769835.4721951,12799,7.592783367726952e-05
1648769835.5372975,12803,2.3735208742436953e-05
1648769835.8021026,12820,0.0001904993987409398
1648769836.0564167,12835,0.000527869095094502
1648769836.1730187,12842,2.638171281432733e-05
1648769836.2590134,12847,5.511462950380519e-05
1648769836.5890987,12867,6.173865403980017e-05
1648769836.6344478,12870,0.00011737013846868649
1648769837.0249486,12893,6.241902156034485e-05
1648769837.3179011,12911,0.00015384453581646085
1648769837.732559,12936,0.00020936704822815955
1648769837.7493405,12937,0.00024788841255940497
1648769837.892114,12946,7.028598338365555e-05
1648769838.1611838,12963,0.0004299598513171077
1648769838.4346046,12979,0.00011224417539779097
1648769838.8170316,13003,0.00016399823653046042
1648769839.365413,13035,0.00010967576235998422
1648769839.639969,13052,5.985277675790712e-05
1648769839.8530407,13066,0.000676655734423548
1648769840.2091384,13089,0.00012696563499048352
1648769840.2389646,13091,0.00034592708107084036
1648769840.5162985,13109,6.775111251045018e-05
1648769842.6951985,13150,8.720485493540764e-05
1648769842.7100637,13151,0.00031268299790099263
1648769842.7703023,13155,0.00012487643107306212
1648769842.9887357,13169,0.00010530203871894628
1648769843.4167168,13195,8.996763062896207e-05
1648769843.5148618,13201,0.0001325094053754583
1648769843.7679398,13216,0.0002687253581825644
1648769843.8576925,13222,0.00016845794743858278
1648769844.1099486,13238,5.388004137785174e-05
1648769844.3623185,13253,4.275592800695449e-05
1648769844.5328555,13264,0.00015053652168717235
1648769844.5814383,13267,8.123663428705186e-05
1648769844.6739013,13273,0.00017301322077400982
1648769845.1500278,13303,6.866320472909138e-05
1648769845.3702617,13316,0.000184596108738333
1648769846.137681,13363,0.00029251043451949954
1648769846.203132,13367,8.743959187995642e-05
1648769846.7371395,13400,0.00018839861149899662
1648769847.0263705,13419,5.878932279301807e-05
1648769847.0907254,13423,0.00016512745060026646
1648769847.2310238,13432,7.536534394603223e-05
1648769847.2950068,13436,0.00010566364653641358
1648769847.7340963,13464,0.00018117002036888152
1648769847.8295207,13470,0.00014023203402757645
1648769847.8597643,13472,0.00017443610704503953
1648769848.0306447,13483,7.275612733792514e-05
1648769848.1725054,13492,9.083726035896689e-05
1648769848.2329996,13496,6.579022010555491e-05
1648769848.5244887,13515,7.868007378419861e-05
1648769848.7638295,13530,0.00011901174002559856
1648769849.1139271,13552,6.958201265661046e-05
1648769849.1445658,13554,5.3178078815108165e-05
1648769849.2063181,13558,4.8182519094552845e-05
1648769849.7778645,13591,7.290793291758746e-05
1648769851.4711826,13603,0.00012801324191968888
1648769851.6846042,13616,0.0001728378119878471
1648769851.701873,13617,0.00022065457596909255
1648769851.9826527,13633,4.5544107706518844e-05
1648769852.0618196,13638,7.47112135286443e-05
1648769852.1949103,13646,0.00020704601774923503
1648769852.2110758,13647,0.00024742929963395
1648769852.7888312,13681,0.00040458235889673233
1648769852.963396,13692,9.293874609284103e-05
1648769853.1197832,13702,0.00010326925985282287
1648769853.2767174,13712,8.789564162725583e-05
1648769853.3875167,13719,0.00011705791257554665
1648769853.4373348,13722,3.002380435646046e-05
1648769853.4996452,13726,0.0001339769223704934
1648769853.53372,13728,0.00024226315144915134
1648769853.5646393,13730,7.403229392366484e-05
1648769853.6448884,13735,7.628277671756223e-05
1648769853.9446023,13753,6.441376899601892e-05
1648769854.07099,13761,0.00010560104419710115
1648769854.1808772,13768,0.0001145999995060265
1648769854.2437093,13772,0.00018143936176784337
1648769854.322129,13777,5.5675129260635003e-05
1648769854.3524125,13779,9.018227137858048e-05
1648769854.5823236,13794,0.0003268028376623988
1648769854.9395425,13817,0.0002080330450553447
1648769855.3814054,13845,0.00012190217239549384
1648769855.4137368,13847,3.8895828765816987e-05
1648769855.7264829,13867,4.949122012476437e-05
1648769855.880151,13877,9.101627802010626e-05
1648769856.0993693,13891,0.00013524392852559686
1648769856.1930819,13897,4.006520612165332e-05
1648769856.3348484,13906,0.0001400494948029518
1648769856.694175,13929,0.0006209734128788114
1648769856.9621937,13945,0.00020867954299319535
1648769857.4899333,13979,0.00011448838631622493
1648769857.9323971,14008,0.0001432500866940245
1648769858.3126945,14032,7.42113625165075e-05
1648769858.4260879,14039,6.948696682229638e-05
1648769858.4908352,14043,0.0001874226436484605
1648769858.7001245,14056,0.00016495217278134078
1648769858.900548,14069,0.00019427713414188474
