Wall time,Step,Value
1648782203.6563785,1,0.13183000683784485
1648782204.4289172,50,0.13183000683784485
1648782204.7052774,67,0.13183000683784485
1648782204.8241522,74,0.13183000683784485
1648782205.412538,109,0.13183000683784485
1648782205.7265482,127,0.13183000683784485
1648782205.7441857,128,0.13183000683784485
1648782205.949236,141,0.13183000683784485
1648782206.0298247,146,0.13183000683784485
1648782206.107567,151,0.13183000683784485
1648782206.1418786,153,0.13183000683784485
1648782207.359826,230,0.13183000683784485
1648782208.2773294,287,0.13183000683784485
1648782208.3065994,289,0.13183000683784485
1648782208.5781584,306,0.13183000683784485
1648782208.8975801,326,0.13183000683784485
1648782209.067934,337,0.13183000683784485
1648782209.0835233,338,0.13183000683784485
1648782209.3646894,356,0.13183000683784485
1648782209.5043156,365,0.13183000683784485
1648782209.625205,373,0.13183000683784485
1648782209.7626867,382,0.13183000683784485
1648782209.811355,385,0.13183000683784485
1648782210.6645555,440,0.13183000683784485
1648782211.0743299,466,0.13183000683784485
1648782212.6638818,470,0.13183000683784485
1648782213.1149516,498,0.13183000683784485
1648782213.3098574,510,0.13183000683784485
1648782213.3413417,512,0.13183000683784485
1648782213.674107,531,0.13183000683784485
1648782213.7247763,534,0.13183000683784485
1648782214.1083064,558,0.13183000683784485
1648782214.1714966,562,0.13183000683784485
1648782214.5316317,584,0.13183000683784485
1648782214.7571588,598,0.13183000683784485
1648782214.7912467,600,0.13183000683784485
1648782214.884905,606,0.13183000683784485
1648782215.2434552,627,0.13183000683784485
1648782215.5523195,646,0.13183000683784485
1648782215.6995232,655,0.13183000683784485
1648782215.827613,663,0.13183000683784485
1648782216.169305,683,0.13183000683784485
1648782216.4533944,701,0.13183000683784485
1648782216.4716618,702,0.13183000683784485
1648782216.7730703,721,0.13183000683784485
1648782217.085323,741,0.13183000683784485
1648782217.1485782,745,0.13183000683784485
1648782217.1642118,746,0.13183000683784485
1648782217.3052344,755,0.13183000683784485
1648782217.5682151,772,0.13183000683784485
1648782217.721518,782,0.13183000683784485
1648782217.7870438,786,0.13183000683784485
1648782218.0012558,800,0.13183000683784485
1648782218.1569195,810,0.13183000683784485
1648782218.338752,821,0.13183000683784485
1648782218.3688967,823,0.13183000683784485
1648782218.797238,850,0.13183000683784485
1648782218.9859722,862,0.13183000683784485
1648782219.2054276,876,0.13183000683784485
1648782219.2864797,881,0.13183000683784485
1648782219.3334188,884,0.13183000683784485
1648782219.5210195,896,0.13183000683784485
1648782219.5541193,898,0.13183000683784485
1648782220.1596541,937,0.13183000683784485
1648782221.7882996,949,0.13183000683784485
1648782222.0277407,963,0.13183000683784485
1648782222.2350082,976,0.13183000683784485
1648782222.377093,985,0.13183000683784485
1648782222.7174706,1006,0.13183000683784485
1648782222.8652532,1015,0.13183000683784485
1648782222.9944582,1023,0.13183000683784485
1648782223.077121,1028,0.13183000683784485
1648782223.4298542,1050,0.13183000683784485
1648782224.0795665,1088,0.13183000683784485
1648782224.0952709,1089,0.13183000683784485
1648782224.1256468,1091,0.13183000683784485
1648782224.4442024,1110,0.13183000683784485
1648782224.473996,1112,0.13183000683784485
1648782224.6596472,1123,0.13183000683784485
1648782225.240322,1155,0.13183000683784485
1648782225.901741,1197,0.13183000683784485
1648782226.1759505,1213,0.13183000683784485
1648782226.7161548,1247,0.13183000683784485
1648782226.9344888,1261,0.13183000683784485
1648782227.1494868,1275,0.13183000683784485
1648782227.3977787,1290,0.13183000683784485
1648782227.6230183,1304,0.13183000683784485
1648782228.2912822,1346,0.13183000683784485
1648782228.3435133,1349,0.13183000683784485
1648782228.4937904,1358,0.13183000683784485
1648782228.5734763,1363,0.13183000683784485
1648782228.881986,1382,0.13183000683784485
1648782229.0181644,1390,0.13183000683784485
1648782230.8536587,1411,0.13183000683784485
1648782230.9680777,1418,0.13183000683784485
1648782231.975032,1483,0.13183000683784485
1648782232.1613126,1495,0.13183000683784485
1648782232.1932063,1497,0.13183000683784485
1648782232.2237175,1499,0.13183000683784485
1648782232.5014496,1517,0.13183000683784485
1648782232.68718,1528,0.13183000683784485
1648782232.8409588,1537,0.13183000683784485
1648782232.923372,1542,0.13183000683784485
1648782232.9701064,1545,0.13183000683784485
1648782233.2329473,1562,0.13183000683784485
1648782233.263319,1564,0.13183000683784485
1648782233.4185123,1574,0.13183000683784485
1648782233.4330711,1575,0.13183000683784485
1648782233.8340356,1599,0.13183000683784485
1648782233.8495038,1600,0.13183000683784485
1648782234.0642402,1614,0.13183000683784485
1648782234.2215483,1624,0.13183000683784485
1648782234.4065814,1636,0.13183000683784485
1648782234.4969616,1642,0.13183000683784485
1648782234.514487,1643,0.13183000683784485
1648782234.7324579,1657,0.13183000683784485
1648782234.8725016,1666,0.13183000683784485
1648782235.1076062,1681,0.13183000683784485
1648782235.1725793,1685,0.13183000683784485
1648782235.573568,1710,0.13183000683784485
1648782235.6047847,1712,0.13183000683784485
1648782235.7593687,1721,0.13183000683784485
1648782236.0325584,1738,0.13183000683784485
1648782236.3393407,1757,0.13183000683784485
1648782237.6936193,1839,0.13183000683784485
1648782237.9276533,1854,0.13183000683784485
1648782238.0999467,1865,0.13183000683784485
1648782238.187212,1870,0.13183000683784485
1648782239.7925138,1882,0.13183000683784485
1648782239.808964,1883,0.13183000683784485
1648782240.6546218,1938,0.13183000683784485
1648782240.9825697,1959,0.13183000683784485
1648782241.1214015,1968,0.13183000683784485
1648782241.2765572,1978,0.13183000683784485
1648782241.4792552,1991,0.13183000683784485
1648782241.8645496,2016,0.13183000683784485
1648782242.0173597,2026,0.13183000683784485
1648782242.2190952,2039,0.13183000683784485
1648782242.248808,2041,0.13183000683784485
1648782242.658114,2064,0.13183000683784485
1648782243.0079346,2084,0.13183000683784485
1648782243.04341,2086,0.13183000683784485
1648782243.185028,2094,0.13183000683784485
1648782243.448976,2109,0.13183000683784485
1648782245.6105316,2239,0.13183000683784485
1648782245.7763577,2249,0.13183000683784485
1648782245.8915293,2256,0.13183000683784485
1648782246.2372532,2278,0.13183000683784485
1648782246.2833626,2281,0.13183000683784485
1648782246.8364263,2315,0.13183000683784485
1648782246.915275,2320,0.13183000683784485
1648782247.134188,2334,0.13183000683784485
1648782248.8800895,2354,0.13183000683784485
1648782248.8951643,2355,0.13183000683784485
1648782249.0211747,2363,0.13183000683784485
1648782249.0543122,2365,0.13183000683784485
1648782249.1354504,2370,0.13183000683784485
1648782249.2133086,2375,0.13183000683784485
1648782249.2595127,2378,0.13183000683784485
1648782249.307723,2381,0.13183000683784485
1648782249.4012904,2387,0.13183000683784485
1648782249.432767,2389,0.13183000683784485
1648782249.49966,2393,0.13183000683784485
1648782249.6767797,2404,0.13183000683784485
1648782250.3257976,2445,0.13183000683784485
1648782250.743028,2472,0.13183000683784485
1648782250.758097,2473,0.13183000683784485
1648782251.0894544,2493,0.13183000683784485
1648782251.1395586,2496,0.13183000683784485
1648782251.1890485,2499,0.13183000683784485
1648782251.4156442,2513,0.13183000683784485
1648782251.585291,2524,0.13183000683784485
1648782251.6174803,2526,0.13183000683784485
1648782251.7294114,2533,0.13183000683784485
1648782252.1755822,2561,0.13183000683784485
1648782252.4436283,2578,0.13183000683784485
1648782252.9203086,2608,0.13183000683784485
1648782253.0828977,2618,0.13183000683784485
1648782253.452806,2641,0.13183000683784485
1648782253.613041,2651,0.13183000683784485
1648782253.6298747,2652,0.13183000683784485
1648782253.8516283,2666,0.13183000683784485
1648782254.001226,2676,0.13183000683784485
1648782254.1307883,2684,0.13183000683784485
1648782254.3087497,2695,0.13183000683784485
1648782254.385623,2700,0.13183000683784485
1648782254.7156763,2721,0.13183000683784485
1648782255.1162035,2747,0.13183000683784485
1648782255.177437,2751,0.13183000683784485
1648782255.207693,2753,0.13183000683784485
1648782255.222941,2754,0.13183000683784485
1648782255.9307492,2799,0.13183000683784485
1648782257.6640337,2817,0.13183000683784485
1648782257.9035063,2832,0.13183000683784485
1648782258.1007485,2843,0.13183000683784485
1648782258.256812,2852,0.13183000683784485
1648782258.4516516,2863,0.13183000683784485
1648782258.5214922,2867,0.13183000683784485
1648782258.7281868,2880,0.13183000683784485
1648782259.2795415,2913,0.13183000683784485
1648782259.3276558,2916,0.13183000683784485
1648782260.1194704,2964,0.13183000683784485
1648782260.1348567,2965,0.13183000683784485
1648782260.5021906,2987,0.13183000683784485
1648782260.6420126,2996,0.13183000683784485
1648782260.9111373,3012,0.13183000683784485
1648782261.1743135,3029,0.13183000683784485
1648782261.423084,3045,0.13183000683784485
1648782261.7511165,3066,0.13183000683784485
1648782261.9228845,3077,0.13183000683784485
1648782262.1672902,3093,0.13183000683784485
1648782262.9520185,3144,0.13183000683784485
1648782263.246527,3163,0.13183000683784485
1648782263.833654,3201,0.13183000683784485
1648782263.8639152,3203,0.13183000683784485
1648782263.8792992,3204,0.13183000683784485
1648782264.1248722,3220,0.13183000683784485
1648782264.217088,3226,0.13183000683784485
1648782266.5199325,3286,0.13183000683784485
1648782266.7481039,3301,0.13183000683784485
1648782266.778727,3303,0.13183000683784485
1648782266.8558464,3308,0.13183000683784485
1648782267.1336799,3326,0.13183000683784485
1648782267.1802716,3329,0.13183000683784485
1648782267.4157028,3344,0.13183000683784485
1648782267.4318936,3345,0.13183000683784485
1648782267.555076,3353,0.13183000683784485
1648782267.812861,3370,0.13183000683784485
1648782268.4839137,3413,0.13183000683784485
1648782268.747008,3430,0.13183000683784485
1648782269.111014,3454,0.13183000683784485
1648782269.1263309,3455,0.13183000683784485
1648782269.7908173,3498,0.13183000683784485
1648782269.840361,3501,0.13183000683784485
1648782269.9029272,3505,0.13183000683784485
1648782269.919956,3506,0.13183000683784485
1648782270.3961391,3536,0.13183000683784485
1648782270.4277177,3538,0.13183000683784485
1648782270.5542843,3546,0.13183000683784485
1648782270.7737207,3560,0.13183000683784485
1648782271.0232692,3576,0.13183000683784485
1648782271.4132085,3601,0.13183000683784485
1648782271.6520815,3616,0.13183000683784485
1648782272.644584,3681,0.13183000683784485
1648782272.6752646,3683,0.13183000683784485
1648782272.7807298,3690,0.13183000683784485
1648782272.8411987,3694,0.13183000683784485
1648782273.0723023,3709,0.13183000683784485
1648782273.1484551,3714,0.13183000683784485
1648782273.1954277,3717,0.13183000683784485
1648782273.6126862,3744,0.13183000683784485
1648782275.1074073,3753,0.13183000683784485
1648782275.2564368,3763,0.13183000683784485
1648782275.362936,3770,0.13183000683784485
1648782275.638349,3788,0.13183000683784485
1648782275.683627,3791,0.13183000683784485
1648782275.9572835,3809,0.13183000683784485
1648782276.2320144,3827,0.13183000683784485
1648782276.2479408,3828,0.13183000683784485
1648782276.5411894,3847,0.13183000683784485
1648782276.9277127,3872,0.13183000683784485
1648782276.942752,3873,0.13183000683784485
1648782276.9583209,3874,0.13183000683784485
1648782277.0961905,3883,0.13183000683784485
1648782277.2203407,3891,0.13183000683784485
1648782277.371906,3901,0.13183000683784485
1648782277.5417721,3912,0.13183000683784485
1648782277.6781094,3921,0.13183000683784485
1648782277.9839714,3941,0.13183000683784485
1648782278.2752814,3960,0.13183000683784485
1648782278.336716,3964,0.13183000683784485
1648782278.3831365,3967,0.13183000683784485
1648782278.5674539,3979,0.13183000683784485
1648782278.7312462,3989,0.13183000683784485
1648782279.1701572,4015,0.13183000683784485
1648782279.3699956,4027,0.13183000683784485
1648782279.6503408,4044,0.13183000683784485
1648782279.7454393,4050,0.13183000683784485
1648782279.7608302,4051,0.13183000683784485
1648782280.0418499,4069,0.13183000683784485
1648782280.2768655,4084,0.13183000683784485
1648782280.4168885,4093,0.13183000683784485
1648782280.5878806,4104,0.13183000683784485
1648782280.632468,4107,0.13183000683784485
1648782280.8638237,4122,0.13183000683784485
1648782281.1893535,4140,0.13183000683784485
1648782281.697625,4170,0.13183000683784485
1648782284.01625,4223,0.13183000683784485
1648782284.4708476,4250,0.13183000683784485
1648782284.5680492,4256,0.13183000683784485
1648782284.7480264,4267,0.13183000683784485
1648782284.8550105,4274,0.13183000683784485
1648782284.8865619,4276,0.13183000683784485
1648782285.0416946,4286,0.13183000683784485
1648782285.1511655,4293,0.13183000683784485
1648782285.2343144,4298,0.13183000683784485
1648782285.3478947,4305,0.13183000683784485
1648782285.6385195,4323,0.13183000683784485
1648782285.7013688,4327,0.13183000683784485
1648782285.7952461,4333,0.13183000683784485
1648782285.8109071,4334,0.13183000683784485
1648782286.1907442,4358,0.13183000683784485
1648782286.425182,4373,0.13183000683784485
1648782287.2978785,4428,0.13183000683784485
1648782287.3286479,4430,0.13183000683784485
1648782287.404534,4435,0.13183000683784485
1648782287.6006508,4448,0.13183000683784485
1648782287.6909301,4454,0.13183000683784485
1648782287.7512708,4458,0.13183000683784485
1648782287.8874161,4467,0.13183000683784485
1648782288.1019647,4481,0.13183000683784485
1648782288.1776888,4486,0.13183000683784485
1648782288.2549434,4491,0.13183000683784485
1648782288.3312442,4496,0.13183000683784485
1648782288.4235454,4502,0.13183000683784485
1648782288.4850082,4506,0.13183000683784485
1648782288.6251688,4515,0.13183000683784485
1648782288.7020845,4520,0.13183000683784485
1648782288.7477694,4523,0.13183000683784485
1648782288.7629745,4524,0.13183000683784485
1648782288.8243334,4528,0.13183000683784485
1648782288.8862484,4532,0.13183000683784485
1648782289.1166196,4547,0.13183000683784485
1648782289.3315043,4561,0.13183000683784485
1648782289.5448072,4575,0.13183000683784485
1648782290.4561303,4635,0.13183000683784485
1648782290.5628097,4642,0.13183000683784485
1648782290.9548726,4667,0.13183000683784485
1648782291.142603,4679,0.13183000683784485
1648782291.2174,4684,0.13183000683784485
1648782292.9896898,4706,0.13183000683784485
1648782293.2333238,4721,0.13183000683784485
1648782294.1611917,4776,0.13183000683784485
1648782294.2732053,4783,0.13183000683784485
1648782294.4567084,4795,0.13183000683784485
1648782294.5955343,4804,0.13183000683784485
1648782294.6409647,4807,0.13183000683784485
1648782294.6722488,4809,0.13183000683784485
1648782295.159443,4837,0.13183000683784485
1648782295.192009,4839,0.13183000683784485
1648782295.3795037,4851,0.13183000683784485
1648782295.5137944,4859,0.13183000683784485
1648782295.6808145,4869,0.13183000683784485
1648782296.053466,4893,0.13183000683784485
1648782296.245688,4905,0.13183000683784485
1648782296.26353,4906,0.13183000683784485
1648782296.3279877,4910,0.13183000683784485
1648782296.5968375,4926,0.13183000683784485
1648782296.7264407,4934,0.13183000683784485
1648782296.9778688,4950,0.13183000683784485
1648782296.993525,4951,0.13183000683784485
1648782297.226993,4966,0.13183000683784485
1648782297.3992937,4977,0.13183000683784485
1648782298.14527,5025,0.13183000683784485
1648782298.8668268,5068,0.13183000683784485
1648782299.4350092,5104,0.13183000683784485
1648782299.5122705,5109,0.13183000683784485
1648782299.5602582,5112,0.13183000683784485
1648782299.858817,5128,0.13183000683784485
1648782299.8916824,5130,0.13183000683784485
1648782300.1952112,5149,0.13183000683784485
1648782302.4675186,5192,0.13183000683784485
1648782302.6683908,5203,0.13183000683784485
1648782302.7765877,5209,0.13183000683784485
1648782302.905211,5217,0.13183000683784485
1648782303.056211,5226,0.13183000683784485
1648782303.1712217,5233,0.13183000683784485
1648782303.5018847,5253,0.13183000683784485
1648782303.6085796,5259,0.13183000683784485
1648782303.7366676,5266,0.13183000683784485
1648782303.787365,5269,0.13183000683784485
1648782303.823878,5271,0.13183000683784485
1648782304.209141,5295,0.13183000683784485
1648782304.2436967,5297,0.13183000683784485
1648782304.5648313,5316,0.13183000683784485
1648782304.669323,5322,0.13183000683784485
1648782304.8057694,5330,0.13183000683784485
1648782304.8402896,5332,0.13183000683784485
1648782305.46108,5369,0.13183000683784485
1648782305.588767,5376,0.13183000683784485
1648782305.6575305,5380,0.13183000683784485
1648782305.9224975,5397,0.13183000683784485
1648782305.9690728,5400,0.13183000683784485
1648782306.1767752,5413,0.13183000683784485
1648782306.4557006,5429,0.13183000683784485
1648782306.6296785,5440,0.13183000683784485
1648782306.8968875,5455,0.13183000683784485
1648782307.9526887,5513,0.13183000683784485
1648782308.171377,5526,0.13183000683784485
1648782308.6740503,5556,0.13183000683784485
1648782308.7454631,5560,0.13183000683784485
1648782308.7795193,5562,0.13183000683784485
1648782308.796743,5563,0.13183000683784485
1648782308.8644388,5567,0.13183000683784485
1648782308.9121642,5570,0.13183000683784485
1648782308.9939253,5575,0.13183000683784485
1648782309.0096796,5576,0.13183000683784485
1648782309.0255356,5577,0.13183000683784485
1648782309.2121046,5588,0.13183000683784485
1648782311.4915617,5633,0.13183000683784485
1648782311.9229622,5659,0.13183000683784485
1648782312.091828,5669,0.13183000683784485
1648782312.3334508,5683,0.13183000683784485
1648782312.3976328,5687,0.13183000683784485
1648782312.4632778,5691,0.13183000683784485
1648782312.7371876,5708,0.13183000683784485
1648782312.7652905,5710,0.13183000683784485
1648782312.7967691,5712,0.13183000683784485
1648782313.0916317,5729,0.13183000683784485
1648782313.1505833,5733,0.13183000683784485
1648782313.3217876,5744,0.13183000683784485
1648782313.3524282,5746,0.13183000683784485
1648782313.8782215,5776,0.13183000683784485
1648782313.928272,5779,0.13183000683784485
1648782313.981173,5782,0.13183000683784485
1648782313.9975152,5783,0.13183000683784485
1648782314.1730733,5793,0.13183000683784485
1648782314.1919465,5794,0.13183000683784485
1648782314.2982318,5800,0.13183000683784485
1648782315.227817,5860,0.13183000683784485
1648782315.507376,5878,0.13183000683784485
1648782317.0379007,5972,0.13183000683784485
1648782317.247874,5986,0.13183000683784485
1648782317.3881028,5995,0.13183000683784485
1648782317.4079351,5996,0.13183000683784485
1648782317.568188,6005,0.13183000683784485
1648782317.9578354,6030,0.13183000683784485
1648782317.9761977,6031,0.13183000683784485
1648782318.241661,6047,0.13183000683784485
1648782318.2720947,6049,0.13183000683784485
1648782318.364619,6055,0.13183000683784485
1648782318.6414967,6072,0.13183000683784485
1648782318.7109084,6076,0.13183000683784485
1648782318.7272532,6077,0.13183000683784485
1648782318.7434921,6078,0.13183000683784485
1648782318.7601166,6079,0.13183000683784485
1648782318.9957628,6094,0.13183000683784485
1648782320.681778,6110,0.13183000683784485
1648782320.772776,6116,0.13183000683784485
1648782321.1728766,6142,0.13183000683784485
1648782321.7255504,6176,0.13183000683784485
1648782321.8206816,6182,0.13183000683784485
1648782322.0214965,6194,0.13183000683784485
1648782322.6166058,6230,0.13183000683784485
1648782322.6554637,6232,0.13183000683784485
1648782322.8967922,6246,0.13183000683784485
1648782323.018885,6254,0.13183000683784485
1648782323.0811403,6258,0.13183000683784485
1648782323.1110153,6260,0.13183000683784485
1648782323.2353435,6268,0.13183000683784485
1648782323.3331518,6274,0.13183000683784485
1648782323.348925,6275,0.13183000683784485
1648782323.447994,6281,0.13183000683784485
1648782323.8005755,6303,0.13183000683784485
1648782324.0518677,6318,0.13183000683784485
1648782324.4807303,6344,0.13183000683784485
1648782325.1982882,6390,0.13183000683784485
1648782325.5009546,6409,0.13183000683784485
1648782325.533385,6411,0.13183000683784485
1648782325.5494702,6412,0.13183000683784485
1648782325.7181869,6423,0.13183000683784485
1648782325.8548973,6431,0.13183000683784485
1648782326.143351,6447,0.13183000683784485
1648782326.2288132,6452,0.13183000683784485
1648782326.3718772,6461,0.13183000683784485
1648782327.2661145,6517,0.13183000683784485
1648782327.3934026,6525,0.13183000683784485
1648782327.6492264,6541,0.13183000683784485
1648782327.759778,6548,0.13183000683784485
1648782327.8060586,6551,0.13183000683784485
1648782327.9651756,6561,0.13183000683784485
1648782329.4650834,6566,0.13183000683784485
1648782329.6224563,6576,0.13183000683784485
1648782329.7517276,6584,0.13183000683784485
1648782330.1519685,6610,0.13183000683784485
1648782330.1969416,6613,0.13183000683784485
1648782330.6753132,6641,0.13183000683784485
1648782330.8735182,6652,0.13183000683784485
1648782331.0081294,6660,0.13183000683784485
1648782331.025175,6661,0.13183000683784485
1648782331.2868235,6678,0.13183000683784485
1648782331.3500338,6682,0.13183000683784485
1648782331.4236753,6687,0.13183000683784485
1648782331.5951624,6698,0.13183000683784485
1648782331.8739989,6716,0.13183000683784485
1648782332.0322068,6726,0.13183000683784485
1648782332.184375,6736,0.13183000683784485
1648782332.2924945,6743,0.13183000683784485
1648782332.5886438,6760,0.13183000683784485
1648782332.748779,6769,0.13183000683784485
1648782332.8476741,6775,0.13183000683784485
1648782332.91093,6779,0.13183000683784485
1648782332.926745,6780,0.13183000683784485
1648782333.1892948,6796,0.13183000683784485
1648782333.3265798,6804,0.13183000683784485
1648782333.8013978,6833,0.13183000683784485
1648782333.8628173,6837,0.13183000683784485
1648782334.2057521,6857,0.13183000683784485
1648782334.2362523,6859,0.13183000683784485
1648782334.254245,6860,0.13183000683784485
1648782334.4067423,6870,0.13183000683784485
1648782334.5297885,6878,0.13183000683784485
1648782334.809013,6896,0.13183000683784485
1648782335.028714,6910,0.13183000683784485
1648782335.121419,6916,0.13183000683784485
1648782335.5650074,6945,0.13183000683784485
1648782335.7334402,6956,0.13183000683784485
1648782336.366918,6996,0.13183000683784485
1648782336.4539182,7001,0.13183000683784485
1648782336.7843862,7020,0.13183000683784485
1648782336.8010411,7021,0.13183000683784485
1648782338.7838035,7058,0.13183000683784485
1648782338.8159802,7060,0.13183000683784485
1648782339.020334,7073,0.13183000683784485
1648782339.0982134,7078,0.13183000683784485
1648782339.113495,7079,0.13183000683784485
1648782339.252119,7088,0.13183000683784485
1648782340.2212605,7149,0.13183000683784485
1648782340.4851599,7166,0.13183000683784485
1648782340.6144354,7174,0.13183000683784485
1648782340.7788837,7183,0.13183000683784485
1648782341.035647,7198,0.13183000683784485
1648782341.2778685,7211,0.13183000683784485
1648782341.4838002,7224,0.13183000683784485
1648782341.6411302,7234,0.13183000683784485
1648782341.702763,7238,0.13183000683784485
1648782341.7802286,7243,0.13183000683784485
1648782341.9199414,7252,0.13183000683784485
1648782341.967452,7255,0.13183000683784485
1648782341.9825108,7256,0.13183000683784485
1648782342.043305,7260,0.13183000683784485
1648782342.2042015,7270,0.13183000683784485
1648782342.6118262,7296,0.13183000683784485
1648782342.7088482,7302,0.13183000683784485
1648782342.795624,7307,0.13183000683784485
1648782343.0524821,7322,0.13183000683784485
1648782343.9581265,7377,0.13183000683784485
1648782343.989492,7379,0.13183000683784485
1648782344.2404118,7395,0.13183000683784485
1648782344.25547,7396,0.13183000683784485
1648782344.7828405,7430,0.13183000683784485
1648782345.1550763,7451,0.13183000683784485
1648782345.203211,7454,0.13183000683784485
1648782345.4628136,7470,0.13183000683784485
1648782345.5090427,7473,0.13183000683784485
1648782345.5405593,7475,0.13183000683784485
1648782345.6708813,7483,0.13183000683784485
1648782345.909131,7498,0.13183000683784485
1648782347.854892,7530,0.13183000683784485
1648782348.1175473,7545,0.13183000683784485
1648782348.2124772,7551,0.13183000683784485
1648782348.2893422,7556,0.13183000683784485
1648782348.3051686,7557,0.13183000683784485
1648782348.517462,7570,0.13183000683784485
1648782348.6347392,7577,0.13183000683784485
1648782348.6685925,7579,0.13183000683784485
1648782348.983328,7599,0.13183000683784485
1648782349.3368356,7621,0.13183000683784485
1648782349.4645061,7629,0.13183000683784485
1648782350.3254104,7683,0.13183000683784485
1648782350.7542806,7710,0.13183000683784485
1648782350.959776,7723,0.13183000683784485
1648782351.1995313,7738,0.13183000683784485
1648782351.2156076,7739,0.13183000683784485
1648782351.2487438,7741,0.13183000683784485
1648782351.2799609,7743,0.13183000683784485
1648782351.6565309,7767,0.13183000683784485
1648782351.7961671,7776,0.13183000683784485
1648782351.826279,7778,0.13183000683784485
1648782351.979842,7788,0.13183000683784485
1648782352.0123699,7790,0.13183000683784485
1648782352.139793,7798,0.13183000683784485
1648782352.9719439,7848,0.13183000683784485
1648782353.1886613,7861,0.13183000683784485
1648782353.2042568,7862,0.13183000683784485
1648782353.319344,7869,0.13183000683784485
1648782353.6091838,7885,0.13183000683784485
1648782353.6970317,7890,0.13183000683784485
1648782354.6846237,7947,0.13183000683784485
1648782354.76594,7952,0.13183000683784485
1648782354.88841,7960,0.13183000683784485
1648782355.0581448,7970,0.13183000683784485
1648782356.5535026,7974,0.13183000683784485
1648782356.7753797,7988,0.13183000683784485
1648782357.0773997,8007,0.13183000683784485
1648782357.0933852,8008,0.13183000683784485
1648782358.3291547,8086,0.13183000683784485
1648782358.5012975,8097,0.13183000683784485
1648782358.7021112,8110,0.13183000683784485
1648782358.793559,8116,0.13183000683784485
1648782359.2465634,8144,0.13183000683784485
1648782359.6108072,8164,0.13183000683784485
1648782359.6464138,8166,0.13183000683784485
1648782360.1411576,8196,0.13183000683784485
1648782360.188309,8199,0.13183000683784485
1648782360.6326373,8226,0.13183000683784485
1648782360.9238741,8244,0.13183000683784485
1648782361.3408642,8270,0.13183000683784485
1648782361.40345,8274,0.13183000683784485
1648782362.0739198,8316,0.13183000683784485
1648782362.3086195,8331,0.13183000683784485
1648782362.4496427,8340,0.13183000683784485
1648782362.4813309,8342,0.13183000683784485
1648782362.511364,8344,0.13183000683784485
1648782362.8355954,8365,0.13183000683784485
1648782363.5678453,8411,0.13183000683784485
1648782363.6276646,8415,0.13183000683784485
1648782363.6892958,8419,0.13183000683784485
1648782363.8392282,8428,0.13183000683784485
1648782363.8901277,8431,0.13183000683784485
1648782363.9051285,8432,0.13183000683784485
1648782363.9678671,8436,0.13183000683784485
1648782366.0308003,8473,0.13183000683784485
1648782366.287893,8488,0.13183000683784485
1648782366.7126188,8514,0.13183000683784485
1648782366.7278724,8515,0.13183000683784485
1648782366.9791384,8530,0.13183000683784485
1648782367.307525,8550,0.13183000683784485
1648782367.50027,8562,0.13183000683784485
1648782367.623747,8570,0.13183000683784485
1648782367.6855154,8574,0.13183000683784485
1648782368.3783755,8618,0.13183000683784485
1648782368.8126342,8646,0.13183000683784485
1648782369.1729317,8669,0.13183000683784485
1648782369.4822347,8689,0.13183000683784485
1648782369.6696954,8701,0.13183000683784485
1648782369.836803,8712,0.13183000683784485
1648782369.907983,8716,0.13183000683784485
1648782370.2932143,8739,0.13183000683784485
1648782370.4678955,8750,0.13183000683784485
1648782370.5767708,8757,0.13183000683784485
1648782370.687212,8764,0.13183000683784485
1648782370.982965,8783,0.13183000683784485
1648782371.0487268,8787,0.13183000683784485
1648782371.4031537,8810,0.13183000683784485
1648782371.5405097,8819,0.13183000683784485
1648782371.8315568,8838,0.13183000683784485
1648782371.8611283,8840,0.13183000683784485
1648782372.2475579,8864,0.13183000683784485
1648782372.3153398,8868,0.13183000683784485
1648782372.5770102,8883,0.13183000683784485
1648782375.181069,8958,0.13183000683784485
1648782375.275613,8964,0.13183000683784485
1648782375.5096176,8979,0.13183000683784485
1648782375.6948526,8991,0.13183000683784485
1648782375.7747948,8996,0.13183000683784485
1648782375.9438477,9007,0.13183000683784485
1648782376.3291097,9030,0.13183000683784485
1648782376.3956761,9034,0.13183000683784485
1648782376.9305007,9066,0.13183000683784485
1648782377.9177902,9130,0.13183000683784485
1648782377.9806612,9134,0.13183000683784485
1648782378.1678905,9146,0.13183000683784485
1648782378.7761831,9184,0.13183000683784485
1648782378.8990161,9192,0.13183000683784485
1648782379.1463444,9208,0.13183000683784485
1648782379.2547903,9215,0.13183000683784485
1648782379.4277835,9226,0.13183000683784485
1648782379.4732594,9229,0.13183000683784485
1648782379.5055075,9231,0.13183000683784485
1648782379.7418275,9246,0.13183000683784485
1648782379.9785202,9261,0.13183000683784485
1648782380.1032972,9269,0.13183000683784485
1648782380.1183531,9270,0.13183000683784485
1648782380.1812515,9274,0.13183000683784485
1648782380.1962721,9275,0.13183000683784485
1648782380.4439125,9291,0.13183000683784485
1648782381.0360913,9329,0.13183000683784485
1648782381.4966648,9358,0.13183000683784485
1648782381.6373384,9367,0.13183000683784485
1648782381.6860387,9370,0.13183000683784485
1648782383.4550898,9394,0.13183000683784485
1648782384.1501098,9439,0.13183000683784485
1648782384.4786236,9460,0.13183000683784485
1648782385.0376427,9496,0.13183000683784485
1648782385.1294866,9502,0.13183000683784485
1648782385.2888968,9512,0.13183000683784485
1648782385.3201935,9514,0.13183000683784485
1648782385.9089262,9551,0.13183000683784485
1648782386.1204891,9564,0.13183000683784485
1648782386.467884,9585,0.13183000683784485
1648782386.6891484,9599,0.13183000683784485
1648782386.751462,9603,0.13183000683784485
1648782387.0918999,9625,0.13183000683784485
1648782387.7091243,9660,0.13183000683784485
1648782388.7190838,9723,0.13183000683784485
1648782388.9370608,9737,0.13183000683784485
1648782389.5467718,9775,0.13183000683784485
1648782389.8063343,9789,0.13183000683784485
1648782390.2143302,9812,0.13183000683784485
1648782390.6141875,9837,0.13183000683784485
1648782392.4043787,9855,0.13183000683784485
1648782392.4202688,9856,0.13183000683784485
1648782392.8130465,9879,0.13183000683784485
1648782392.8305418,9880,0.13183000683784485
1648782393.1526306,9899,0.13183000683784485
1648782393.5417173,9923,0.13183000683784485
1648782393.5809424,9925,0.13183000683784485
1648782394.235751,9966,0.13183000683784485
1648782394.345685,9972,0.13183000683784485
1648782394.3634748,9973,0.13183000683784485
1648782394.6029072,9987,0.13183000683784485
1648782394.8076577,10000,0.13183000683784485
1648782395.0112226,10013,0.13183000683784485
1648782395.0606244,10016,0.13183000683784485
1648782395.197866,10025,0.13183000683784485
1648782395.243379,10028,0.13183000683784485
1648782396.0220604,10078,0.13183000683784485
1648782396.5285,10111,0.13183000683784485
1648782396.590303,10115,0.13183000683784485
1648782396.6225195,10117,0.13183000683784485
1648782396.7746756,10127,0.13183000683784485
1648782397.0048048,10142,0.13183000683784485
1648782397.3280413,10163,0.13183000683784485
1648782398.044715,10210,0.13183000683784485
1648782398.3694105,10231,0.13183000683784485
1648782398.6496253,10249,0.13183000683784485
1648782398.743613,10255,0.13183000683784485
1648782398.7885616,10258,0.13183000683784485
1648782399.5938811,10310,0.13183000683784485
1648782399.6974251,10317,0.13183000683784485
1648782401.3091438,10331,0.13183000683784485
1648782401.4387417,10339,0.13183000683784485
1648782401.516941,10344,0.13183000683784485
1648782401.5639224,10347,0.13183000683784485
1648782401.7817967,10361,0.13183000683784485
1648782401.8257456,10364,0.13183000683784485
1648782401.840209,10365,0.13183000683784485
1648782402.102269,10382,0.13183000683784485
1648782402.216979,10389,0.13183000683784485
1648782402.3078673,10394,0.13183000683784485
1648782402.478146,10405,0.13183000683784485
1648782402.4932644,10406,0.13183000683784485
1648782402.6363747,10415,0.13183000683784485
1648782402.8378248,10428,0.13183000683784485
1648782403.2003365,10451,0.13183000683784485
1648782403.4019113,10464,0.13183000683784485
1648782403.5892456,10476,0.13183000683784485
1648782403.639519,10479,0.13183000683784485
1648782404.0388672,10505,0.13183000683784485
1648782404.1173885,10510,0.13183000683784485
1648782404.5406303,10537,0.13183000683784485
1648782404.5564532,10538,0.13183000683784485
1648782404.5891855,10540,0.13183000683784485
1648782405.0237296,10568,0.13183000683784485
1648782405.1016357,10573,0.13183000683784485
1648782405.225204,10581,0.13183000683784485
1648782405.2579656,10583,0.13183000683784485
1648782405.2886884,10585,0.13183000683784485
1648782405.3506575,10589,0.13183000683784485
1648782405.3819818,10591,0.13183000683784485
1648782405.4644842,10596,0.13183000683784485
1648782405.8103898,10617,0.13183000683784485
1648782406.0609722,10632,0.13183000683784485
1648782406.6079223,10668,0.13183000683784485
1648782407.0503027,10697,0.13183000683784485
1648782407.0657096,10698,0.13183000683784485
1648782407.1296778,10702,0.13183000683784485
1648782407.35136,10716,0.13183000683784485
1648782407.7899761,10744,0.13183000683784485
1648782407.8047783,10745,0.13183000683784485
1648782407.963567,10755,0.13183000683784485
1648782408.168277,10767,0.13183000683784485
1648782410.0730631,10795,0.13183000683784485
1648782410.5368571,10825,0.13183000683784485
1648782410.6147697,10830,0.13183000683784485
1648782410.85942,10845,0.13183000683784485
1648782410.9572828,10851,0.13183000683784485
1648782411.0580754,10857,0.13183000683784485
1648782411.185639,10865,0.13183000683784485
1648782411.3398952,10875,0.13183000683784485
1648782411.7109494,10898,0.13183000683784485
1648782411.9243934,10912,0.13183000683784485
1648782411.9691155,10915,0.13183000683784485
1648782412.1200693,10924,0.13183000683784485
1648782412.3252752,10937,0.13183000683784485
1648782412.6172304,10955,0.13183000683784485
1648782412.6342623,10956,0.13183000683784485
1648782412.877235,10971,0.13183000683784485
1648782412.9932036,10978,0.13183000683784485
1648782414.0592546,11044,0.13183000683784485
1648782414.3048644,11060,0.13183000683784485
1648782414.3826823,11065,0.13183000683784485
1648782414.536398,11073,0.13183000683784485
1648782414.8249712,11089,0.13183000683784485
1648782414.9949915,11100,0.13183000683784485
1648782415.0405893,11103,0.13183000683784485
1648782415.088714,11106,0.13183000683784485
1648782415.212526,11114,0.13183000683784485
1648782415.845587,11155,0.13183000683784485
1648782416.152935,11175,0.13183000683784485
1648782416.3378885,11187,0.13183000683784485
1648782416.401085,11191,0.13183000683784485
1648782416.4774995,11196,0.13183000683784485
1648782416.571244,11202,0.13183000683784485
1648782416.9313192,11225,0.13183000683784485
1648782417.0084708,11230,0.13183000683784485
1648782417.3736732,11253,0.13183000683784485
1648782418.8631673,11260,0.13183000683784485
1648782419.0846498,11274,0.13183000683784485
1648782419.0999718,11275,0.13183000683784485
1648782419.3331208,11289,0.13183000683784485
1648782419.80522,11316,0.13183000683784485
1648782419.8736346,11320,0.13183000683784485
1648782419.9555252,11325,0.13183000683784485
1648782420.0653121,11332,0.13183000683784485
1648782420.1587837,11338,0.13183000683784485
1648782420.4131744,11354,0.13183000683784485
1648782420.7102697,11373,0.13183000683784485
1648782421.1491797,11401,0.13183000683784485
1648782421.2447908,11407,0.13183000683784485
1648782421.4512236,11420,0.13183000683784485
1648782421.5282078,11425,0.13183000683784485
1648782421.766366,11440,0.13183000683784485
1648782422.0290525,11457,0.13183000683784485
1648782422.1524968,11465,0.13183000683784485
1648782422.2320654,11470,0.13183000683784485
1648782422.277789,11473,0.13183000683784485
1648782422.495451,11486,0.13183000683784485
1648782423.085166,11521,0.13183000683784485
1648782423.1000547,11522,0.13183000683784485
1648782423.1181016,11523,0.13183000683784485
1648782423.18689,11527,0.13183000683784485
1648782423.3518417,11536,0.13183000683784485
1648782423.3903723,11538,0.13183000683784485
1648782423.4235454,11540,0.13183000683784485
1648782423.4403062,11541,0.13183000683784485
1648782424.1652954,11586,0.13183000683784485
1648782424.8730578,11632,0.13183000683784485
1648782424.8891735,11633,0.13183000683784485
1648782425.5634153,11673,0.13183000683784485
1648782425.5944865,11675,0.13183000683784485
1648782425.9834867,11700,0.13183000683784485
1648782426.0474925,11704,0.13183000683784485
1648782426.1719995,11712,0.13183000683784485
1648782427.9031339,11730,0.13183000683784485
1648782428.1403294,11744,0.13183000683784485
1648782428.2124026,11748,0.13183000683784485
1648782428.375787,11757,0.13183000683784485
1648782428.4816263,11763,0.13183000683784485
1648782428.6307116,11770,0.13183000683784485
1648782428.821927,11781,0.13183000683784485
1648782428.9317918,11787,0.13183000683784485
1648782429.088304,11797,0.13183000683784485
1648782429.9514902,11851,0.13183000683784485
1648782430.1190941,11861,0.13183000683784485
1648782430.2273054,11868,0.13183000683784485
1648782430.318712,11874,0.13183000683784485
1648782430.4100425,11880,0.13183000683784485
1648782430.4915495,11885,0.13183000683784485
1648782430.690971,11897,0.13183000683784485
1648782430.7375758,11900,0.13183000683784485
1648782431.50293,11947,0.13183000683784485
1648782431.517527,11948,0.13183000683784485
1648782431.5466106,11950,0.13183000683784485
1648782431.7319844,11962,0.13183000683784485
1648782431.89943,11973,0.13183000683784485
1648782432.3341696,12001,0.13183000683784485
1648782432.5878448,12017,0.13183000683784485
1648782432.7587163,12028,0.13183000683784485
1648782433.2795994,12061,0.13183000683784485
1648782433.7900822,12094,0.13183000683784485
1648782434.6454706,12149,0.13183000683784485
1648782434.7249477,12154,0.13183000683784485
1648782435.2155511,12185,0.13183000683784485
1648782435.2616155,12188,0.13183000683784485
1648782437.0306945,12207,0.13183000683784485
1648782437.0905178,12211,0.13183000683784485
1648782437.6487453,12247,0.13183000683784485
1648782438.45359,12297,0.13183000683784485
1648782438.5340762,12302,0.13183000683784485
1648782438.7315369,12315,0.13183000683784485
1648782439.5956137,12368,0.13183000683784485
1648782439.756001,12378,0.13183000683784485
1648782439.7713761,12379,0.13183000683784485
1648782439.81874,12382,0.13183000683784485
1648782439.9393237,12389,0.13183000683784485
1648782440.0083306,12393,0.13183000683784485
1648782440.0615773,12396,0.13183000683784485
1648782440.1473444,12401,0.13183000683784485
1648782440.355645,12413,0.13183000683784485
1648782440.4576914,12419,0.13183000683784485
1648782440.946937,12448,0.13183000683784485
1648782440.9614081,12449,0.13183000683784485
1648782441.1981127,12463,0.13183000683784485
1648782441.2952816,12469,0.13183000683784485
1648782441.978181,12509,0.13183000683784485
1648782442.0793345,12515,0.13183000683784485
1648782442.15892,12520,0.13183000683784485
1648782442.2357812,12525,0.13183000683784485
1648782442.504607,12542,0.13183000683784485
1648782443.5829048,12609,0.13183000683784485
1648782444.2494965,12652,0.13183000683784485
1648782444.2651482,12653,0.13183000683784485
1648782446.0374997,12671,0.13183000683784485
1648782446.1234965,12676,0.13183000683784485
1648782446.296451,12686,0.13183000683784485
1648782446.3251233,12688,0.13183000683784485
1648782446.900858,12725,0.13183000683784485
1648782446.9487708,12728,0.13183000683784485
1648782447.0135088,12732,0.13183000683784485
1648782447.2013862,12743,0.13183000683784485
1648782447.2321756,12745,0.13183000683784485
1648782447.323511,12751,0.13183000683784485
1648782447.545458,12765,0.13183000683784485
1648782447.5622427,12766,0.13183000683784485
1648782448.0092185,12792,0.13183000683784485
1648782448.4450967,12817,0.13183000683784485
1648782448.9488094,12847,0.13183000683784485
1648782449.0636976,12854,0.13183000683784485
1648782449.6184373,12886,0.13183000683784485
1648782449.6484535,12888,0.13183000683784485
1648782449.8778584,12903,0.13183000683784485
1648782449.9724255,12909,0.13183000683784485
1648782450.0335088,12913,0.13183000683784485
1648782450.2184446,12925,0.13183000683784485
1648782450.4803154,12942,0.13183000683784485
1648782450.7130647,12957,0.13183000683784485
1648782450.7889884,12962,0.13183000683784485
1648782450.88138,12968,0.13183000683784485
1648782450.8967254,12969,0.13183000683784485
1648782451.097788,12982,0.13183000683784485
1648782451.3571324,12999,0.13183000683784485
1648782451.4006362,13002,0.13183000683784485
1648782451.490718,13008,0.13183000683784485
1648782451.5197353,13010,0.13183000683784485
1648782451.8327217,13031,0.13183000683784485
1648782451.9692104,13040,0.13183000683784485
1648782452.404198,13069,0.13183000683784485
1648782453.1554105,13119,0.13183000683784485
1648782454.8275938,13135,0.13183000683784485
1648782454.9967372,13146,0.13183000683784485
1648782455.1204095,13154,0.13183000683784485
1648782455.1799917,13158,0.13183000683784485
1648782455.3684537,13170,0.13183000683784485
1648782455.6673896,13188,0.13183000683784485
1648782455.8322787,13199,0.13183000683784485
1648782456.0766823,13214,0.13183000683784485
1648782456.3043466,13227,0.13183000683784485
1648782456.4919608,13238,0.13183000683784485
1648782456.733059,13252,0.13183000683784485
1648782456.8386295,13258,0.13183000683784485
1648782457.0809288,13272,0.13183000683784485
1648782457.1690428,13277,0.13183000683784485
1648782458.2477152,13341,0.13183000683784485
1648782458.6659977,13367,0.13183000683784485
1648782458.8378208,13378,0.13183000683784485
1648782458.9594374,13386,0.13183000683784485
1648782459.1105843,13396,0.13183000683784485
1648782459.3881567,13414,0.13183000683784485
1648782459.4491997,13418,0.13183000683784485
1648782460.0374885,13456,0.13183000683784485
1648782460.099749,13460,0.13183000683784485
1648782460.2086756,13467,0.13183000683784485
1648782460.5047007,13486,0.13183000683784485
1648782460.7680922,13503,0.13183000683784485
1648782460.8750982,13510,0.13183000683784485
1648782460.9667842,13516,0.13183000683784485
1648782461.0867457,13524,0.13183000683784485
1648782461.3287246,13540,0.13183000683784485
1648782461.4635048,13549,0.13183000683784485
1648782461.7700768,13569,0.13183000683784485
1648782461.9079702,13578,0.13183000683784485
1648782463.7943556,13608,0.13183000683784485
1648782464.214917,13633,0.13183000683784485
1648782464.6842296,13663,0.13183000683784485
1648782464.7141497,13665,0.13183000683784485
1648782464.9596462,13681,0.13183000683784485
1648782465.100947,13690,0.13183000683784485
1648782465.115837,13691,0.13183000683784485
1648782465.4483602,13711,0.13183000683784485
1648782465.6645525,13724,0.13183000683784485
1648782466.2638505,13762,0.13183000683784485
1648782466.3091824,13765,0.13183000683784485
1648782466.372667,13769,0.13183000683784485
1648782466.5903761,13783,0.13183000683784485
1648782466.7628555,13794,0.13183000683784485
1648782466.8730175,13801,0.13183000683784485
1648782466.9603794,13807,0.13183000683784485
1648782467.1432695,13819,0.13183000683784485
1648782467.2050128,13823,0.13183000683784485
1648782467.2489765,13826,0.13183000683784485
1648782467.3845518,13835,0.13183000683784485
1648782467.461358,13840,0.13183000683784485
1648782467.8151705,13863,0.13183000683784485
1648782468.6049316,13914,0.13183000683784485
1648782468.69791,13920,0.13183000683784485
1648782468.743494,13923,0.13183000683784485
1648782468.7883518,13926,0.13183000683784485
1648782468.8810163,13932,0.13183000683784485
1648782468.9592695,13937,0.13183000683784485
1648782469.402994,13966,0.13183000683784485
1648782469.4807305,13971,0.13183000683784485
1648782469.699917,13985,0.13183000683784485
1648782469.7784414,13990,0.13183000683784485
1648782469.839726,13994,0.13183000683784485
1648782470.2450728,14020,0.13183000683784485
1648782470.5904205,14042,0.13183000683784485
1648782470.6209447,14044,0.13183000683784485
1648782470.9343064,14064,0.13183000683784485
