Wall time,Step,Value
1648782203.6562693,1,2.306936264038086
1648782204.4288545,50,0.48599767684936523
1648782204.705179,67,0.27460184693336487
1648782204.8240504,74,0.41613680124282837
1648782205.4124162,109,0.1904921978712082
1648782205.7264695,127,0.16013480722904205
1648782205.744105,128,0.2917071282863617
1648782205.949158,141,0.1734369844198227
1648782206.0297463,146,0.2011573165655136
1648782206.1074913,151,0.13456980884075165
1648782206.1417804,153,0.3086346983909607
1648782207.3597648,230,0.07928836345672607
1648782208.2772427,287,0.1904774159193039
1648782208.3065376,289,0.11438015103340149
1648782208.578066,306,0.02182989940047264
1648782208.8975089,326,0.12702327966690063
1648782209.067858,337,0.11549073457717896
1648782209.0834668,338,0.08194965124130249
1648782209.3646057,356,0.03677266463637352
1648782209.5042372,365,0.08535618335008621
1648782209.6251485,373,0.1857544183731079
1648782209.7626297,382,0.25561997294425964
1648782209.8112993,385,0.08855129778385162
1648782210.6644757,440,0.08792918175458908
1648782211.07426,466,0.15920132398605347
1648782212.663799,470,0.07378284633159637
1648782213.1148689,498,0.09732180833816528
1648782213.3097785,510,0.15515023469924927
1648782213.341283,512,0.07234711199998856
1648782213.674044,531,0.08143643289804459
1648782213.724715,534,0.08643914759159088
1648782214.108212,558,0.1368604600429535
1648782214.171402,562,0.13946998119354248
1648782214.5315695,584,0.03047451749444008
1648782214.75708,598,0.18116964399814606
1648782214.7911704,600,0.029252633452415466
1648782214.884834,606,0.13600033521652222
1648782215.2433739,627,0.07707622647285461
1648782215.552205,646,0.11411471664905548
1648782215.699459,655,0.051156722009181976
1648782215.8275228,663,0.08203151822090149
1648782216.1692445,683,0.10534103959798813
1648782216.453335,701,0.04068585857748985
1648782216.4715781,702,0.04248533770442009
1648782216.7729955,721,0.047953538596630096
1648782217.085259,741,0.08742574602365494
1648782217.148506,745,0.15573818981647491
1648782217.1641479,746,0.06993089616298676
1648782217.3051693,755,0.07322867214679718
1648782217.5681117,772,0.03731301799416542
1648782217.7214603,782,0.07543925940990448
1648782217.786973,786,0.0852629542350769
1648782218.0011568,800,0.09413696825504303
1648782218.1568527,810,0.07846894860267639
1648782218.3386862,821,0.1196163073182106
1648782218.3688183,823,0.05819036439061165
1648782218.7971447,850,0.049665551632642746
1648782218.985894,862,0.05740318074822426
1648782219.205338,876,0.0670572966337204
1648782219.2864068,881,0.15809021890163422
1648782219.3333182,884,0.034839220345020294
1648782219.5209286,896,0.06639831513166428
1648782219.5540545,898,0.07094186544418335
1648782220.1595755,937,0.24187421798706055
1648782221.7882297,949,0.055980417877435684
1648782222.0276477,963,0.007548223249614239
1648782222.234919,976,0.04495430365204811
1648782222.3770244,985,0.0807679072022438
1648782222.7174032,1006,0.07860018312931061
1648782222.8651695,1015,0.05905458331108093
1648782222.9943914,1023,0.07685694098472595
1648782223.0770264,1028,0.005470487289130688
1648782223.4297452,1050,0.01923254132270813
1648782224.0794852,1088,0.05029571056365967
1648782224.0951614,1089,0.04871254786849022
1648782224.125569,1091,0.02258547954261303
1648782224.4441385,1110,0.0663754791021347
1648782224.473933,1112,0.057993799448013306
1648782224.659567,1123,0.019925937056541443
1648782225.240226,1155,0.017730800434947014
1648782225.9016826,1197,0.007367418147623539
1648782226.1758451,1213,0.043694593012332916
1648782226.7160957,1247,0.0843869000673294
1648782226.9344308,1261,0.0597693957388401
1648782227.149427,1275,0.03312200307846069
1648782227.3976657,1290,0.010819618590176105
1648782227.6229591,1304,0.11131277680397034
1648782228.2911875,1346,0.08918134868144989
1648782228.3434174,1349,0.015545799396932125
1648782228.4937303,1358,0.09271861612796783
1648782228.573413,1363,0.031500618904829025
1648782228.8818629,1382,0.09252830594778061
1648782229.0180964,1390,0.07219953835010529
1648782230.853567,1411,0.020133372396230698
1648782230.9679859,1418,0.04325520619750023
1648782231.9749417,1483,0.01138551626354456
1648782232.1612349,1495,0.007866282016038895
1648782232.1931257,1497,0.10572358220815659
1648782232.2236586,1499,0.03864532709121704
1648782232.5013514,1517,0.014140088111162186
1648782232.6870296,1528,0.044939231127500534
1648782232.840849,1537,0.029273604974150658
1648782232.9233143,1542,0.004931012634187937
1648782232.9700277,1545,0.018306158483028412
1648782233.2328882,1562,0.014208860695362091
1648782233.263243,1564,0.03876427933573723
1648782233.418454,1574,0.02405250072479248
1648782233.433011,1575,0.03146342560648918
1648782233.8339753,1599,0.023353533819317818
1648782233.8494143,1600,0.1019560694694519
1648782234.064149,1614,0.06193850189447403
1648782234.2214546,1624,0.04374803230166435
1648782234.406517,1636,0.08205882459878922
1648782234.4968681,1642,0.03544490411877632
1648782234.514422,1643,0.05736963823437691
1648782234.732393,1657,0.04895643889904022
1648782234.8724086,1666,0.0068901944905519485
1648782235.107547,1681,0.0022494893055409193
1648782235.1725163,1685,0.00737918633967638
1648782235.5734787,1710,0.010378723964095116
1648782235.6047094,1712,0.010267795994877815
1648782235.759287,1721,0.0031296666711568832
1648782236.0324948,1738,0.028437769040465355
1648782236.3392491,1757,0.007536838296800852
1648782237.6934845,1839,0.012071492150425911
1648782237.9275787,1854,0.016843276098370552
1648782238.099856,1865,0.017037956044077873
1648782238.1871164,1870,0.03913513571023941
1648782239.792428,1882,0.009486023336648941
1648782239.8088703,1883,0.012894202955067158
1648782240.6545582,1938,0.021326299756765366
1648782240.9824896,1959,0.013734884560108185
1648782241.1213427,1968,0.011201045475900173
1648782241.276482,1978,0.003591439686715603
1648782241.479181,1991,0.0017669072840362787
1648782241.8644688,2016,0.12294652312994003
1648782242.0173032,2026,0.02145136520266533
1648782242.2190044,2039,0.0039998251013457775
1648782242.2487514,2041,0.024949781596660614
1648782242.6579535,2064,0.00910224299877882
1648782243.007819,2084,0.022541120648384094
1648782243.0433288,2086,0.04183463379740715
1648782243.1848984,2094,0.1250748485326767
1648782243.448893,2109,0.027997471392154694
1648782245.6104302,2239,0.04815306514501572
1648782245.7762647,2249,0.07050690054893494
1648782245.8914328,2256,0.027437536045908928
1648782246.2371747,2278,0.09717500954866409
1648782246.2832875,2281,0.04236995428800583
1648782246.836347,2315,0.014573200605809689
1648782246.915196,2320,0.015706723555922508
1648782247.1341238,2334,0.02151091955602169
1648782248.880012,2354,0.017567114904522896
1648782248.8951032,2355,0.02758614718914032
1648782249.0211082,2363,0.04194459319114685
1648782249.0541916,2365,0.0027352364268153906
1648782249.1353793,2370,0.011079534888267517
1648782249.213249,2375,0.046116095036268234
1648782249.2594233,2378,0.013455517590045929
1648782249.3076174,2381,0.06783222407102585
1648782249.4011848,2387,0.0063637844286859035
1648782249.432674,2389,0.029931318014860153
1648782249.4995637,2393,0.016899827867746353
1648782249.6766844,2404,0.021813852712512016
1648782250.3257303,2445,0.04397060349583626
1648782250.742964,2472,0.008819585666060448
1648782250.7580323,2473,0.012091333046555519
1648782251.089391,2493,0.01663292944431305
1648782251.1394982,2496,0.021230163052678108
1648782251.18897,2499,0.0026136385276913643
1648782251.4155536,2513,0.006011965684592724
1648782251.5852165,2524,0.003861255943775177
1648782251.617401,2526,0.02230258844792843
1648782251.72933,2533,0.004109124653041363
1648782252.1754844,2561,0.02873263880610466
1648782252.4435523,2578,0.03855102136731148
1648782252.9202309,2608,0.043712351471185684
1648782253.082819,2618,0.002348272828385234
1648782253.452732,2641,0.01324157603085041
1648782253.612928,2651,0.02365250512957573
1648782253.6297817,2652,0.005991614423692226
1648782253.8515506,2666,0.03897197172045708
1648782254.0011415,2676,0.030951621010899544
1648782254.130698,2684,0.01706703007221222
1648782254.3086648,2695,0.004720041994005442
1648782254.3855457,2700,0.012832277454435825
1648782254.7155554,2721,0.033589448779821396
1648782255.1161447,2747,0.012773726135492325
1648782255.1773653,2751,0.011816907674074173
1648782255.2076347,2753,0.008779065683484077
1648782255.2228703,2754,0.00966589991003275
1648782255.9306893,2799,0.016241727396845818
1648782257.6639664,2817,0.0046320329420268536
1648782257.903407,2832,0.021974114701151848
1648782258.100664,2843,0.005506616551429033
1648782258.256697,2852,0.005949478596448898
1648782258.4515722,2863,0.023488396778702736
1648782258.521414,2867,0.04079963639378548
1648782258.728097,2880,0.018485544249415398
1648782259.279447,2913,0.03613612800836563
1648782259.3275604,2916,0.009011024609208107
1648782260.1194124,2964,0.011994287371635437
1648782260.1347966,2965,0.004567611496895552
1648782260.5021272,2987,0.004892263561487198
1648782260.6419475,2996,0.030385788530111313
1648782260.911028,3012,0.013895051553845406
1648782261.174237,3029,0.018145356327295303
1648782261.422985,3045,0.035439446568489075
1648782261.7510288,3066,0.019836360588669777
1648782261.922805,3077,0.008608974516391754
1648782262.1672008,3093,0.00775488605722785
1648782262.9519286,3144,0.008325443603098392
1648782263.2464504,3163,0.0008382751257158816
1648782263.833594,3201,0.0026989092584699392
1648782263.8638256,3203,0.015105528756976128
1648782263.879242,3204,0.02800086885690689
1648782264.1248088,3220,0.018935654312372208
1648782264.2169967,3226,0.00547381117939949
1648782266.5198545,3286,0.009810212068259716
1648782266.7480457,3301,0.023621993139386177
1648782266.7786655,3303,0.008538525551557541
1648782266.8557878,3308,0.003864860162138939
1648782267.1335883,3326,0.013850015588104725
1648782267.180179,3329,0.007911215536296368
1648782267.4156072,3344,0.003068919526413083
1648782267.4318314,3345,0.022010646760463715
1648782267.5550027,3353,0.009794984944164753
1648782267.8128,3370,0.007863612845540047
1648782268.4838405,3413,0.031818825751543045
1648782268.7469332,3430,0.02784576080739498
1648782269.1109378,3454,0.017529062926769257
1648782269.1262412,3455,0.02018583193421364
1648782269.7907133,3498,0.024112984538078308
1648782269.8402667,3501,0.01468714326620102
1648782269.9028373,3505,0.003359616734087467
1648782269.9198604,3506,0.033499784767627716
1648782270.3960488,3536,0.007129282224923372
1648782270.4276597,3538,0.0022422114852815866
1648782270.554228,3546,0.0064363484270870686
1648782270.7736628,3560,0.007761570159345865
1648782271.0231771,3576,0.004085423890501261
1648782271.413096,3601,0.0066368854604661465
1648782271.6519914,3616,0.002076909178867936
1648782272.644523,3681,0.02479134313762188
1648782272.675192,3683,0.003006750252097845
1648782272.7806704,3690,0.009124292060732841
1648782272.8411193,3694,0.005549351219087839
1648782273.0722075,3709,0.019728122279047966
1648782273.1483636,3714,0.04620380699634552
1648782273.1953523,3717,0.003269547363743186
1648782273.6126087,3744,0.0004921444924548268
1648782275.107348,3753,0.004748239181935787
1648782275.2563462,3763,0.03126594051718712
1648782275.3628774,3770,0.013796419836580753
1648782275.6382763,3788,0.021068628877401352
1648782275.6835692,3791,0.01073794811964035
1648782275.957206,3809,0.000991559005342424
1648782276.2319252,3827,0.027421947568655014
1648782276.2478485,3828,0.002565914997830987
1648782276.5411136,3847,0.0026544409338384867
1648782276.9276383,3872,0.0056723435409367085
1648782276.9426749,3873,0.008663556538522243
1648782276.9582467,3874,0.002104976214468479
1648782277.0961115,3883,0.004821312613785267
1648782277.220276,3891,0.02715626172721386
1648782277.3718433,3901,0.0010638611856848001
1648782277.5417073,3912,0.05433930829167366
1648782277.6780467,3921,0.0035808768589049578
1648782277.9839082,3941,0.003502866020426154
1648782278.2751904,3960,0.004542253911495209
1648782278.336642,3964,0.0032640693243592978
1648782278.3830597,3967,0.007571538910269737
1648782278.5673637,3979,0.005875756498426199
1648782278.7311676,3989,0.002229302655905485
1648782279.1700685,4015,0.004915525671094656
1648782279.3699336,4027,0.0030025853775441647
1648782279.650278,4044,0.015453966334462166
1648782279.745343,4050,0.0010583475232124329
1648782279.760736,4051,0.0023006668779999018
1648782280.0417442,4069,0.0029176895041018724
1648782280.2767437,4084,0.0008147842017933726
1648782280.416793,4093,0.022590603679418564
1648782280.5878234,4104,0.010676920413970947
1648782280.632409,4107,0.003064361633732915
1648782280.86373,4122,0.02674817107617855
1648782281.1892834,4140,0.008818636648356915
1648782281.6975317,4170,0.02281005121767521
1648782284.016136,4223,0.002044114749878645
1648782284.470744,4250,0.0007000704063102603
1648782284.567988,4256,0.018395308405160904
1648782284.7479668,4267,0.057128507643938065
1648782284.8549514,4274,0.004831713158637285
1648782284.886503,4276,0.004923204425722361
1648782285.041636,4286,0.003964879550039768
1648782285.151099,4293,0.0019265972077846527
1648782285.234237,4298,0.012515977025032043
1648782285.3478305,4305,0.04143272712826729
1648782285.6384556,4323,0.0061188954859972
1648782285.7013059,4327,0.0009734223131090403
1648782285.7951808,4333,0.004249273799359798
1648782285.8108437,4334,0.006784191820770502
1648782286.190654,4358,0.020983433350920677
1648782286.4250896,4373,0.0008911132463254035
1648782287.2978158,4428,0.003673219121992588
1648782287.328555,4430,0.12777146697044373
1648782287.4044757,4435,0.03955253213644028
1648782287.6005907,4448,0.0018145987996831536
1648782287.6908731,4454,0.004089267924427986
1648782287.7512136,4458,0.017283271998167038
1648782287.88732,4467,0.021224018186330795
1648782288.1018708,4481,0.01882268115878105
1648782288.1776285,4486,0.002485159318894148
1648782288.2548842,4491,0.0011414829641580582
1648782288.331158,4496,0.009657229296863079
1648782288.4234557,4502,0.010114919394254684
1648782288.484914,4506,0.006911753676831722
1648782288.6251092,4515,0.0071853469125926495
1648782288.7020245,4520,0.017019785940647125
1648782288.7476778,4523,0.0016701011918485165
1648782288.7629187,4524,0.0010701862629503012
1648782288.8242762,4528,0.0077902693301439285
1648782288.886155,4532,0.008996805176138878
1648782289.1165311,4547,0.016600999981164932
1648782289.3314133,4561,0.04645479843020439
1648782289.5447493,4575,0.0042687710374593735
1648782290.4560256,4635,0.00352104683406651
1648782290.56272,4642,0.011972007341682911
1648782290.9548128,4667,0.011900348588824272
1648782291.1425412,4679,0.008676690980792046
1648782291.2173414,4684,0.01027815043926239
1648782292.9896185,4706,0.004466381389647722
1648782293.2332559,4721,0.006658076774328947
1648782294.1611276,4776,0.00020039765513502061
1648782294.2731419,4783,0.046901822090148926
1648782294.456629,4795,0.0014123407891020179
1648782294.5954585,4804,0.047459788620471954
1648782294.6408858,4807,0.008673545904457569
1648782294.672189,4809,0.0009734262712299824
1648782295.159363,4837,0.0008534431690350175
1648782295.191942,4839,0.06918509304523468
1648782295.379422,4851,0.012073109857738018
1648782295.513733,4859,0.0021412137430161238
1648782295.6807191,4869,0.0009645406389608979
1648782296.053405,4893,0.015871061012148857
1648782296.245606,4905,0.001610573846846819
1648782296.263447,4906,0.028123753145337105
1648782296.3278918,4910,0.0026472320314496756
1648782296.5967388,4926,0.0014673974364995956
1648782296.7263455,4934,0.0013568002032116055
1648782296.977799,4950,0.002166758757084608
1648782296.9934645,4951,0.001030015293508768
1648782297.2269318,4966,0.014963767491281033
1648782297.3991973,4977,0.007041747681796551
1648782298.1452062,5025,0.008241185918450356
1648782298.8667634,5068,0.05133354291319847
1648782299.4349465,5104,0.0021925028413534164
1648782299.512208,5109,0.0016537961782887578
1648782299.5601945,5112,0.030011704191565514
1648782299.8587182,5128,0.004753430839627981
1648782299.8915987,5130,0.01037266943603754
1648782300.195126,5149,0.001802040496841073
1648782302.467433,5192,0.0004952158196829259
1648782302.668309,5203,0.01965094543993473
1648782302.776525,5209,0.0027660715859383345
1648782302.9051216,5217,0.011353363282978535
1648782303.0561368,5226,0.0008874882478266954
1648782303.1710892,5233,0.005109848454594612
1648782303.5018144,5253,0.001054019434377551
1648782303.608511,5259,0.0015340783866122365
1648782303.7365317,5266,0.0008945161243900657
1648782303.7872493,5269,0.0007092234445735812
1648782303.8237827,5271,0.00135976099409163
1648782304.2090437,5295,0.000598586571868509
1648782304.2436345,5297,0.0014425187837332487
1648782304.5647137,5316,0.0012848373735323548
1648782304.669187,5322,0.0014987707836553454
1648782304.8056855,5330,0.000765646283980459
1648782304.8401933,5332,0.0004259377019479871
1648782305.4610002,5369,0.0005787399131804705
1648782305.5886712,5376,0.0012454896932467818
1648782305.6574476,5380,0.001938526169396937
1648782305.9224195,5397,0.004468442872166634
1648782305.9690127,5400,0.00482193985953927
1648782306.176718,5413,0.0006196684553287923
1648782306.4555955,5429,0.010901090689003468
1648782306.6295836,5440,0.007912412285804749
1648782306.8968115,5455,0.001087757176719606
1648782307.9525745,5513,0.001166844042018056
1648782308.1713152,5526,0.020687822252511978
1648782308.6739614,5556,0.0011148919584229589
1648782308.7453709,5560,0.003981879912316799
1648782308.7794178,5562,0.023053662851452827
1648782308.7966306,5563,0.0006389995105564594
1648782308.864344,5567,0.000204716416192241
1648782308.9120853,5570,0.000625267275609076
1648782308.9938471,5575,0.003226220840588212
1648782309.0095842,5576,0.001316266949288547
1648782309.0254576,5577,0.0013634531060233712
1648782309.2120028,5588,0.003965604119002819
1648782311.4914658,5633,0.0003166671085637063
1648782311.9229019,5659,0.0006876488332636654
1648782312.0917628,5669,0.005523907020688057
1648782312.3333566,5683,0.0025397457648068666
1648782312.397554,5687,0.0004960173391737044
1648782312.463194,5691,0.0008471379987895489
1648782312.737128,5708,0.00042752112494781613
1648782312.7651768,5710,0.0005395006737671793
1648782312.796681,5712,0.0018081708112731576
1648782313.0915546,5729,0.0009677100460976362
1648782313.150524,5733,0.007111367769539356
1648782313.3217273,5744,0.0003818610857706517
1648782313.352337,5746,0.0011778699699789286
1648782313.8781242,5776,0.0028675461653620005
1648782313.9281633,5779,0.002105789026245475
1648782313.9810612,5782,0.0002451367909088731
1648782313.9974365,5783,0.0003118230670224875
1648782314.1729877,5793,0.0006922976463101804
1648782314.1917784,5794,0.0023314058780670166
1648782314.298134,5800,0.01966335065662861
1648782315.2277246,5860,0.0007698179106228054
1648782315.5073183,5878,0.003659207606688142
1648782317.0378091,5972,0.0021892355289310217
1648782317.247782,5986,0.0017507693264633417
1648782317.3880064,5995,0.0006612990982830524
1648782317.4078157,5996,0.0003225599939469248
1648782317.5681202,6005,0.0035141706466674805
1648782317.9577217,6030,0.0012655869359150529
1648782317.976099,6031,0.0007185450522229075
1648782318.2415648,6047,0.0014155399985611439
1648782318.2720182,6049,0.0006206780089996755
1648782318.3645606,6055,0.000278295308817178
1648782318.641317,6072,0.014584526419639587
1648782318.710818,6076,0.000878257560543716
1648782318.7271707,6077,0.001086787786334753
1648782318.743407,6078,0.0007889886619523168
1648782318.7600532,6079,0.023239051923155785
1648782318.9956632,6094,0.0003334651992190629
1648782320.6816952,6110,0.0004978731740266085
1648782320.7726853,6116,0.0024584520142525434
1648782321.1728017,6142,0.00045068428153172135
1648782321.7254922,6176,0.004437923897057772
1648782321.8205867,6182,0.0007654079818166792
1648782322.0214148,6194,0.0003486972418613732
1648782322.6164844,6230,0.00041970351594500244
1648782322.6553452,6232,0.006113720592111349
1648782322.8967178,6246,6.626819231314585e-05
1648782323.0188265,6254,0.0007335786358453333
1648782323.0810804,6258,0.0011480142129585147
1648782323.110959,6260,0.0005216370918788016
1648782323.2352855,6268,0.0008131963550113142
1648782323.3330767,6274,0.008128209039568901
1648782323.348844,6275,0.0016017871676012874
1648782323.4479015,6281,0.0005367702106013894
1648782323.8005154,6303,0.00048158352728933096
1648782324.051771,6318,0.0002450760512147099
1648782324.4806395,6344,0.002296803519129753
1648782325.1982253,6390,0.0009724815026856959
1648782325.5008936,6409,0.000549650052562356
1648782325.5333233,6411,0.00044345774222165346
1648782325.5494096,6412,0.00046921876491978765
1648782325.7181282,6423,0.0004185601428616792
1648782325.85476,6431,0.0012533166445791721
1648782326.1432478,6447,0.026369381695985794
1648782326.2287526,6452,0.0010919260093942285
1648782326.3717968,6461,0.0005457548541016877
1648782327.2660556,6517,0.0009520368766970932
1648782327.3933423,6525,0.0003244685067329556
1648782327.6491635,6541,0.03581836074590683
1648782327.7597156,6548,0.0005103765288367867
1648782327.8060036,6551,0.012172163464128971
1648782327.9651153,6561,0.01616218127310276
1648782329.4649715,6566,0.002427417552098632
1648782329.6223743,6576,0.0002978428383357823
1648782329.7516687,6584,0.0006786730955354869
1648782330.1519098,6610,0.0007526970584876835
1648782330.1968844,6613,0.0004964892868883908
1648782330.675166,6641,0.003553931601345539
1648782330.8734171,6652,0.00024660382769070566
1648782331.0080397,6660,0.00033219027682207525
1648782331.0250812,6661,0.0009507383801974356
1648782331.2867653,6678,0.0008165225153788924
1648782331.349952,6682,0.00016568125283811241
1648782331.4236183,6687,0.0005019194213673472
1648782331.5950253,6698,0.0003434459213167429
1648782331.8739185,6716,0.0014641801826655865
1648782332.032142,6726,0.0008783203666098416
1648782332.184316,6736,0.0006967599038034678
1648782332.2924354,6743,0.0004481167416088283
1648782332.5885108,6760,0.00020326035155449063
1648782332.7486956,6769,0.0003427899500820786
1648782332.847609,6775,0.0001472341682529077
1648782332.910847,6779,0.0006089359521865845
1648782332.9266777,6780,0.0008867685683071613
1648782333.1891825,6796,0.0031131934374570847
1648782333.3264678,6804,0.0006890329532325268
1648782333.8013363,6833,0.0005115554668009281
1648782333.8627412,6837,0.0008688663365319371
1648782334.205676,6857,2.712133755267132e-05
1648782334.2361743,6859,0.0005558573175221682
1648782334.2541625,6860,0.005620794370770454
1648782334.4066658,6870,0.0004574813647195697
1648782334.5297272,6878,0.0004210056213196367
1648782334.808951,6896,0.0007218364044092596
1648782335.028637,6910,9.8942153272219e-05
1648782335.1213393,6916,0.00018161209300160408
1648782335.5649488,6945,0.01600358635187149
1648782335.7333627,6956,0.0023419964127242565
1648782336.3668404,6996,0.00039674798608757555
1648782336.4538045,7001,0.00023082773259375244
1648782336.784303,7020,0.0008688675006851554
1648782336.8009272,7021,0.005774969235062599
1648782338.783725,7058,0.0009310341556556523
1648782338.815915,7060,0.00019062150386162102
1648782339.020276,7073,0.0003460163134150207
1648782339.0981543,7078,0.001895525143481791
1648782339.1134362,7079,0.011933958157896996
1648782339.2520561,7088,0.0005194880650378764
1648782340.2211995,7149,0.0010729050263762474
1648782340.4850998,7166,0.0003993246064055711
1648782340.61434,7174,0.00031096176826395094
1648782340.7788186,7183,0.000149984160088934
1648782341.035549,7198,0.00029768410604447126
1648782341.277745,7211,0.00018298879149369895
1648782341.4837255,7224,0.0003520770405884832
1648782341.641051,7234,0.0001652782375458628
1648782341.7026868,7238,0.0007872366113588214
1648782341.780153,7243,0.0009565078071318567
1648782341.9198663,7252,0.0017036187928169966
1648782341.9673755,7255,7.315659604500979e-05
1648782341.9824226,7256,5.4144660680321977e-05
1648782342.0432267,7260,0.0002815311891026795
1648782342.204108,7270,0.00021304322581272572
1648782342.6117296,7296,0.0011346532264724374
1648782342.7087228,7302,0.00043085424113087356
1648782342.7955482,7307,0.0008348399423994124
1648782343.0524037,7322,0.0010337420972064137
1648782343.9580405,7377,0.00736495153978467
1648782343.9894311,7379,0.00010090206342283636
1648782344.240352,7395,0.00016151563613675535
1648782344.2553782,7396,0.00046384180313907564
1648782344.7827513,7430,0.0013458793982863426
1648782345.154948,7451,0.00018814689246937633
1648782345.2031205,7454,0.00017731507250573486
1648782345.462673,7470,9.716549539007246e-05
1648782345.5089664,7473,0.0002462012053001672
1648782345.5404818,7475,0.00048223271733149886
1648782345.6708066,7483,0.00023933619377203286
1648782345.9090538,7498,0.0002697919262573123
1648782347.8548183,7530,0.00033482146682217717
1648782348.117406,7545,0.000354402931407094
1648782348.2123957,7551,0.0009618983021937311
1648782348.28928,7556,0.003759246552363038
1648782348.3050864,7557,0.0002444748824927956
1648782348.5173974,7570,3.42966741300188e-05
1648782348.6346788,7577,0.0006001417641527951
1648782348.66851,7579,0.0002630962699186057
1648782348.983237,7599,0.00021070965158287436
1648782349.336756,7621,0.0002377340424573049
1648782349.464415,7629,0.001050427439622581
1648782350.3253376,7683,8.642703323857859e-05
1648782350.7541919,7710,0.0004860778572037816
1648782350.9596963,7723,9.242229862138629e-05
1648782351.199438,7738,0.0007287650369107723
1648782351.2155325,7739,0.0015111572574824095
1648782351.2486672,7741,0.004296696744859219
1648782351.2799015,7743,0.00048615862033329904
1648782351.6564178,7767,9.246264380635694e-05
1648782351.7960894,7776,0.0002193003601860255
1648782351.826217,7778,2.9590262784040533e-05
1648782351.9797652,7788,0.0001651665079407394
1648782352.012292,7790,0.0002007496077567339
1648782352.1397142,7798,0.00030508782947435975
1648782352.9718533,7848,0.0004461818316485733
1648782353.188565,7861,0.0001841078483266756
1648782353.2041633,7862,0.00028111954452469945
1648782353.319287,7869,0.00015653434093110263
1648782353.6091108,7885,0.00026431839796714485
1648782353.6969476,7890,9.170486009679735e-05
1648782354.6845465,7947,0.0003821391728706658
1648782354.7658505,7952,0.0006820313283242285
1648782354.8883355,7960,0.00045132183004170656
1648782355.0580385,7970,0.0002078801189782098
1648782356.553424,7974,0.0008295004954561591
1648782356.7753005,7988,0.0002062322455458343
1648782357.077337,8007,0.0001399718166794628
1648782357.0933053,8008,0.00018314612680114806
1648782358.3290613,8086,4.446242382982746e-05
1648782358.5012374,8097,0.00047417476889677346
1648782358.7020543,8110,0.0010059665655717254
1648782358.7935016,8116,0.0004390992398839444
1648782359.2464767,8144,0.00018361375259701163
1648782359.6107054,8164,0.00021802705305162817
1648782359.6463141,8166,0.00013901195779908448
1648782360.141064,8196,0.0008504904108121991
1648782360.1882448,8199,0.0002926844172179699
1648782360.6325767,8226,0.00012256680929567665
1648782360.9237807,8244,0.00010774518887046725
1648782361.3407812,8270,0.00017739635950420052
1648782361.4033685,8274,0.00024615932488813996
1648782362.0738428,8316,0.00030648219399154186
1648782362.3085623,8331,0.00017274652782361954
1648782362.4495518,8340,0.00021089366055093706
1648782362.4812376,8342,0.0004488569393288344
1648782362.5112715,8344,0.0003228654677513987
1648782362.8355064,8365,9.795301593840122e-05
1648782363.5677536,8411,0.00045053588110022247
1648782363.6275744,8415,0.00019967179105151445
1648782363.6892002,8419,0.0002203168551204726
1648782363.839129,8428,0.0006481248419731855
1648782363.890035,8431,0.00023571078781969845
1648782363.905019,8432,0.0002096679381793365
1648782363.967779,8436,6.453166133724153e-05
1648782366.03074,8473,0.0003306371218059212
1648782366.2878237,8488,0.00043360423296689987
1648782366.7125285,8514,0.0003749195602722466
1648782366.7277777,8515,3.5997392842546105e-05
1648782366.9790072,8530,0.00017597386613488197
1648782367.3074315,8550,1.7760388800525106e-05
1648782367.500175,8562,0.0003710901364684105
1648782367.623671,8570,0.0002016481594182551
1648782367.6854396,8574,0.0001610260660527274
1648782368.3782866,8618,0.0001834690774558112
1648782368.8125746,8646,0.00042623537592589855
1648782369.1728702,8669,0.0005701789050363004
1648782369.4821596,8689,7.634952635271475e-05
1648782369.6696143,8701,0.0004681899445131421
1648782369.8367102,8712,0.0008609851356595755
1648782369.9079146,8716,0.00040098262252286077
1648782370.2931354,8739,0.0005739864427596331
1648782370.4678013,8750,0.00012026556942146271
1648782370.5767083,8757,0.00019254451035521924
1648782370.6870928,8764,0.00011205799819435924
1648782370.9828894,8783,0.000548037001863122
1648782371.0486321,8787,0.006159668788313866
1648782371.403096,8810,0.0001254354283446446
1648782371.5404506,8819,0.0002676214789971709
1648782371.831481,8838,0.00021562058827839792
1648782371.8610559,8840,0.0003070220409426838
1648782372.2474787,8864,2.06814547709655e-05
1648782372.315258,8868,0.00034912070259451866
1648782372.5769289,8883,0.00043676962377503514
1648782375.1809876,8958,0.00036769566941075027
1648782375.275538,8964,0.0001418699393980205
1648782375.5095425,8979,0.0006607933901250362
1648782375.6947768,8991,0.00018549556261859834
1648782375.7747214,8996,0.000550073164049536
1648782375.9437716,9007,4.277914194972254e-05
1648782376.328997,9030,0.0002877691003959626
1648782376.395566,9034,0.00021519456640817225
1648782376.9304397,9066,0.0009491943055763841
1648782377.91772,9130,6.689484143862501e-05
1648782377.9805984,9134,0.00017308653332293034
1648782378.1677928,9146,0.00015369988977909088
1648782378.7761254,9184,0.00034176709596067667
1648782378.8989599,9192,0.00021313753677532077
1648782379.1462502,9208,0.00037403858732432127
1648782379.2546973,9215,0.000257107283687219
1648782379.4276931,9226,0.0002064061991404742
1648782379.4731681,9229,0.00046055929851718247
1648782379.505446,9231,4.648409230867401e-05
1648782379.7417681,9246,0.0003128836106043309
1648782379.9784305,9261,8.877128857420757e-05
1648782380.1032093,9269,8.540332783013582e-05
1648782380.118264,9270,0.0005020985845476389
1648782380.1811757,9274,9.076732385437936e-05
1648782380.1961966,9275,0.00024181677144952118
1648782380.443837,9291,0.00019513694860506803
1648782381.0360122,9329,5.56882077944465e-05
1648782381.4965873,9358,0.00016156672791112214
1648782381.6372616,9367,0.00013519389904104173
1648782381.6859674,9370,0.0001312893582507968
1648782383.4549854,9394,6.777342059649527e-05
1648782384.1500182,9439,0.00012600082845892757
1648782384.478565,9460,0.00031502998899668455
1648782385.0375822,9496,5.063141725258902e-05
1648782385.1294074,9502,0.00023526953009422868
1648782385.2888117,9512,0.00024782621767371893
1648782385.3201156,9514,0.00013602255785372108
1648782385.9088674,9551,0.00019407494983170182
1648782386.1204019,9564,5.220061575528234e-05
1648782386.4677844,9585,0.00031718151876702905
1648782386.6890872,9599,0.000146017104270868
1648782386.7513833,9603,0.0005957554094493389
1648782387.09184,9625,0.0012170984409749508
1648782387.7090359,9660,0.00044040431384928524
1648782388.7190027,9723,0.00012925548071507365
1648782388.9370017,9737,0.0002455914218444377
1648782389.5466714,9775,9.961854811990634e-05
1648782389.8062356,9789,0.00010803491022670642
1648782390.2142582,9812,0.00022559991339221597
1648782390.6141136,9837,0.0002603706670925021
1648782392.4043179,9855,9.392050560563803e-05
1648782392.4202068,9856,0.00029932233155705035
1648782392.8129838,9879,0.00028079363983124495
1648782392.8304715,9880,0.00013336104166228324
1648782393.1525602,9899,2.7222669814364053e-05
1648782393.5416343,9923,0.00040334637742489576
1648782393.5808692,9925,0.0001829516695579514
1648782394.2356708,9966,0.00021415870287455618
1648782394.3456135,9972,0.00017813540762290359
1648782394.3633869,9973,0.0002124375751009211
1648782394.602845,9987,0.0003622118674684316
1648782394.8075695,10000,0.00027686276007443666
1648782395.0111327,10013,0.000682985526509583
1648782395.0605412,10016,0.0002429194573778659
1648782395.1977887,10025,0.00019726490427274257
1648782395.2432897,10028,3.2056304917205125e-05
1648782396.0220008,10078,0.00026245316257700324
1648782396.5284216,10111,0.00011011728929588571
1648782396.5902088,10115,0.0012578251771628857
1648782396.622459,10117,0.00010499932977836579
1648782396.7745972,10127,9.836034587351605e-05
1648782397.0047417,10142,0.00011249288218095899
1648782397.3279698,10163,8.712954149814323e-05
1648782398.0446527,10210,0.00048222363693639636
1648782398.3693056,10231,0.0002099183911923319
1648782398.6495337,10249,0.0011370615102350712
1648782398.7435179,10255,0.00025844143237918615
1648782398.7885022,10258,0.0005373080493882298
1648782399.5937848,10310,3.5331002436578274e-05
1648782399.6973255,10317,0.000175593959284015
1648782401.309074,10331,9.980009781429544e-05
1648782401.4385946,10339,0.0001769600494299084
1648782401.5168617,10344,0.00030548046925105155
1648782401.5638463,10347,0.00033408618764951825
1648782401.7817335,10361,0.00013599221711046994
1648782401.8256822,10364,0.00012598009197972715
1648782401.8401458,10365,0.0004744685720652342
1648782402.1022096,10382,0.00022616112255491316
1648782402.2168984,10389,0.0002927604946307838
1648782402.3077652,10394,8.360388164874166e-05
1648782402.4780626,10405,0.00021151867986191064
1648782402.4931548,10406,0.0003297911898698658
1648782402.636314,10415,0.00018225763051304966
1648782402.837731,10428,0.00014085446309763938
1648782403.2002754,10451,0.00021442788420245051
1648782403.4018502,10464,0.00040632535819895566
1648782403.589144,10476,0.00014904160343576223
1648782403.6394067,10479,0.0003902953758370131
1648782404.038804,10505,0.0001191021510749124
1648782404.1173143,10510,0.0001931090373545885
1648782404.5405471,10537,0.0002699109027162194
1648782404.5563865,10538,0.00016451325791422278
1648782404.5890794,10540,0.00011856316996272653
1648782405.023653,10568,2.9120939871063456e-05
1648782405.101576,10573,0.0002678796590771526
1648782405.2251256,10581,0.00016630033496767282
1648782405.2578697,10583,0.00027320641675032675
1648782405.288591,10585,0.00010460794146638364
1648782405.3505964,10589,3.947436925955117e-05
1648782405.3818917,10591,0.0002020025858655572
1648782405.4644003,10596,3.850139182759449e-05
1648782405.810223,10617,0.006881380919367075
1648782406.0608926,10632,8.23216323624365e-05
1648782406.6078541,10668,0.0002764746604952961
1648782407.0502374,10697,0.00011200813605682924
1648782407.065617,10698,5.255674113868736e-05
1648782407.1295786,10702,0.00017515552463009953
1648782407.3512697,10716,8.85039335116744e-05
1648782407.789895,10744,0.00012829768820665777
1648782407.8047,10745,0.00043662177631631494
1648782407.9634697,10755,0.002515729982405901
1648782408.1681662,10767,0.00010517207556404173
1648782410.0729132,10795,0.0001064873649738729
1648782410.5367825,10825,0.00013877687160857022
1648782410.614697,10830,0.0002373744355281815
1648782410.8593607,10845,0.0005395760526880622
1648782410.9572003,10851,0.00019710454216692597
1648782411.057968,10857,0.00026737365988083184
1648782411.1855803,10865,0.00017661805031821132
1648782411.3398206,10875,0.00019360764417797327
1648782411.710889,10898,0.00019407046784181148
1648782411.9243338,10912,0.00022194818302523345
1648782411.969057,10915,0.00028635989292524755
1648782412.1199915,10924,4.790523962583393e-05
1648782412.325216,10937,4.005733717349358e-05
1648782412.6171656,10955,2.865242277039215e-05
1648782412.634197,10956,0.0004484399687498808
1648782412.8771582,10971,0.00014855719928164035
1648782412.9931192,10978,2.0247467546141706e-05
1648782414.0591586,11044,0.0003784175496548414
1648782414.3047526,11060,0.00022156769409775734
1648782414.3825912,11065,1.9807173885055818e-05
1648782414.5363119,11073,3.21923871524632e-05
1648782414.82488,11089,2.5052957425941713e-05
1648782414.9949303,11100,0.0002603433094918728
1648782415.040497,11103,0.0002068320318358019
1648782415.0886178,11106,0.0001845489750849083
1648782415.2124639,11114,8.821839583106339e-05
1648782415.8455248,11155,7.458058826159686e-05
1648782416.1528735,11175,0.0003967871889472008
1648782416.3378296,11187,3.8714726542821154e-05
1648782416.401023,11191,8.847029675962403e-05
1648782416.4774058,11196,0.00023911795869935304
1648782416.5711873,11202,0.00014451918832492083
1648782416.9312556,11225,0.00010723984451033175
1648782417.0083654,11230,0.0002494087384548038
1648782417.3736022,11253,0.0002543065929785371
1648782418.8630753,11260,0.00013589674199465662
1648782419.0845923,11274,0.0003847489133477211
1648782419.0999112,11275,0.00012749196321237832
1648782419.3329864,11289,0.00026645560865290463
1648782419.8051417,11316,0.0001966195850400254
1648782419.8735738,11320,1.989628617593553e-05
1648782419.9554625,11325,0.0002787299163173884
1648782420.0652528,11332,0.0007227194728329778
1648782420.1587265,11338,5.69382646062877e-05
1648782420.4131136,11354,0.00011002279643435031
1648782420.710211,11373,4.999761949875392e-05
1648782421.149085,11401,7.115135667845607e-05
1648782421.2447321,11407,0.00011450913734734058
1648782421.4510682,11420,7.319312135223299e-05
1648782421.5281167,11425,0.000246363109908998
1648782421.7662683,11440,0.00023288733791559935
1648782422.0289776,11457,5.643114127451554e-05
1648782422.1524215,11465,9.541047620587051e-05
1648782422.2319906,11470,6.388113251887262e-05
1648782422.277735,11473,0.0002508128236513585
1648782422.4953606,11486,0.00024451976059935987
1648782423.0850718,11521,0.00015949763474054635
1648782423.0999649,11522,0.00011027864820789546
1648782423.1179821,11523,6.790379848098382e-05
1648782423.1867957,11527,7.342628668993711e-05
1648782423.3517485,11536,0.00019842818437609822
1648782423.3902884,11538,0.0002501263516023755
1648782423.4234486,11540,0.0001538998621981591
1648782423.4402084,11541,0.0001476803154218942
1648782424.1652334,11586,0.00021857893443666399
1648782424.8729575,11632,3.780297629418783e-05
1648782424.8890893,11633,3.662678136606701e-05
1648782425.563334,11673,0.00019078032346442342
1648782425.5944097,11675,9.796379890758544e-05
1648782425.9834116,11700,9.920691081788391e-05
1648782426.0474174,11704,0.0038499501533806324
1648782426.1719253,11712,0.00010957790800603107
1648782427.9030101,11730,0.00022664280550088733
1648782428.140264,11744,8.922885172069073e-05
1648782428.2123125,11748,0.00016992002201732248
1648782428.375695,11757,0.00020472824689932168
1648782428.4815154,11763,7.718995038885623e-05
1648782428.630614,11770,0.00014035313506610692
1648782428.821858,11781,2.81424345303094e-05
1648782428.9316947,11787,0.000103428254078608
1648782429.0882113,11797,0.00018184952205047011
1648782429.9514134,11851,0.00020155965466983616
1648782430.1189327,11861,0.00016165149281732738
1648782430.227228,11868,0.00024820692487992346
1648782430.3186197,11874,0.00017124420264735818
1648782430.40995,11880,0.0001500916841905564
1648782430.4914722,11885,2.960272104246542e-05
1648782430.6909125,11897,0.0001335203996859491
1648782430.7375147,11900,0.00015950070519465953
1648782431.502867,11947,8.659344894113019e-05
1648782431.5174646,11948,0.00014934166392777115
1648782431.5465498,11950,6.947759538888931e-05
1648782431.7319162,11962,0.00021970529633108526
1648782431.8993695,11973,0.00013256751117296517
1648782432.3340938,12001,0.0002504702133592218
1648782432.5877512,12017,4.357429133960977e-05
1648782432.7586217,12028,5.8605412050383165e-05
1648782433.2795231,12061,3.539741737768054e-05
1648782433.7900198,12094,5.467838127515279e-05
1648782434.6454039,12149,6.216228939592838e-05
1648782434.724884,12154,0.00016116425103973597
1648782435.2154584,12185,0.0001326622732449323
1648782435.2615557,12188,0.0004887247923761606
1648782437.0306132,12207,3.9993134123506024e-05
1648782437.0904603,12211,0.00010116318298969418
1648782437.6486452,12247,6.187766121001914e-05
1648782438.4535248,12297,0.00019193170010112226
1648782438.5339785,12302,2.7648284230963327e-05
1648782438.731478,12315,0.0002511866041459143
1648782439.5955384,12368,0.00011409618309698999
1648782439.7558978,12378,8.07634205557406e-05
1648782439.7712834,12379,0.00016339276044163853
1648782439.81863,12382,0.0005842979298904538
1648782439.939226,12389,0.0001390315155731514
1648782440.008216,12393,0.00011099968833150342
1648782440.0614552,12396,4.0624327084515244e-05
1648782440.1472712,12401,0.00019649536989163607
1648782440.3555639,12413,0.0001427324314136058
1648782440.457551,12419,8.695709402672946e-05
1648782440.9468775,12448,2.964081613754388e-05
1648782440.961348,12449,0.00010514002497075126
1648782441.198004,12463,7.111320155672729e-05
1648782441.29518,12469,0.0003774825017899275
1648782441.978058,12509,2.467007107043173e-05
1648782442.0792584,12515,0.00010265490709571168
1648782442.158843,12520,3.789103720919229e-05
1648782442.2357223,12525,0.0001414261932950467
1648782442.5045154,12542,0.0004440899647306651
1648782443.5828407,12609,0.00019223264825996011
1648782444.2494326,12652,0.00010113989264937118
1648782444.265085,12653,0.00013665741425938904
1648782446.0373821,12671,0.00014024706615600735
1648782446.1233656,12676,9.451700316276401e-05
1648782446.2963562,12686,0.00010788809595396742
1648782446.3250647,12688,3.212144656572491e-05
1648782446.900799,12725,2.195647539338097e-05
1648782446.9487102,12728,0.00011062317207688466
1648782447.013433,12732,0.00011691321560647339
1648782447.2013266,12743,0.0002127953921444714
1648782447.232116,12745,0.00011162584996782243
1648782447.3234527,12751,2.0884875993942842e-05
1648782447.545349,12765,0.00014815450413152575
1648782447.5621333,12766,4.590935350279324e-05
1648782448.0091405,12792,0.00010432353883516043
1648782448.4450228,12817,5.743969086324796e-05
1648782448.9487498,12847,5.912748383707367e-05
1648782449.0635657,12854,7.903415826149285e-05
1648782449.618371,12886,5.111040445626713e-05
1648782449.6483886,12888,6.437092088162899e-05
1648782449.8777966,12903,7.868683314882219e-05
1648782449.9723644,12909,5.562702426686883e-05
1648782450.0334136,12913,0.00010768336505861953
1648782450.2183857,12925,0.00014406087575480342
1648782450.4802213,12942,0.00011132367217214778
1648782450.7129712,12957,0.00048517074901610613
1648782450.7889278,12962,0.00015596968296449631
1648782450.8813214,12968,5.862405669176951e-05
1648782450.8966644,12969,0.0001241412537638098
1648782451.097697,12982,4.935250399284996e-05
1648782451.3570557,12999,0.00017318058235105127
1648782451.4005651,13002,0.00013051173300482333
1648782451.4906604,13008,0.00012624450027942657
1648782451.5196774,13010,9.129223326453939e-05
1648782451.8326232,13031,0.00015374041686300188
1648782451.9691515,13040,7.435251609422266e-05
1648782452.404139,13069,0.00020269390370231122
1648782453.155321,13119,7.487631955882534e-05
1648782454.8275144,13135,7.556118362117559e-05
1648782454.9966462,13146,1.5320587408496067e-05
1648782455.1203158,13154,7.036822353256866e-05
1648782455.1799028,13158,0.00017401248624082655
1648782455.368348,13170,0.00014308273966889828
1648782455.6673326,13188,2.97354727081256e-05
1648782455.8322237,13199,0.00011939326941501349
1648782456.0765576,13214,0.00015831769269425422
1648782456.3042686,13227,0.00011217680003028363
1648782456.491882,13238,2.9485687264241278e-05
1648782456.7329867,13252,6.082333857193589e-05
1648782456.8385606,13258,0.0004973973846063018
1648782457.080821,13272,0.00011639954755082726
1648782457.1689274,13277,5.672626139130443e-05
1648782458.2476356,13341,0.00032941880635917187
1648782458.665903,13367,5.6165092246374115e-05
1648782458.8377628,13378,2.519032386771869e-05
1648782458.959379,13386,9.772674093255773e-05
1648782459.110527,13396,0.00043681132956407964
1648782459.3880649,13414,0.00011987125617451966
1648782459.4491072,13418,4.964564141118899e-05
1648782460.0374327,13456,4.651684139389545e-05
1648782460.099688,13460,0.00016334321117028594
1648782460.2086165,13467,0.0002330595307284966
1648782460.504642,13486,0.0001672820362728089
1648782460.7680333,13503,9.923672769218683e-05
1648782460.874993,13510,0.0001292420201934874
1648782460.9666796,13516,9.381995914736763e-05
1648782461.0866876,13524,0.00012678978964686394
1648782461.3286672,13540,8.240446913987398e-05
1648782461.4634483,13549,0.00013525225222110748
1648782461.7700193,13569,0.0004160186799708754
1648782461.9079123,13578,7.258501864271238e-05
1648782463.7942958,13608,9.34953786781989e-05
1648782464.2148507,13633,3.740801912499592e-05
1648782464.6841388,13663,3.978226595791057e-05
1648782464.7140567,13665,0.0003454612451605499
1648782464.959553,13681,0.00032502785325050354
1648782465.100848,13690,0.0002164572215406224
1648782465.1157463,13691,0.00036107003688812256
1648782465.4482653,13711,7.098844071151689e-05
1648782465.6644702,13724,7.695776002947241e-05
1648782466.263759,13762,0.0001459960185457021
1648782466.309106,13765,0.00022845366038382053
1648782466.3725927,13769,7.377075962722301e-05
1648782466.590299,13783,0.0003546744119375944
1648782466.7627926,13794,0.0003439061401877552
1648782466.872924,13801,9.320476237917319e-05
1648782466.960289,13807,0.00016442136256955564
1648782467.143186,13819,8.78308346727863e-05
1648782467.2049208,13823,7.927529804874212e-05
1648782467.2488852,13826,0.0004430581466294825
1648782467.3844612,13835,0.0002276287996210158
1648782467.461268,13840,8.235275890910998e-05
1648782467.815064,13863,0.00011113609070889652
1648782468.6048589,13914,0.00016885319200810045
1648782468.6978486,13920,0.0001510008587501943
1648782468.743434,13923,9.61904224823229e-05
1648782468.7882943,13926,7.520090002799407e-05
1648782468.880957,13932,7.468249532394111e-05
1648782468.9592063,13937,0.00019636881188489497
1648782469.4029176,13966,0.00010109192953677848
1648782469.4806578,13971,0.00011652243119897321
1648782469.6998408,13985,3.296932118246332e-05
1648782469.7783785,13990,0.00011383173841750249
1648782469.8396657,13994,3.3304841053904966e-05
1648782470.244984,14020,5.793528907815926e-05
1648782470.5903583,14042,0.0001336608693236485
1648782470.6208847,14044,0.00019299484847579151
1648782470.9342124,14064,7.826022192602977e-05
