Wall time,Step,Value
1648768627.7549,2,0.00633007800206542
1648768627.8184552,6,0.006357485894113779
1648768627.9289098,13,0.0064057353883981705
1648768627.9456,14,0.006412657909095287
1648768628.0696774,21,0.006461326032876968
1648768628.3213038,36,0.0065668621100485325
1648768628.5282903,49,0.006659720093011856
1648768628.728982,61,0.006746599916368723
1648768628.9898527,77,0.006864205468446016
1648768629.0378494,80,0.006886483635753393
1648768629.1690822,88,0.006946246605366468
1648768629.2692242,94,0.0069914087653160095
1648768629.2865005,95,0.006998964119702578
1648768629.3217108,97,0.007014099974185228
1648768629.3905032,101,0.007044469006359577
1648768629.4255064,103,0.00705970311537385
1648768629.495039,107,0.0070902700535953045
1648768629.5759327,112,0.007128664758056402
1648768629.606684,114,0.007144080474972725
1648768629.6383846,116,0.007159530185163021
1648768629.7866695,125,0.0072294664569199085
1648768629.8214595,126,0.007237279321998358
1648768629.8556092,128,0.007252930197864771
1648768629.9307911,132,0.0072843339294195175
1648768629.9857798,135,0.0073079755529761314
1648768630.0358193,138,0.007331694010645151
1648768630.1363876,144,0.0073793623596429825
1648768630.245911,151,0.007435366977006197
1648768630.278109,153,0.007451446261256933
1648768630.2957394,154,0.007459498941898346
1648768630.3141348,155,0.0074675604701042175
1648768630.609432,172,0.0076059442944824696
1648768630.671251,176,0.00763887632638216
1648768630.688444,177,0.007647131569683552
1648768630.7208965,179,0.0076636685989797115
1648768630.7511787,181,0.007680241949856281
1648768630.8419628,186,0.00772183109074831
1648768630.9337118,191,0.007763646077364683
1648768631.0968893,200,0.007839484140276909
1648768631.1688783,204,0.007873427122831345
1648768631.3273852,213,0.007950336672365665
1648768631.38073,216,0.007976140826940536
1648768631.4886048,222,0.008027998730540276
1648768631.6228392,229,0.00808892585337162
1648768631.6824787,232,0.008115178905427456
1648768631.7189863,234,0.00813272874802351
1648768631.9121733,246,0.008238825015723705
1648768631.9579246,249,0.00826556421816349
1648768632.1429427,260,0.008364354260265827
1648768632.2792108,268,0.008436942473053932
1648768632.4420433,278,0.008528564125299454
1648768632.5036008,282,0.008565491065382957
1648768632.6267092,290,0.008639824576675892
1648768632.6422765,291,0.008649161085486412
1648768632.658239,292,0.008658508770167828
1648768632.722134,296,0.008695997297763824
1648768632.817931,302,0.008752536028623581
1648768632.8332906,303,0.008761994540691376
1648768632.848627,304,0.008771463297307491
1648768632.8640625,305,0.008780943229794502
1648768632.8969414,307,0.008799931965768337
1648768632.942903,310,0.00882849283516407
1648768633.0674314,318,0.008905109018087387
1648768633.1309385,322,0.008943665772676468
1648768633.1766443,325,0.008972693234682083
1648768633.3485322,336,0.009079935029149055
1648768633.442108,342,0.009138969704508781
1648768633.4573479,343,0.009148845449090004
1648768633.4729323,344,0.009158732369542122
1648768633.5514429,349,0.00920832809060812
1648768633.7390482,361,0.009328456595540047
1648768633.8325863,367,0.00938910711556673
1648768633.881003,370,0.009419579990208149
1648768633.9112964,372,0.009439949877560139
1648768633.9267628,373,0.009450151585042477
1648768634.412873,404,0.009771930053830147
1648768634.4424236,406,0.009793061763048172
1648768634.4729044,408,0.009814240038394928
1648768634.5346239,412,0.009856733493506908
1648768634.5647862,414,0.009878048673272133
1648768634.6110952,417,0.009910108521580696
1648768634.6599798,420,0.009942272678017616
1648768634.7387512,425,0.009996111504733562
1648768634.754194,426,0.010006913915276527
1648768634.81568,430,0.010050241835415363
1648768634.9087794,436,0.010115585289895535
1648768635.098322,448,0.010247549042105675
1648768635.2209175,456,0.010336479172110558
1648768635.2829251,460,0.010381233878433704
1648768635.2985587,461,0.010392452590167522
1648768635.3593767,465,0.01043744944036007
1648768637.1204588,474,0.010539405979216099
1648768637.269967,483,0.010642358101904392
1648768637.301488,485,0.01066537294536829
1648768637.3333974,487,0.010688437148928642
1648768637.4457836,494,0.010769556276500225
1648768637.4800708,496,0.010792845860123634
1648768637.513008,498,0.010816185735166073
1648768637.544058,500,0.01083957590162754
1648768637.5760922,502,0.010863017290830612
1648768637.7046547,510,0.01095728948712349
1648768637.7669098,514,0.011004731990396976
1648768637.783446,515,0.011016624048352242
1648768637.8004842,516,0.011028530076146126
1648768637.8661091,520,0.01107628084719181
1648768637.8820493,521,0.011088250204920769
1648768637.8978155,522,0.011100233532488346
1648768637.94738,525,0.011136259883642197
1648768637.979166,527,0.011160342954099178
1648768638.044517,531,0.011208664625883102
1648768638.1064663,535,0.01125719491392374
1648768638.1376405,537,0.011281538754701614
1648768638.2823038,546,0.01139174122363329
1648768638.830577,578,0.011792360804975033
1648768638.8918855,582,0.011843418702483177
1648768638.9086146,583,0.011856217868626118
1648768638.9249456,584,0.011869030073285103
1648768639.0047963,589,0.011933302506804466
1648768639.0365465,591,0.011959109455347061
1648768639.1499,598,0.012049871496856213
1648768639.3843145,613,0.012246687896549702
1648768639.4299426,616,0.012286434881389141
1648768639.5068257,621,0.012352967634797096
1648768639.6795948,632,0.012500610202550888
1648768639.757595,637,0.01256830245256424
1648768639.8345463,642,0.01263636164367199
1648768639.8801246,645,0.012677373364567757
1648768640.1565053,662,0.01291230320930481
1648768640.1731584,663,0.012926257215440273
1648768640.2046382,665,0.012954210862517357
1648768640.235968,667,0.012982224114239216
1648768640.2517664,668,0.012996254488825798
1648768640.2693353,669,0.013010298833251
1648768640.285455,670,0.01302435901015997
1648768640.420493,678,0.013137388043105602
1648768640.4904363,682,0.013194269500672817
1648768640.6383052,691,0.013323155231773853
1648768640.7020545,695,0.013380841352045536
1648768640.7172358,696,0.01339530199766159
1648768640.7657712,699,0.013438777066767216
1648768640.7813783,700,0.013453301042318344
1648768640.937962,710,0.013599397614598274
1648768641.0815778,719,0.013732241466641426
1648768641.1275156,722,0.01377680990844965
1648768641.1582582,724,0.013806602917611599
1648768641.205637,727,0.013851413503289223
1648768641.3014333,733,0.01394147053360939
1648768641.3166778,734,0.013956536538898945
1648768641.365588,737,0.014001833274960518
1648768641.3812325,738,0.01401696540415287
1648768641.5044897,745,0.014123344793915749
1648768641.5219555,746,0.014138608239591122
1648768641.5528157,748,0.014169183559715748
1648768641.5682654,749,0.014184495434165001
1648768641.6145942,752,0.014230532571673393
1648768641.6639657,755,0.014276718720793724
1648768641.788773,763,0.014400615356862545
1648768641.88165,769,0.014494244009256363
1648768641.8968883,770,0.014509906992316246
1648768641.9426935,773,0.014557000249624252
1648768641.9904833,776,0.014604246243834496
1648768642.1169631,784,0.014730985276401043
1648768642.3544261,799,0.014971594326198101
1648768642.4513874,805,0.015068934299051762
1648768642.466923,806,0.015085219405591488
1648768642.563807,812,0.015183297917246819
1648768642.658435,818,0.01528201438486576
1648768642.7061522,821,0.015331613831222057
1648768642.738341,823,0.015364768914878368
1648768642.7549787,824,0.015381373465061188
1648768642.8638878,831,0.015498108230531216
1648768642.9589708,837,0.015598871745169163
1648768643.021188,841,0.015666410326957703
1648768643.0832038,845,0.015734242275357246
1648768643.1457632,849,0.01580236852169037
1648768643.270579,857,0.015939505770802498
1648768643.28894,858,0.015956731513142586
1648768643.3844497,864,0.01606047712266445
1648768643.448795,868,0.01613001339137554
1648768643.5883763,877,0.016287578269839287
1648768643.6358614,880,0.01634044013917446
1648768643.7460275,887,0.01646445319056511
1648768643.776451,889,0.016500059515237808
1648768643.8541899,894,0.016589408740401268
1648768643.9003716,897,0.016643250361084938
1648768643.9166658,898,0.016661236062645912
1648768643.9498808,900,0.016697267070412636
1648768644.1445916,912,0.0169150922447443
1648768644.1590757,913,0.016933372244238853
1648768644.1910064,915,0.016969991847872734
1648768644.2066083,916,0.016988331452012062
1648768644.2527683,919,0.017043467611074448
1648768644.2685273,920,0.017061887308955193
1648768644.4562185,932,0.017284469678997993
1648768644.4862525,934,0.01732184737920761
1648768646.1076665,940,0.017434468492865562
1648768646.3590531,956,0.017738383263349533
1648768646.4080522,959,0.017795953899621964
1648768646.5027869,965,0.017911657691001892
1648768646.5959706,971,0.01802811399102211
1648768646.6134992,972,0.018047595396637917
1648768646.628769,973,0.018067099153995514
1648768646.7215846,979,0.018184565007686615
1648768646.8307445,986,0.018322575837373734
1648768646.846648,987,0.01834237575531006
1648768647.0512831,1000,0.01860174536705017
1648768647.0969772,1003,0.018662117421627045
1648768647.143959,1006,0.018722686916589737
1648768647.2074287,1010,0.018803751096129417
1648768647.2231908,1011,0.018824072554707527
1648768647.3021605,1016,0.01892600767314434
1648768647.3831787,1021,0.019028494134545326
1648768647.493641,1028,0.0191729087382555
1648768647.633947,1037,0.019360195845365524
1648768647.7281928,1043,0.019486069679260254
1648768647.7435439,1044,0.01950712688267231
1648768647.7900739,1047,0.01957043819129467
1648768647.9464083,1057,0.019782966002821922
1648768648.1175792,1068,0.02001941204071045
1648768648.1495557,1070,0.020062703639268875
1648768648.195582,1073,0.02012781985104084
1648768648.319995,1081,0.02030249312520027
1648768648.3505838,1083,0.020346399396657944
1648768648.3831959,1085,0.020390398800373077
1648768648.429544,1088,0.020456576719880104
1648768648.4448955,1089,0.020478684455156326
1648768648.4929297,1092,0.020545149222016335
1648768648.5230582,1094,0.02058957889676094
1648768648.6175585,1100,0.02072344534099102
1648768648.6327574,1101,0.020745839923620224
1648768648.664019,1103,0.0207907035946846
1648768648.6794171,1104,0.020813172683119774
1648768648.6964638,1105,0.020835664123296738
1648768648.7268455,1107,0.020880723372101784
1648768648.7579434,1109,0.02092587761580944
1648768648.8672059,1116,0.02108469232916832
1648768649.3370543,1146,0.021779092028737068
1648768649.3544528,1147,0.02180262841284275
1648768649.4475682,1153,0.021944381296634674
1648768649.5417352,1159,0.022087056189775467
1648768649.557374,1160,0.02211092598736286
1648768649.5899222,1162,0.02215874195098877
1648768649.6968002,1169,0.022326912730932236
1648768649.7271225,1171,0.02237519435584545
1648768649.7570992,1173,0.022423582151532173
1648768649.7889555,1175,0.022472074255347252
1648768649.9538846,1185,0.022716110572218895
1648768650.100263,1194,0.022938009351491928
1648768650.132837,1196,0.022987613454461098
1648768650.3324656,1209,0.02331266738474369
1648768650.3804555,1212,0.0233883298933506
1648768650.410409,1214,0.02343890815973282
1648768650.4596212,1217,0.02351498045027256
1648768650.503954,1220,0.02359130047261715
1648768650.5190787,1221,0.023616796359419823
1648768650.5340877,1222,0.023642318323254585
1648768650.5666993,1224,0.023693446069955826
1648768650.5820088,1225,0.023719049990177155
1648768650.5968976,1226,0.02374468371272087
1648768650.657678,1230,0.023847492411732674
1648768650.6758852,1231,0.023873263970017433
1648768650.7055893,1233,0.023924890905618668
1648768650.736469,1235,0.023976629599928856
1648768650.8307352,1241,0.024132516235113144
1648768650.92619,1247,0.024289418011903763
1648768651.0283659,1253,0.02444734051823616
1648768651.043273,1254,0.024473760277032852
1648768651.152912,1261,0.024659501388669014
1648768651.1839213,1263,0.024712827056646347
1648768651.2145228,1265,0.02476627007126808
1648768651.2784832,1269,0.024873502552509308
1648768651.3258212,1272,0.024954231455922127
1648768651.3940449,1276,0.025062276050448418
1648768651.4630034,1280,0.025170790031552315
1648768651.518053,1283,0.025252483785152435
1648768651.5679817,1286,0.025334442034363747
1648768651.6702182,1292,0.02549915760755539
1648768651.7728813,1298,0.02566494606435299
1648768651.8429174,1302,0.02577606774866581
1648768651.9120815,1306,0.02588767185807228
1648768652.167054,1321,0.02631050907075405
1648768652.3224514,1330,0.026567518711090088
1648768652.354759,1332,0.026624972000718117
1648768652.4577556,1338,0.026798078790307045
1648768652.4751234,1339,0.026827039197087288
1648768652.553106,1344,0.02697231061756611
1648768652.6463752,1350,0.027147674933075905
1648768652.6919522,1353,0.027235785499215126
1648768652.7847095,1359,0.027412863448262215
1648768652.877808,1365,0.027591092512011528
1648768652.8932173,1366,0.027620909735560417
1648768652.9234483,1368,0.027680641040205956
1648768652.9384918,1369,0.027710555121302605
1648768653.000904,1373,0.02783053368330002
1648768653.030869,1375,0.02789071947336197
1648768653.0463943,1376,0.027920860797166824
1648768653.140622,1382,0.028102392330765724
1648768653.1555321,1383,0.028132762759923935
1648768653.1704714,1384,0.028163164854049683
1648768653.2946925,1392,0.028407571837306023
1648768653.356272,1396,0.02853056974709034
1648768653.4483876,1402,0.028716066852211952
1648768654.9836185,1408,0.028902769088745117
1648768654.9999502,1409,0.02893400378525257
1648768655.0512028,1412,0.0290279109030962
1648768655.068169,1413,0.029059279710054398
1648768655.0854368,1414,0.02909068390727043
1648768655.1515825,1418,0.029216639697551727
1648768655.2488518,1424,0.029406597837805748
1648768655.2813783,1426,0.029470190405845642
1648768655.2991846,1427,0.029502037912607193
1648768655.5486076,1443,0.03001631237566471
1648768655.57874,1445,0.03008122369647026
1648768655.7656655,1457,0.030473651364445686
1648768655.9810283,1471,0.030937958508729935
1648768656.0439606,1475,0.031071912497282028
1648768656.1207526,1480,0.031240170821547508
1648768656.325233,1493,0.03168191760778427
1648768656.3745482,1496,0.03178474307060242
1648768656.4245112,1499,0.031887903809547424
1648768656.5027294,1504,0.03206058219075203
1648768656.533832,1506,0.032129913568496704
1648768656.559225,1507,0.03216463699936867
1648768656.5728703,1508,0.03219939395785332
1648768656.6537113,1513,0.032373759895563126
1648768656.7166398,1517,0.03251393139362335
1648768656.7923377,1522,0.03268999606370926
1648768656.9873106,1534,0.033116456121206284
1648768657.224269,1549,0.033657364547252655
1648768657.3601735,1557,0.03394945338368416
1648768657.4108367,1560,0.034059636294841766
1648768657.4985085,1565,0.034244075417518616
1648768657.515292,1566,0.034281082451343536
1648768657.6286201,1573,0.03454125300049782
1648768657.643385,1574,0.034578584134578705
1648768657.704619,1578,0.03472829982638359
1648768657.7197273,1579,0.034765828400850296
1648768657.7369661,1580,0.03480340167880058
1648768657.846573,1587,0.03506753593683243
1648768657.9239714,1592,0.035257432609796524
1648768658.009491,1597,0.0354483537375927
1648768658.1320906,1604,0.03571738675236702
1648768658.2353902,1610,0.03594961017370224
1648768658.4583137,1624,0.03649735078215599
1648768658.5052762,1627,0.036615803837776184
1648768658.5385613,1629,0.03669498860836029
1648768658.698417,1639,0.03709347918629646
1648768658.8142078,1646,0.03737499564886093
1648768658.8304353,1647,0.037415385246276855
1648768658.8814855,1650,0.03753681853413582
1648768658.9144158,1652,0.0376179963350296
1648768658.9293678,1653,0.03765864670276642
1648768659.0286708,1659,0.03790349140763283
1648768659.1832106,1669,0.03831510618329048
1648768659.216608,1671,0.03839796409010887
1648768659.3697004,1681,0.03881495073437691
1648768659.446872,1686,0.039025139063596725
1648768659.4921706,1689,0.03915179893374443
1648768659.55339,1693,0.03932131454348564
1648768659.6143353,1697,0.03949156776070595
1648768659.6298416,1698,0.03953424468636513
1648768659.8165367,1710,0.04004999250173569
1648768659.895226,1715,0.040266867727041245
1648768659.9111488,1716,0.04031038284301758
1648768660.0106366,1722,0.04057246819138527
1648768660.0607069,1725,0.0407041497528553
1648768660.143297,1730,0.040924567729234695
1648768660.2062564,1734,0.041101761162281036
1648768660.2353072,1736,0.04119064658880234
1648768660.3133123,1741,0.041413698345422745
1648768660.42389,1748,0.041728001087903976
1648768660.5930822,1758,0.04218114912509918
1648768660.7586324,1768,0.042639218270778656
1648768660.8059976,1771,0.04277760908007622
1648768660.8662584,1775,0.04296282306313515
1648768660.8978863,1777,0.04305573180317879
1648768660.92789,1779,0.043148841708898544
1648768660.9579034,1781,0.04324215278029442
1648768660.9727824,1782,0.04328888654708862
1648768661.0657892,1788,0.04357033595442772
1648768661.1330965,1792,0.04375898465514183
1648768661.1824622,1795,0.04390100762248039
1648768661.1992998,1796,0.043948449194431305
1648768661.2871704,1801,0.044186435639858246
1648768661.3063786,1802,0.04423418641090393
1648768661.6291971,1821,0.04515133798122406
1648768661.6441233,1822,0.045200131833553314
1648768661.6594505,1823,0.045248981565237045
1648768661.7071333,1826,0.04539583995938301
1648768661.7376587,1828,0.04549400880932808
1648768661.7684543,1830,0.04559239000082016
1648768661.8546138,1835,0.045839279890060425
1648768662.0104673,1844,0.04628705233335495
1648768662.0756388,1848,0.046487465500831604
1648768662.1984413,1856,0.04689089581370354
1648768662.2757537,1861,0.047144815325737
1648768662.3206182,1864,0.047297827899456024
1648768662.3533816,1866,0.047400109469890594
1648768662.428371,1871,0.04765678942203522
1648768662.4434035,1872,0.04770829156041145
1648768663.9861286,1877,0.04796663671731949
1648768664.0873592,1883,0.04827849939465523
1648768664.1215718,1885,0.04838290438055992
1648768664.1384184,1886,0.048435188829898834
1648768664.1751142,1888,0.04853993281722069
1648768664.2597084,1893,0.048802781850099564
1648768664.2783244,1894,0.04885552451014519
1648768664.5033195,1907,0.04954635724425316
1648768664.5895183,1912,0.04981466010212898
1648768664.6380093,1915,0.04997633397579193
1648768664.7234116,1920,0.050246965140104294
1648768664.75694,1922,0.05035562440752983
1648768664.842883,1927,0.050628308206796646
1648768664.9102013,1931,0.05084751546382904
1648768664.986396,1936,0.05112285912036896
1648768665.0196152,1938,0.05123341456055641
1648768665.0652633,1941,0.05139969661831856
1648768665.4889994,1967,0.05286359786987305
1648768665.5499249,1971,0.053092483431100845
1648768665.5665846,1972,0.053149860352277756
1648768665.5826023,1973,0.05320729687809944
1648768665.642674,1977,0.053437672555446625
1648768665.690161,1980,0.05361110717058182
1648768665.9254072,1995,0.05448676645755768
1648768666.0964484,2006,0.0551379919052124
1648768666.1152122,2007,0.0551975779235363
1648768666.1293528,2008,0.05525723099708557
1648768666.2691598,2017,0.05579699948430061
1648768666.4733355,2030,0.05658598989248276
1648768666.5598016,2035,0.056892409920692444
1648768666.6097786,2038,0.05707705765962601
1648768666.6432872,2040,0.057200491428375244
1648768666.660465,2041,0.05726230517029762
1648768666.6928356,2043,0.057386137545108795
1648768666.7764504,2048,0.05769689008593559
1648768666.823194,2051,0.05788414925336838
1648768666.854016,2053,0.058009326457977295
1648768666.8687925,2054,0.05807201564311981
1648768666.931131,2058,0.0583234541118145
1648768666.9618566,2060,0.058449581265449524
1648768666.9791713,2061,0.058512747287750244
1648768667.1540878,2071,0.05914817005395889
1648768667.1728632,2072,0.0592120923101902
1648768667.2088962,2074,0.05934014171361923
1648768667.308796,2080,0.05972595140337944
1648768667.3409264,2082,0.05985511094331741
1648768667.5538845,2095,0.060701481997966766
1648768667.7310026,2106,0.06142698600888252
1648768667.8427088,2113,0.06189318001270294
1648768667.894429,2116,0.062094058841466904
1648768667.9259224,2118,0.06222834065556526
1648768667.9452395,2119,0.062295589596033096
1648768668.031955,2124,0.06263292580842972
1648768668.1532714,2131,0.06310827285051346
1648768668.187968,2133,0.06324474513530731
1648768668.2576928,2137,0.06351858377456665
1648768668.3062983,2140,0.06372473388910294
1648768668.3371825,2142,0.06386253982782364
1648768668.352575,2143,0.06393155455589294
1648768668.40124,2146,0.06413905322551727
1648768668.4162753,2147,0.06420836597681046
1648768668.4477067,2149,0.06434721499681473
1648768668.5673935,2156,0.0648355707526207
1648768668.602128,2158,0.0649757832288742
1648768668.653281,2161,0.06518666446208954
1648768668.7917182,2170,0.06582342833280563
1648768668.8847506,2176,0.06625138968229294
1648768668.9305162,2179,0.06646641343832016
1648768669.0742328,2188,0.0671156793832779
1648768669.1059606,2190,0.06726082414388657
1648768669.1708326,2194,0.06755204498767853
1648768669.2314851,2198,0.06784453243017197
1648768669.2960103,2202,0.06813827902078629
1648768669.314147,2203,0.06821191310882568
1648768669.355579,2205,0.06835942715406418
1648768669.4927955,2213,0.06895266473293304
1648768669.5279503,2215,0.06910178065299988
1648768669.5758057,2218,0.06932605803012848
1648768669.6230314,2221,0.06955105811357498
1648768669.8225133,2233,0.07045838981866837
1648768669.8402853,2234,0.07053453475236893
1648768669.8941255,2237,0.07076346129179001
1648768669.928662,2239,0.07091648876667023
1648768669.9812744,2242,0.0711466521024704
1648768670.1660361,2252,0.0719192773103714
1648768670.2002673,2254,0.07207480072975159
1648768670.22964,2256,0.07223066687583923
1648768670.260402,2258,0.07238686829805374
1648768670.3080194,2261,0.07262180745601654
1648768670.3687725,2265,0.07293624430894852
1648768670.3989155,2267,0.0730939656496048
1648768670.4475968,2270,0.07333119958639145
1648768670.541953,2276,0.0738079771399498
1648768670.5725532,2278,0.0739675834774971
1648768670.603076,2280,0.07412754744291306
1648768670.6505432,2283,0.07436813414096832
1648768670.6812172,2285,0.07452895492315292
1648768670.7457392,2289,0.07485164701938629
1648768670.7607927,2290,0.0749325379729271
1648768670.7912166,2292,0.07509458065032959
1648768670.900011,2299,0.07566450536251068
1648768671.0419178,2308,0.07640361785888672
1648768671.247824,2321,0.07748399674892426
1648768671.3555157,2328,0.07807204872369766
1648768671.3707943,2329,0.07815641909837723
1648768671.4484293,2334,0.07857964932918549
1648768671.556527,2341,0.07917601615190506
1648768673.0884292,2346,0.07960476726293564
1648768673.1065147,2347,0.07969079911708832
1648768673.2382805,2355,0.08038237690925598
1648768673.2739785,2357,0.08055620640516281
1648768673.317996,2360,0.08081765472888947
1648768673.4424555,2368,0.08151900768280029
1648768673.506212,2372,0.08187197148799896
1648768673.536626,2374,0.08204901963472366
1648768673.8180962,2392,0.0836598128080368
1648768673.9092143,2398,0.08420374244451523
1648768673.9264271,2399,0.08429473638534546
1648768674.003834,2404,0.0847512036561966
1648768674.0393465,2406,0.08493448048830032
1648768674.1222348,2411,0.08539441227912903
1648768674.156277,2413,0.08557908236980438
1648768674.1903603,2415,0.08576414734125137
1648768674.2219286,2417,0.0859496220946312
1648768674.2572024,2419,0.08613549172878265
1648768674.3293834,2423,0.08650843799114227
1648768674.4305775,2429,0.08707088232040405
1648768674.4932325,2433,0.0874478816986084
1648768674.5106359,2434,0.08754238486289978
1648768674.5261052,2435,0.08763698488473892
1648768674.557674,2437,0.08782650530338287
1648768674.5892987,2439,0.08801643550395966
1648768674.7507946,2449,0.08897225558757782
1648768674.9122036,2459,0.0899384543299675
1648768674.9613879,2462,0.09023036062717438
1648768674.9770985,2463,0.09032786637544632
1648768675.0425522,2467,0.09071896970272064
1648768675.1301239,2472,0.09121022373437881
1648768675.1807222,2475,0.09150625020265579
1648768675.198613,2476,0.09160514175891876
1648768675.2924404,2481,0.09210119396448135
1648768675.544232,2496,0.09360552579164505
1648768675.6542456,2503,0.09431593120098114
1648768675.6697242,2504,0.09441786259412766
1648768675.7006931,2506,0.09462204575538635
1648768675.7465713,2509,0.09492914378643036
1648768675.8264873,2514,0.09544319659471512
1648768675.8579648,2516,0.0956496000289917
1648768675.8768256,2517,0.09575296193361282
1648768675.9395702,2521,0.09616754949092865
1648768675.970768,2523,0.09637551754713058
1648768676.0039403,2525,0.09658393263816833
1648768676.0194929,2526,0.09668831527233124
1648768676.0344174,2527,0.0967928022146225
1648768676.130075,2533,0.09742211550474167
1648768676.164875,2535,0.09763279557228088
1648768676.2496588,2540,0.0981614887714386
1648768676.3000672,2543,0.09848007559776306
1648768676.559743,2558,0.10008860379457474
1648768676.8208423,2573,0.10172340273857117
1648768676.8551667,2575,0.10194338113069534
1648768676.9961834,2583,0.10282807052135468
1648768677.1222918,2590,0.10360847413539886
1648768677.140925,2591,0.10372044146060944
1648768677.433422,2607,0.10552848130464554
1648768677.4471662,2608,0.10564251989126205
1648768677.5074272,2612,0.1060999259352684
1648768677.6165245,2619,0.10690516233444214
1648768677.7877517,2630,0.108182892203331
1648768677.910789,2638,0.10912173241376877
1648768677.9421177,2640,0.10935771465301514
1648768678.137599,2651,0.11066475510597229
1648768678.15407,2652,0.11078434437513351
1648768678.186779,2654,0.1110239252448082
1648768678.2063453,2655,0.11114390939474106
1648768678.2609591,2658,0.11150462925434113
1648768678.296841,2660,0.11174576729536057
1648768678.3169918,2661,0.1118665263056755
1648768678.4239745,2667,0.11259384453296661
1648768678.443874,2668,0.11271551996469498
1648768678.4906888,2671,0.11308135092258453
1648768678.5367732,2674,0.1134483590722084
1648768678.553808,2675,0.11357096582651138
1648768678.652293,2681,0.11430936306715012
1648768678.7730322,2688,0.11517690122127533
1648768678.8255875,2691,0.11555071175098419
1648768679.0831437,2706,0.11743806302547455
1648768679.1327014,2709,0.11781921237707138
1648768679.14795,2710,0.11794654279947281
1648768679.272333,2718,0.1189701110124588
1648768679.2874932,2719,0.11909867823123932
1648768679.3666708,2724,0.11974361538887024
1648768679.382063,2725,0.11987301707267761
1648768679.5063412,2733,0.1209133118391037
1648768679.5542142,2736,0.12130574136972427
1648768679.5694392,2737,0.12143683433532715
1648768679.5842955,2738,0.12156806886196136
1648768679.6499767,2742,0.12209443002939224
1648768679.740649,2748,0.1228882446885109
1648768679.7735837,2750,0.12315399944782257
1648768679.7888286,2751,0.12328708916902542
1648768679.897525,2758,0.1242227628827095
1648768679.9280987,2760,0.12449140101671219
1648768679.975878,2763,0.12489544600248337
1648768680.006321,2765,0.12516553699970245
1648768680.176078,2776,0.1266615092754364
1648768680.2533352,2781,0.12734739482402802
1648768680.3161275,2785,0.12789878249168396
1648768680.3312519,2786,0.1280370056629181
1648768680.5929875,2803,0.13040970265865326
1648768680.6079605,2804,0.13055063784122467
1648768680.6886494,2809,0.1312575787305832
1648768680.7040792,2810,0.13139943778514862
1648768682.3044722,2815,0.13211096823215485
1648768682.3348134,2817,0.1323966681957245
1648768682.458588,2825,0.1335456371307373
1648768682.4912713,2827,0.13383443653583527
1648768682.582116,2833,0.13470458984375
1648768682.6452193,2837,0.1352878212928772
1648768682.7382703,2843,0.13616742193698883
1648768683.0018127,2859,0.1385410726070404
1648768683.2732506,2876,0.1411084234714508
1648768683.2887018,2877,0.14126092195510864
1648768683.3039832,2878,0.1414135843515396
1648768683.334523,2880,0.14171938598155975
1648768683.397908,2884,0.1423330008983612
1648768683.4440355,2887,0.14279495179653168
1648768683.4749331,2889,0.14310374855995178
1648768683.975386,2921,0.14813636243343353
1648768684.0219588,2924,0.14861714839935303
1648768684.1006377,2929,0.14942193031311035
1648768684.288651,2941,0.15137122571468353
1648768684.382577,2947,0.1523553878068924
1648768684.4791079,2953,0.1533459573984146
1648768684.6184945,2962,0.15484388172626495
1648768684.6340313,2963,0.15501122176647186
1648768684.6795297,2966,0.15551432967185974
1648768684.6973212,2967,0.15568238496780396
1648768684.7124662,2968,0.1558506339788437
1648768684.8673944,2978,0.1575430929660797
1648768684.9162195,2981,0.1580544114112854
1648768684.9465194,2983,0.15839621424674988
1648768684.9621944,2984,0.1585673987865448
1648768684.9925568,2986,0.15891030430793762
1648768685.0705726,2991,0.15977081656455994
1648768685.1331832,2995,0.16046258807182312
1648768685.162961,2997,0.16080959141254425
1648768685.1777213,2998,0.1609833836555481
1648768685.2591722,3003,0.16185513138771057
1648768685.2766635,3004,0.16203004121780396
1648768685.3818276,3010,0.1630835086107254
1648768685.4297867,3013,0.16361279785633087
1648768685.445098,3014,0.16378961503505707
1648768685.506713,3018,0.16449879109859467
1648768685.5839162,3023,0.16538956761360168
1648768685.6297345,3026,0.16592635214328766
1648768685.6597972,3028,0.1662851721048355
1648768685.7376118,3033,0.16718563437461853
1648768686.1470706,3059,0.1719471961259842
1648768686.1773896,3061,0.17231903970241547
1648768686.3146856,3070,0.17400230467319489
1648768686.349129,3072,0.17437858879566193
1648768686.5021665,3082,0.17627227306365967
1648768686.548016,3085,0.17684437334537506
1648768686.6429257,3091,0.17799416184425354
1648768686.7367923,3097,0.17915141582489014
1648768686.8158793,3102,0.1801215410232544
1648768686.8460822,3104,0.18051105737686157
1648768686.910409,3108,0.18129262328147888
1648768687.0361917,3116,0.1828659325838089
1648768687.0513299,3117,0.1830635517835617
1648768687.161398,3124,0.18445289134979248
1648768687.1763303,3125,0.18465222418308258
1648768687.2379804,3129,0.18545173108577728
1648768687.298563,3133,0.18625469505786896
1648768687.5765078,3151,0.18991126120090485
1648768687.6369803,3155,0.19073352217674255
1648768687.7627532,3163,0.19238875806331635
1648768687.85341,3169,0.1936396062374115
1648768687.8704753,3170,0.1938488781452179
1648768687.948267,3175,0.1948985904455185
1648768687.9962232,3178,0.19553114473819733
1648768688.1195705,3186,0.19722801446914673
1648768688.1500235,3188,0.19765453040599823
1648768688.1991453,3191,0.19829602539539337
1648768688.2281406,3193,0.19872485101222992
1648768688.3066072,3198,0.19980096817016602
1648768688.3399603,3200,0.20023304224014282
1648768688.394155,3203,0.2008829116821289
1648768688.4645207,3207,0.2017526924610138
1648768688.578416,3213,0.203064426779747
1648768688.6805036,3219,0.2043846845626831
1648768688.7898824,3226,0.20593583583831787
1648768688.8052757,3227,0.20615838468074799
1648768688.8359544,3229,0.2066042125225067
1648768688.898929,3233,0.20749875903129578
1648768688.944389,3236,0.20817220211029053
1648768688.9942207,3239,0.20884783565998077
1648768689.2106895,3253,0.21202991902828217
1648768689.2247467,3254,0.21225905418395996
1648768689.2699819,3257,0.21294796466827393
1648768689.3495402,3262,0.21410109102725983
1648768689.3813632,3264,0.21456409990787506
1648768689.4499145,3268,0.2154931128025055
1648768689.466701,3269,0.21572598814964294
1648768689.537014,3273,0.2166600376367569
1648768689.585789,3276,0.21736322343349457
1648768689.6755147,3282,0.21877643465995789
1648768691.4018795,3298,0.2225901186466217
1648768691.4173763,3299,0.222830668091774
1648768691.5194676,3305,0.22427943348884583
1648768691.5531003,3307,0.22476445138454437
1648768691.5700457,3308,0.2250073403120041
1648768691.6883543,3315,0.22671501338481903
1648768691.7227468,3317,0.227205291390419
1648768691.7548447,3319,0.22769662737846375
1648768691.786634,3321,0.22818903625011444
1648768691.8174202,3323,0.2286825031042099
1648768691.834768,3324,0.22892963886260986
1648768691.864831,3326,0.22942471504211426
1648768692.0055144,3335,0.23166580498218536
1648768692.0206017,3336,0.2319161593914032
1648768692.100359,3341,0.23317201435565948
1648768692.115744,3342,0.23342400789260864
1648768692.1336348,3343,0.2336762547492981
1648768692.2211561,3348,0.23494164645671844
1648768692.339934,3355,0.23672470450401306
1648768692.468524,3363,0.23877906799316406
1648768692.6214705,3373,0.24137210845947266
1648768692.889893,3389,0.24557965993881226
1648768693.2354221,3411,0.25148507952690125
1648768693.3149486,3416,0.252846896648407
1648768693.3455994,3418,0.2533937096595764
1648768693.3764672,3420,0.2539416551589966
1648768693.4996223,3428,0.2561454474925995
1648768693.5963252,3434,0.2578108012676239
1648768693.6480865,3437,0.2586475610733032
1648768693.6996038,3440,0.25948700308799744
1648768693.7343245,3442,0.26004815101623535
1648768693.8319366,3448,0.2617388963699341
1648768693.8640106,3450,0.2623049318790436
1648768693.909647,3453,0.2631562650203705
1648768693.9400148,3455,0.2637253403663635
1648768693.9727597,3457,0.26429566740989685
1648768694.0025885,3459,0.26486721634864807
1648768694.0325956,3461,0.2654399871826172
1648768694.1406496,3468,0.2674545347690582
1648768694.1703606,3470,0.26803290843963623
1648768694.2016547,3472,0.2686125338077545
1648768694.2469501,3475,0.26948434114456177
1648768694.3247874,3480,0.27094361186027527
1648768694.5243716,3493,0.2747748792171478
1648768694.569214,3496,0.2756666839122772
1648768694.691383,3504,0.2780589759349823
1648768694.7987137,3511,0.280169278383255
1648768694.81427,3512,0.2804720401763916
1648768694.8763912,3516,0.2816864252090454
1648768694.891631,3517,0.28199082612991333
1648768694.921739,3519,0.28260064125061035
1648768695.0004685,3524,0.2841309607028961
1648768695.0161743,3525,0.28443804383277893
1648768695.0635152,3528,0.2853612005710602
1648768695.1314301,3532,0.28659674525260925
1648768695.332223,3544,0.2903355658054352
1648768695.3472674,3545,0.29064932465553284
1648768695.6446917,3564,0.2966756522655487
1648768695.7469504,3570,0.2986045181751251
1648768695.7818193,3572,0.2992502748966217
1648768695.815874,3574,0.2998974025249481
1648768695.8330703,3575,0.3002215027809143
1648768695.928823,3581,0.3021734356880188
1648768695.976286,3584,0.3031541705131531
1648768696.0072162,3586,0.3038097620010376
1648768696.0221784,3587,0.30413806438446045
1648768696.130023,3594,0.30644628405570984
1648768696.1929739,3598,0.3077731430530548
1648768696.3028152,3605,0.3101089298725128
1648768696.3486795,3608,0.31111541390419006
1648768696.4105923,3612,0.3124624788761139
1648768696.4407341,3614,0.3131381869316101
1648768696.5038393,3618,0.31449398398399353
1648768696.5187426,3619,0.3148338794708252
1648768696.674183,3629,0.318252831697464
1648768696.6900303,3630,0.318596750497818
1648768696.9566638,3647,0.32450079917907715
1648768696.9716659,3648,0.32485148310661316
1648768697.0658503,3654,0.32696354389190674
1648768697.096355,3656,0.3276706337928772
1648768697.1114194,3657,0.3280247151851654
1648768697.2512562,3666,0.33122897148132324
1648768697.3929625,3675,0.33446455001831055
1648768697.4387572,3678,0.33555006980895996
1648768697.5644112,3686,0.33846205472946167
1648768697.6124334,3689,0.3395605683326721
1648768697.9714084,3712,0.3481017053127289
1648768697.9868438,3713,0.34847787022590637
1648768698.0169702,3715,0.349231481552124
1648768698.0643535,3718,0.35036492347717285
1648768698.0939777,3720,0.3511226177215576
1648768698.1873384,3726,0.35340550541877747
1648768698.2496858,3730,0.3549356460571289
1648768698.3409271,3736,0.3572433292865753
1648768698.419955,3741,0.3591778576374054
1648768698.4352238,3742,0.35956600308418274
1648768698.4976096,3746,0.36112284660339355
1648768700.1198916,3758,0.36583390831947327
1648768700.2276452,3765,0.36861035227775574
1648768700.273496,3768,0.369806706905365
1648768700.2897432,3769,0.370206356048584
1648768700.3369324,3772,0.3714078664779663
1648768700.397785,3776,0.37301596999168396
1648768700.5887358,3788,0.377882182598114
1648768700.6041791,3789,0.3782905638217926
1648768700.6199384,3790,0.378699392080307
1648768700.743281,3798,0.3819858431816101
1648768700.7906785,3801,0.38322558999061584
1648768700.9608471,3812,0.38780590891838074
1648768701.040334,3817,0.3899059295654297
1648768701.071341,3819,0.39074909687042236
1648768701.0867486,3820,0.391171395778656
1648768701.1203666,3822,0.39201730489730835
1648768701.2867553,3833,0.39670270681381226
1648768701.396752,3840,0.3997134268283844
1648768701.4286408,3842,0.4005778133869171
1648768701.4439967,3843,0.4010107219219208
1648768701.539618,3849,0.4036179482936859
1648768701.6961825,3859,0.4080010652542114
1648768701.7429917,3862,0.4093252718448639
1648768701.7603338,3863,0.40976762771606445
1648768701.852094,3869,0.4124317765235901
1648768701.9153228,3873,0.4142175316810608
1648768701.994099,3878,0.4164605438709259
1648768702.117679,3886,0.4200747013092041
1648768702.1636965,3889,0.4214380979537964
1648768702.1787755,3890,0.42189353704452515
1648768702.333968,3900,0.4264751076698303
1648768702.3496761,3901,0.42693600058555603
1648768702.413274,3905,0.4287845194339752
1648768702.443862,3907,0.42971178889274597
1648768702.5250208,3912,0.4320387542247772
1648768702.6165564,3918,0.43484771251678467
1648768702.6342661,3919,0.43531763553619385
1648768702.6491883,3920,0.435788094997406
1648768702.7253556,3925,0.4381479322910309
1648768702.7579765,3927,0.4390954375267029
1648768702.91386,3937,0.4438638389110565
1648768702.9450998,3939,0.4448237121105194
1648768703.0553164,3946,0.44819962978363037
1648768703.1643364,3953,0.45160120725631714
1648768703.1960435,3955,0.4525777995586395
1648768703.2115955,3956,0.453066885471344
1648768703.2578669,3959,0.45453736186027527
1648768703.4286466,3970,0.45996999740600586
1648768703.4440212,3971,0.46046707034111023
1648768703.616477,3982,0.46597057580947876
1648768703.7997017,3994,0.47204944491386414
1648768704.1685266,4018,0.48444610834121704
1648768704.1838448,4019,0.4849696457386017
1648768704.4588826,4037,0.4944905936717987
1648768704.4758341,4038,0.49502497911453247
1648768704.5075285,4040,0.4960955083370209
1648768704.5370424,4042,0.49716833233833313
1648768704.5848577,4045,0.4987819194793701
1648768704.6005332,4046,0.49932095408439636
1648768704.7259896,4054,0.5036541819572449
1648768704.7412286,4055,0.5041984915733337
1648768704.8056483,4059,0.5063815116882324
1648768704.8351386,4061,0.5074766278266907
1648768704.8655019,4063,0.5085740685462952
1648768704.8807807,4064,0.5091236233711243
1648768704.8958683,4065,0.5096738338470459
1648768704.9441495,4068,0.5113280415534973
1648768704.974077,4070,0.5124338269233704
1648768705.0370853,4074,0.5146524906158447
1648768705.1139164,4079,0.5174394249916077
1648768705.1468558,4081,0.5185583829879761
1648768705.2235625,4086,0.5213664770126343
1648768705.3640049,4095,0.5264593362808228
1648768705.3787653,4096,0.5270282626152039
1648768705.4084167,4098,0.5281680226325989
1648768705.4388337,4100,0.5293101668357849
1648768705.5333443,4106,0.5327515602111816
1648768705.705397,4117,0.5391190052032471
1648768705.7350595,4119,0.5402848720550537
1648768705.8589716,4127,0.544973611831665
1648768705.8740933,4128,0.5455625653266907
1648768706.01806,4137,0.5508918166160583
1648768706.0481083,4139,0.5520831346511841
1648768706.0935106,4142,0.5538749694824219
1648768706.111667,4143,0.5544735193252563
1648768706.3094945,4156,0.562313973903656
1648768706.3577297,4159,0.5641390085220337
1648768706.5745351,4173,0.5727344155311584
1648768706.6674635,4179,0.5764581561088562
1648768706.7422843,4184,0.579579770565033
1648768706.7897098,4187,0.5814608335494995
1648768706.9286447,4196,0.5871407389640808
1648768706.9438787,4197,0.5877752304077148
1648768707.1915257,4213,0.5980212092399597
1648768707.221996,4215,0.5993144512176514
1648768707.2715251,4218,0.6012595891952515
1648768708.806739,4224,0.6051687598228455
1648768708.8700273,4228,0.6077890396118164
1648768708.8854344,4229,0.6084458231925964
1648768709.0122783,4237,0.6137260794639587
1648768709.0422037,4239,0.6150532960891724
1648768709.107976,4243,0.6177163124084473
1648768709.1386602,4245,0.6190521717071533
1648768709.1694608,4247,0.6203908920288086
1648768709.2527418,4252,0.6237503886222839
1648768709.2699826,4253,0.6244244575500488
1648768709.323822,4256,0.6264510750770569
1648768709.3763614,4259,0.6284842491149902
1648768709.4111333,4261,0.6298434138298035
1648768709.4598138,4264,0.6318876147270203
1648768709.5390575,4269,0.6353093385696411
1648768709.710184,4280,0.6429025530815125
1648768709.7277029,4281,0.6435973048210144
1648768709.8507102,4289,0.6491826176643372
1648768709.9445682,4295,0.6534034013748169
1648768710.022951,4300,0.6569416522979736
1648768710.069108,4303,0.6590738296508789
1648768710.1023307,4305,0.660499095916748
1648768710.1479867,4308,0.662642776966095
1648768710.2106051,4312,0.6655118465423584
1648768710.306829,4318,0.6698387861251831
1648768710.3371768,4320,0.6712873578071594
1648768710.3667421,4322,0.6727390289306641
1648768710.3819997,4323,0.6734660267829895
1648768710.4629688,4328,0.6771129369735718
1648768710.478263,4329,0.6778447031974792
1648768710.4936728,4330,0.6785772442817688
1648768710.5094523,4331,0.6793105602264404
1648768710.5260904,4332,0.6800447106361389
1648768710.5569303,4334,0.6815153360366821
1648768710.5722685,4335,0.6822518110275269
1648768710.6024532,4337,0.6837272047996521
1648768710.6952693,4343,0.6881725788116455
1648768710.7107182,4344,0.6889162659645081
1648768710.7904568,4349,0.692646861076355
1648768710.8841357,4355,0.6971501708030701
1648768710.9303184,4358,0.6994128227233887
1648768710.9779696,4361,0.7016828060150146
1648768711.009106,4363,0.7032002806663513
1648768711.024731,4364,0.7039601802825928
1648768711.040443,4365,0.7047209739685059
1648768711.164448,4373,0.7108367085456848
1648768711.3967118,4388,0.7224471569061279
1648768711.411891,4389,0.7232279181480408
1648768711.4271514,4390,0.7240094542503357
1648768711.442477,4391,0.7247918844223022
1648768711.506119,4395,0.7279300689697266
1648768711.6322932,4403,0.7342472672462463
1648768711.7358623,4409,0.7390210628509521
1648768712.1399493,4434,0.7592484354972839
1648768712.2631142,4442,0.7658373713493347
1648768712.3558266,4448,0.7708165645599365
1648768712.4046075,4451,0.773318350315094
1648768712.4198756,4452,0.7741540670394897
1648768712.573508,4462,0.7825610041618347
1648768712.6219068,4465,0.7851008772850037
1648768712.7497528,4473,0.791914165019989
1648768712.8155012,4477,0.7953429818153381
1648768712.8325284,4478,0.7962024807929993
1648768712.9431102,4484,0.8013791441917419
1648768712.9811099,4486,0.8031121492385864
1648768712.998586,4487,0.8039800524711609
1648768713.170679,4498,0.8135892152786255
1648768713.205718,4500,0.8153486251831055
1648768713.2970574,4506,0.8206498026847839
1648768713.3777204,4511,0.825093686580658
1648768713.4676597,4516,0.8295616507530212
1648768713.5724814,4522,0.8349552154541016
1648768713.8619328,4540,0.8513470888137817
1648768713.8798316,4541,0.8522671461105347
1648768714.0355697,4551,0.8615224361419678
1648768714.1886168,4561,0.8708781599998474
1648768714.2064288,4562,0.8718193173408508
1648768714.2671068,4566,0.8755940794944763
1648768714.400908,4574,0.8831927180290222
1648768714.4545467,4577,0.8860591650009155
1648768714.5748305,4584,0.8927838206291199
1648768714.593996,4585,0.8937486410140991
1648768714.6645741,4589,0.8976183533668518
1648768714.8214717,4599,0.9073660969734192
1648768714.8684826,4602,0.9103110432624817
1648768714.9926968,4610,0.9182109236717224
1648768715.0404103,4613,0.9211910367012024
1648768715.146887,4620,0.9281823039054871
1648768715.240003,4626,0.9342170357704163
1648768715.3146276,4631,0.9392759203910828
1648768715.3619847,4634,0.9423243999481201
1648768715.6248302,4651,0.9597870111465454
1648768715.8348927,4664,0.9733587503433228
1648768715.8567646,4665,0.9744106531143188
1648768715.9429123,4670,0.9796872138977051
1648768716.0767214,4678,0.988189160823822
1648768716.1409106,4682,0.9924677610397339
1648768716.1564918,4683,0.993540346622467
1648768716.24699,4689,1.0
