Wall time,Step,Value
1648768627.754818,2,2.3074939250946045
1648768627.8183663,6,2.304542064666748
1648768627.9288208,13,2.3069746494293213
1648768627.9455304,14,2.3023104667663574
1648768628.0696132,21,2.29484486579895
1648768628.3212,36,2.283367156982422
1648768628.528206,49,2.265732526779175
1648768628.7288744,61,2.234711170196533
1648768628.9897742,77,2.1820342540740967
1648768629.037773,80,2.139108896255493
1648768629.1689882,88,2.0602571964263916
1648768629.2691255,94,1.9817609786987305
1648768629.2864397,95,1.9545081853866577
1648768629.3216312,97,1.9633172750473022
1648768629.3904426,101,1.9156602621078491
1648768629.425443,103,1.842946171760559
1648768629.4949465,107,1.724973201751709
1648768629.5758722,112,1.7146024703979492
1648768629.6066263,114,1.6621041297912598
1648768629.638306,116,1.6762959957122803
1648768629.7865705,125,1.4313182830810547
1648768629.821364,126,1.3779319524765015
1648768629.8555295,128,1.3344775438308716
1648768629.9306588,132,1.2356268167495728
1648768629.9856863,135,1.2565478086471558
1648768630.0357559,138,1.1499987840652466
1648768630.1362903,144,1.0618982315063477
1648768630.245836,151,0.9607062935829163
1648768630.278034,153,0.9713252782821655
1648768630.295671,154,1.0022610425949097
1648768630.3139958,155,0.8938875198364258
1648768630.6093724,172,0.6573485732078552
1648768630.6711602,176,0.7635958790779114
1648768630.6883674,177,0.7981348633766174
1648768630.720837,179,0.7774218916893005
1648768630.751091,181,0.7166965007781982
1648768630.8418343,186,0.6053445339202881
1648768630.9336221,191,0.5771780610084534
1648768631.0968137,200,0.5258822441101074
1648768631.1688023,204,0.6126250624656677
1648768631.3272758,213,0.5079740285873413
1648768631.3806534,216,0.6790258288383484
1648768631.4884872,222,0.5036816000938416
1648768631.6227603,229,0.6105082035064697
1648768631.6823523,232,0.3463824689388275
1648768631.7189069,234,0.48429998755455017
1648768631.9120727,246,0.5267954468727112
1648768631.9578502,249,0.4600079655647278
1648768632.1428316,260,0.43357303738594055
1648768632.2791421,268,0.5391818881034851
1648768632.441952,278,0.4077276885509491
1648768632.5035274,282,0.572666347026825
1648768632.6266372,290,0.5104721188545227
1648768632.6422155,291,0.38361263275146484
1648768632.6581433,292,0.4536525309085846
1648768632.7220583,296,0.40001946687698364
1648768632.8178742,302,0.4526728391647339
1648768632.8332174,303,0.3826673924922943
1648768632.8485656,304,0.3848745822906494
1648768632.8640075,305,0.5268490314483643
1648768632.8968842,307,0.414023756980896
1648768632.9428442,310,0.4394359886646271
1648768633.0673451,318,0.4907427132129669
1648768633.1308815,322,0.43435782194137573
1648768633.1765575,325,0.2769819498062134
1648768633.3484755,336,0.3304985761642456
1648768633.442031,342,0.4394266903400421
1648768633.4572732,343,0.3412122428417206
1648768633.4728565,344,0.5448597073554993
1648768633.55137,349,0.39072826504707336
1648768633.7389908,361,0.4741798937320709
1648768633.832494,367,0.37603339552879333
1648768633.8809097,370,0.36668774485588074
1648768633.9112394,372,0.3327018618583679
1648768633.9266906,373,0.3934476971626282
1648768634.4127774,404,0.3879687190055847
1648768634.4423304,406,0.44310200214385986
1648768634.4728494,408,0.2591063380241394
1648768634.5345495,412,0.2860681414604187
1648768634.5646992,414,0.38464224338531494
1648768634.611007,417,0.3068070411682129
1648768634.6599176,420,0.40778177976608276
1648768634.7386782,425,0.19849370419979095
1648768634.754119,426,0.3703916370868683
1648768634.8155942,430,0.2832493185997009
1648768634.9087057,436,0.3175245523452759
1648768635.0982468,448,0.36571836471557617
1648768635.2208447,456,0.28392845392227173
1648768635.282847,460,0.3753628134727478
1648768635.2984827,461,0.380930095911026
1648768635.3593013,465,0.15910889208316803
1648768637.1203983,474,0.38479286432266235
1648768637.26991,483,0.20054402947425842
1648768637.3014321,485,0.2806631922721863
1648768637.3333406,487,0.2401174157857895
1648768637.4457288,494,0.2214735448360443
1648768637.480008,496,0.2201911211013794
1648768637.512952,498,0.3480839729309082
1648768637.5440006,500,0.3458661437034607
1648768637.5760367,502,0.4182160496711731
1648768637.704559,510,0.3368930518627167
1648768637.766827,514,0.2575909197330475
1648768637.7833629,515,0.20506583154201508
1648768637.8003905,516,0.2662087082862854
1648768637.8660314,520,0.19412678480148315
1648768637.8819592,521,0.1828286200761795
1648768637.897741,522,0.27783891558647156
1648768637.9472885,525,0.3735142648220062
1648768637.9790907,527,0.350335031747818
1648768638.0444374,531,0.31484922766685486
1648768638.1064112,535,0.2792978584766388
1648768638.1375847,537,0.19754134118556976
1648768638.2822444,546,0.27050817012786865
1648768638.8304806,578,0.2277269959449768
1648768638.8918283,582,0.3395894169807434
1648768638.908536,583,0.28184011578559875
1648768638.924885,584,0.22046899795532227
1648768639.004706,589,0.21442869305610657
1648768639.0364702,591,0.15770690143108368
1648768639.1498358,598,0.2936639189720154
1648768639.3842325,613,0.23026737570762634
1648768639.4298546,616,0.1434021145105362
1648768639.5067348,621,0.2746922969818115
1648768639.679508,632,0.18726301193237305
1648768639.75752,637,0.31296616792678833
1648768639.834472,642,0.2376464307308197
1648768639.8800437,645,0.20292851328849792
1648768640.1563733,662,0.25379234552383423
1648768640.173065,663,0.22578273713588715
1648768640.204581,665,0.1906779706478119
1648768640.2359114,667,0.22922661900520325
1648768640.2517111,668,0.19985970854759216
1648768640.2692752,669,0.13801300525665283
1648768640.2853954,670,0.2517746388912201
1648768640.4204268,678,0.29142171144485474
1648768640.4903653,682,0.19540946185588837
1648768640.6382167,691,0.24037110805511475
1648768640.7019954,695,0.22344377636909485
1648768640.7171614,696,0.2650383710861206
1648768640.7656827,699,0.1958877295255661
1648768640.7812905,700,0.22513611614704132
1648768640.9378872,710,0.29795321822166443
1648768641.0815203,719,0.35483187437057495
1648768641.1274388,722,0.20018431544303894
1648768641.1581893,724,0.22735628485679626
1648768641.2055492,727,0.30660560727119446
1648768641.3013778,733,0.1592908650636673
1648768641.3166034,734,0.11090336740016937
1648768641.3655107,737,0.2229335606098175
1648768641.381144,738,0.17677098512649536
1648768641.504416,745,0.20988182723522186
1648768641.521878,746,0.16008947789669037
1648768641.5527244,748,0.18492543697357178
1648768641.5681815,749,0.3431641459465027
1648768641.61452,752,0.18497133255004883
1648768641.6639094,755,0.24295654892921448
1648768641.7886984,763,0.1145268902182579
1648768641.8815925,769,0.1747453659772873
1648768641.8968005,770,0.2163776010274887
1648768641.9426224,773,0.18369804322719574
1648768641.9904253,776,0.18452592194080353
1648768642.1168892,784,0.29341304302215576
1648768642.3543487,799,0.2271680384874344
1648768642.4513288,805,0.1759996861219406
1648768642.4668639,806,0.1364130824804306
1648768642.563749,812,0.18951372802257538
1648768642.658379,818,0.16439160704612732
1648768642.7060757,821,0.2231695055961609
1648768642.738201,823,0.14770910143852234
1648768642.7548862,824,0.16018712520599365
1648768642.8638282,831,0.1528618484735489
1648768642.9588778,837,0.186479851603508
1648768643.0211005,841,0.18445704877376556
1648768643.0831268,845,0.21529141068458557
1648768643.1456878,849,0.19790473580360413
1648768643.270493,857,0.15326012670993805
1648768643.2888622,858,0.2397022545337677
1648768643.3843727,864,0.09020882099866867
1648768643.4487066,868,0.12223006784915924
1648768643.588289,877,0.1872989684343338
1648768643.6357698,880,0.14883862435817719
1648768643.7459528,887,0.16989511251449585
1648768643.7763767,889,0.2148044854402542
1648768643.8540807,894,0.19761227071285248
1648768643.9002907,897,0.07835973054170609
1648768643.9166057,898,0.12806212902069092
1648768643.9498026,900,0.1860576570034027
1648768644.144496,912,0.26841288805007935
1648768644.158998,913,0.17528899013996124
1648768644.190929,915,0.13954448699951172
1648768644.206505,916,0.08714330196380615
1648768644.252712,919,0.14468765258789062
1648768644.268455,920,0.11778385937213898
1648768644.4561493,932,0.16744570434093475
1648768644.4861956,934,0.09814322739839554
1648768646.107577,940,0.19895991683006287
1648768646.358978,956,0.12927357852458954
1648768646.4079933,959,0.07763046026229858
1648768646.5026915,965,0.13589434325695038
1648768646.5958962,971,0.13825733959674835
1648768646.6134086,972,0.16948175430297852
1648768646.6286938,973,0.0854439064860344
1648768646.7215068,979,0.06496058404445648
1648768646.8306496,986,0.13713601231575012
1648768646.8465576,987,0.08510305732488632
1648768647.051188,1000,0.14559966325759888
1648768647.0969017,1003,0.10669691115617752
1648768647.1438854,1006,0.21249274909496307
1648768647.2073543,1010,0.15585468709468842
1648768647.2231019,1011,0.11959998309612274
1648768647.3020713,1016,0.07644633203744888
1648768647.383087,1021,0.20057004690170288
1648768647.493547,1028,0.0802459791302681
1648768647.6338468,1037,0.12036069482564926
1648768647.7280812,1043,0.15938760340213776
1648768647.7434516,1044,0.13842323422431946
1648768647.7899842,1047,0.09704451262950897
1648768647.9463317,1057,0.15087755024433136
1648768648.1175058,1068,0.07222369313240051
1648768648.1494908,1070,0.2426287978887558
1648768648.195509,1073,0.13436956703662872
1648768648.3199224,1081,0.0938495323061943
1648768648.3505278,1083,0.13015475869178772
1648768648.3831027,1085,0.10459986329078674
1648768648.4294696,1088,0.11759497225284576
1648768648.4448223,1089,0.10361886024475098
1648768648.4928544,1092,0.11065015196800232
1648768648.5229802,1094,0.06758540123701096
1648768648.6174703,1100,0.13871575891971588
1648768648.6326883,1101,0.16009098291397095
1648768648.6639462,1103,0.16540127992630005
1648768648.6793585,1104,0.10423322767019272
1648768648.6964045,1105,0.16910383105278015
1648768648.7267764,1107,0.1359359622001648
1648768648.7578738,1109,0.1574784517288208
1648768648.8671336,1116,0.1820254772901535
1648768649.3369792,1146,0.07743638008832932
1648768649.354389,1147,0.08619461208581924
1648768649.4474785,1153,0.12458381801843643
1648768649.5416615,1159,0.19229893386363983
1648768649.5572863,1160,0.091156005859375
1648768649.5898454,1162,0.09869376569986343
1648768649.696711,1169,0.049859482795000076
1648768649.7270463,1171,0.22924396395683289
1648768649.7570257,1173,0.08682835847139359
1648768649.788886,1175,0.13744843006134033
1648768649.9537182,1185,0.15855607390403748
1648768650.100188,1194,0.16428741812705994
1648768650.1327586,1196,0.08910392969846725
1648768650.3323913,1209,0.10287535190582275
1648768650.3803654,1212,0.07305200397968292
1648768650.4103389,1214,0.1557999849319458
1648768650.4595425,1217,0.08645353466272354
1648768650.5038793,1220,0.10891319811344147
1648768650.5190027,1221,0.23644790053367615
1648768650.5340137,1222,0.17987863719463348
1648768650.566623,1224,0.08637810498476028
1648768650.5819294,1225,0.1027497872710228
1648768650.5968227,1226,0.053428709506988525
1648768650.657607,1230,0.04670589417219162
1648768650.675805,1231,0.11009635776281357
1648768650.7055302,1233,0.1042412668466568
1648768650.736412,1235,0.066872738301754
1648768650.8306582,1241,0.15000835061073303
1648768650.9261012,1247,0.13063162565231323
1648768651.0282898,1253,0.11417099088430405
1648768651.0431943,1254,0.07959210872650146
1648768651.1528108,1261,0.18625277280807495
1648768651.1838322,1263,0.05150170251727104
1648768651.2144315,1265,0.06673520058393478
1648768651.2784097,1269,0.1075412854552269
1648768651.3257449,1272,0.11012230813503265
1648768651.3939824,1276,0.1033351719379425
1648768651.4629242,1280,0.13777336478233337
1648768651.5179737,1283,0.18256135284900665
1648768651.5679045,1286,0.12489931285381317
1648768651.67013,1292,0.14407312870025635
1648768651.7727764,1298,0.1738496869802475
1648768651.8428261,1302,0.06982908397912979
1648768651.91199,1306,0.09016823023557663
1648768652.1669767,1321,0.06285518407821655
1648768652.322371,1330,0.11055614054203033
1648768652.354684,1332,0.10762570798397064
1648768652.4576516,1338,0.16500435769557953
1648768652.475066,1339,0.11808305978775024
1648768652.5530272,1344,0.15660859644412994
1648768652.6462991,1350,0.16008006036281586
1648768652.6918948,1353,0.08580969274044037
1648768652.7846196,1359,0.07535625994205475
1648768652.8777518,1365,0.21024039387702942
1648768652.8931427,1366,0.11918482184410095
1648768652.9233932,1368,0.07013678550720215
1648768652.9384365,1369,0.054504599422216415
1648768653.0008128,1373,0.0952523872256279
1648768653.030813,1375,0.08861329406499863
1648768653.0462935,1376,0.10935235768556595
1648768653.1405659,1382,0.1657824069261551
1648768653.1554596,1383,0.11034546047449112
1648768653.1704144,1384,0.1335219144821167
1648768653.2946332,1392,0.13120818138122559
1648768653.3561857,1396,0.10614775866270065
1648768653.4483302,1402,0.16412833333015442
1648768654.98354,1408,0.1257951855659485
1648768654.9998493,1409,0.16147468984127045
1648768655.0511,1412,0.08060295134782791
1648768655.06808,1413,0.07931409031152725
1648768655.0853362,1414,0.05375650152564049
1648768655.1514812,1418,0.07409275323152542
1648768655.2487478,1424,0.11994025111198425
1648768655.281301,1426,0.037124618887901306
1648768655.29911,1427,0.0829235389828682
1648768655.5485346,1443,0.08835054934024811
1648768655.578681,1445,0.07341109216213226
1648768655.765577,1457,0.12827394902706146
1648768655.9809384,1471,0.08991385996341705
1648768656.0438702,1475,0.1410805583000183
1648768656.1206973,1480,0.05680394172668457
1648768656.325173,1493,0.04461325705051422
1648768656.3744817,1496,0.12136512249708176
1648768656.4244273,1499,0.04404560476541519
1648768656.5026667,1504,0.06738047301769257
1648768656.5337496,1506,0.09943539649248123
1648768656.5591357,1507,0.0521937757730484
1648768656.5727746,1508,0.09713416546583176
1648768656.653647,1513,0.06583264470100403
1648768656.7165768,1517,0.06193603575229645
1648768656.7922752,1522,0.0991864949464798
1648768656.9872165,1534,0.07790763676166534
1648768657.2241933,1549,0.08532950282096863
1648768657.3600848,1557,0.07389911264181137
1648768657.4107628,1560,0.06736348569393158
1648768657.498438,1565,0.11371728032827377
1648768657.51521,1566,0.06657887250185013
1648768657.6285613,1573,0.07039019465446472
1648768657.6433272,1574,0.10980086028575897
1648768657.7045455,1578,0.0883626788854599
1648768657.7196708,1579,0.08390796929597855
1648768657.7369032,1580,0.17607522010803223
1648768657.8464952,1587,0.054662369191646576
1648768657.9238877,1592,0.12067688256502151
1648768658.009412,1597,0.12072865664958954
1648768658.1319911,1604,0.09938944876194
1648768658.2352872,1610,0.09645261615514755
1648768658.4582562,1624,0.13302095234394073
1648768658.505218,1627,0.08384989947080612
1648768658.5384657,1629,0.10786928236484528
1648768658.6983168,1639,0.16985277831554413
1648768658.8141434,1646,0.14030931890010834
1648768658.8303735,1647,0.09255273640155792
1648768658.881329,1650,0.08301989734172821
1648768658.914356,1652,0.04239016771316528
1648768658.9293015,1653,0.07079677283763885
1648768659.0286093,1659,0.03654010593891144
1648768659.1831532,1669,0.054396852850914
1648768659.2165287,1671,0.04553459212183952
1648768659.369625,1681,0.021804507821798325
1648768659.4467962,1686,0.17956940829753876
1648768659.4920895,1689,0.07825250178575516
1648768659.5533316,1693,0.03870926424860954
1648768659.614278,1697,0.11476945877075195
1648768659.629785,1698,0.03229827806353569
1648768659.8164628,1710,0.0943698063492775
1648768659.8951495,1715,0.045521315187215805
1648768659.9110863,1716,0.1170196607708931
1648768660.0105593,1722,0.15278413891792297
1648768660.0606287,1725,0.07368706166744232
1648768660.1432185,1730,0.058073386549949646
1648768660.206176,1734,0.08040206134319305
1648768660.2352304,1736,0.12983670830726624
1648768660.3132274,1741,0.11125361919403076
1648768660.4238272,1748,0.07712303102016449
1648768660.593021,1758,0.07691090553998947
1648768660.7585535,1768,0.04923434928059578
1648768660.8059216,1771,0.09109044820070267
1648768660.8662019,1775,0.1262461096048355
1648768660.8977964,1777,0.1113893911242485
1648768660.9278321,1779,0.058831021189689636
1648768660.9578292,1781,0.07786384224891663
1648768660.9727066,1782,0.07608634233474731
1648768661.0657144,1788,0.036881569772958755
1648768661.1330183,1792,0.07762330770492554
1648768661.1823606,1795,0.0981048196554184
1648768661.199193,1796,0.054864224046468735
1648768661.2870855,1801,0.05253557860851288
1648768661.3062944,1802,0.09237737953662872
1648768661.6291404,1821,0.06122136116027832
1648768661.6440523,1822,0.06371442973613739
1648768661.6593943,1823,0.1038018986582756
1648768661.707076,1826,0.1487548053264618
1648768661.7375698,1828,0.1359056830406189
1648768661.76838,1830,0.03963340446352959
1648768661.8545198,1835,0.0865272656083107
1648768662.010403,1844,0.049246057868003845
1648768662.075581,1848,0.06928759813308716
1648768662.1983845,1856,0.06318052113056183
1648768662.2756927,1861,0.12373806536197662
1648768662.3205607,1864,0.07750014960765839
1648768662.353288,1866,0.0860801562666893
1648768662.4283109,1871,0.13729478418827057
1648768662.4433303,1872,0.024352600798010826
1648768663.9860153,1877,0.10513032972812653
1648768664.08728,1883,0.037802066653966904
1648768664.121496,1885,0.09702306240797043
1648768664.1383383,1886,0.03409228473901749
1648768664.1750338,1888,0.051461100578308105
1648768664.259632,1893,0.024364380165934563
1648768664.2782457,1894,0.08890950679779053
1648768664.5032454,1907,0.06392884254455566
1648768664.5894387,1912,0.019479738548398018
1648768664.6379519,1915,0.07876964658498764
1648768664.7233515,1920,0.09434990584850311
1648768664.75688,1922,0.08178604394197464
1648768664.8428042,1927,0.061333395540714264
1648768664.9101086,1931,0.04476885870099068
1648768664.9863212,1936,0.09780001640319824
1648768665.019539,1938,0.11033794283866882
1648768665.0651731,1941,0.08443091809749603
1648768665.4889417,1967,0.10054555535316467
1648768665.549867,1971,0.07515522837638855
1648768665.5664709,1972,0.013741709291934967
1648768665.582508,1973,0.018144624307751656
1648768665.6426158,1977,0.03433741256594658
1648768665.690069,1980,0.06988900899887085
1648768665.9253156,1995,0.021344225853681564
1648768666.0963569,2006,0.032712820917367935
1648768666.1151345,2007,0.025110535323619843
1648768666.1292632,2008,0.017443204298615456
1648768666.2690716,2017,0.04955989122390747
1648768666.4732294,2030,0.11523392796516418
1648768666.5596898,2035,0.04146800935268402
1648768666.6096797,2038,0.16958874464035034
1648768666.6431794,2040,0.0635598748922348
1648768666.6603842,2041,0.07893551886081696
1648768666.6927762,2043,0.03853905573487282
1648768666.7763777,2048,0.1392333060503006
1648768666.8231359,2051,0.19376154243946075
1648768666.8539608,2053,0.08227034658193588
1648768666.8687384,2054,0.054611269384622574
1648768666.931057,2058,0.09162576496601105
1648768666.9617221,2060,0.06251482665538788
1648768666.9790897,2061,0.08401470631361008
1648768667.1540046,2071,0.06216619163751602
1648768667.1727815,2072,0.1178542971611023
1648768667.2088368,2074,0.0630670115351677
1648768667.3087249,2080,0.05736057832837105
1648768667.3408697,2082,0.13291677832603455
1648768667.5538118,2095,0.1325470358133316
1648768667.7309265,2106,0.034191351383924484
1648768667.8426337,2113,0.05764753371477127
1648768667.8943708,2116,0.10296640545129776
1648768667.9258592,2118,0.05776986852288246
1648768667.945142,2119,0.1589953601360321
1648768668.031884,2124,0.031725116074085236
1648768668.1532075,2131,0.16826066374778748
1648768668.187888,2133,0.055909931659698486
1648768668.2575996,2137,0.09366896003484726
1648768668.3062077,2140,0.10372665524482727
1648768668.337109,2142,0.09858007729053497
1648768668.3525186,2143,0.11663142591714859
1648768668.401152,2146,0.16062889993190765
1648768668.4162173,2147,0.1284230649471283
1648768668.447647,2149,0.08714012056589127
1648768668.5672834,2156,0.08832947164773941
1648768668.602028,2158,0.04995179921388626
1648768668.6532168,2161,0.10444466769695282
1648768668.791661,2170,0.052112918347120285
1648768668.884676,2176,0.06468135118484497
1648768668.9304285,2179,0.055913448333740234
1648768669.0741744,2188,0.09818579256534576
1648768669.1059005,2190,0.04896819218993187
1648768669.1707556,2194,0.04879415035247803
1648768669.2314112,2198,0.035851482301950455
1648768669.2959309,2202,0.08847910165786743
1648768669.314073,2203,0.09208964556455612
1648768669.3554833,2205,0.060806754976511
1648768669.4926918,2213,0.08406059443950653
1648768669.5278807,2215,0.0436084009706974
1648768669.5757153,2218,0.06930126249790192
1648768669.6229403,2221,0.05414412543177605
1648768669.8224227,2233,0.07734829932451248
1648768669.8401916,2234,0.07764118909835815
1648768669.8939514,2237,0.06657283753156662
1648768669.9285448,2239,0.06546468287706375
1648768669.9811964,2242,0.050079330801963806
1648768670.165959,2252,0.10969182848930359
1648768670.2001748,2254,0.04186084866523743
1648768670.2295508,2256,0.06233575940132141
1648768670.2603273,2258,0.025743819773197174
1648768670.307942,2261,0.1374874711036682
1648768670.3686993,2265,0.04189503565430641
1648768670.3988416,2267,0.03181031718850136
1648768670.4475226,2270,0.11786028742790222
1648768670.541874,2276,0.04288627207279205
1648768670.5724788,2278,0.1800524890422821
1648768670.6030016,2280,0.030993355438113213
1648768670.6504514,2283,0.10167722404003143
1648768670.6811283,2285,0.019684983417391777
1648768670.7456486,2289,0.058234043419361115
1648768670.7607038,2290,0.02506772242486477
1648768670.7911599,2292,0.06597955524921417
1648768670.8999534,2299,0.0886540561914444
1648768671.041858,2308,0.05043460801243782
1648768671.2477655,2321,0.053709547966718674
1648768671.3554604,2328,0.03337309509515762
1648768671.3707392,2329,0.08256363123655319
1648768671.448374,2334,0.02337673492729664
1648768671.5564709,2341,0.03879024088382721
1648768673.0883715,2346,0.023148788139224052
1648768673.1064556,2347,0.05761498585343361
1648768673.2382212,2355,0.09461622685194016
1648768673.2738833,2357,0.08425318449735641
1648768673.3179383,2360,0.037703778594732285
1648768673.4423554,2368,0.08871966600418091
1648768673.5061038,2372,0.10196615755558014
1648768673.5365524,2374,0.023729996755719185
1648768673.8180144,2392,0.2189778834581375
1648768673.9091218,2398,0.02008506841957569
1648768673.926357,2399,0.04329517111182213
1648768674.0037737,2404,0.05720282346010208
1648768674.039286,2406,0.06991085410118103
1648768674.1221743,2411,0.020115794613957405
1648768674.156217,2413,0.07098114490509033
1648768674.1903,2415,0.08900907635688782
1648768674.2218716,2417,0.03530202433466911
1648768674.2570775,2419,0.03358607739210129
1648768674.3292308,2423,0.055572185665369034
1648768674.43052,2429,0.058344293385744095
1648768674.4931583,2433,0.14407874643802643
1648768674.5105584,2434,0.07291938364505768
1648768674.5260468,2435,0.04169890284538269
1648768674.5576174,2437,0.034703485667705536
1648768674.589241,2439,0.1636173278093338
1648768674.750737,2449,0.07953646779060364
1648768674.912075,2459,0.06842253357172012
1648768674.9613104,2462,0.0701296329498291
1648768674.9770107,2463,0.02379518561065197
1648768675.042483,2467,0.0938917025923729
1648768675.1300533,2472,0.044893886893987656
1648768675.1805747,2475,0.04257671907544136
1648768675.1985126,2476,0.0687640979886055
1648768675.292247,2481,0.031688641756772995
1648768675.5441399,2496,0.043579328805208206
1648768675.654155,2503,0.10832639038562775
1648768675.669631,2504,0.04048667103052139
1648768675.7006044,2506,0.08728773891925812
1648768675.746489,2509,0.11618239432573318
1648768675.826412,2514,0.0753835141658783
1648768675.8578405,2516,0.08708155155181885
1648768675.8767486,2517,0.11154032498598099
1648768675.939496,2521,0.0620114803314209
1648768675.9706922,2523,0.06378266215324402
1648768676.0038524,2525,0.02798152156174183
1648768676.0194354,2526,0.10396894067525864
1648768676.0343297,2527,0.10874928534030914
1648768676.1300178,2533,0.0486200749874115
1648768676.1647966,2535,0.052437104284763336
1648768676.249564,2540,0.020538069307804108
1648768676.3000019,2543,0.029569001868367195
1648768676.559663,2558,0.11325962841510773
1648768676.8207338,2573,0.02801697328686714
1648768676.8550599,2575,0.07336005568504333
1648768676.996063,2583,0.07034148275852203
1648768677.1222098,2590,0.05434763804078102
1648768677.1408088,2591,0.05770004913210869
1648768677.4333293,2607,0.03419423848390579
1648768677.4470892,2608,0.06226884201169014
1648768677.5073373,2612,0.04617370665073395
1648768677.616434,2619,0.026979699730873108
1648768677.7876768,2630,0.036495670676231384
1648768677.9106972,2638,0.10176702588796616
1648768677.9420242,2640,0.036592815071344376
1648768678.1375015,2651,0.05054965242743492
1648768678.1540084,2652,0.08821848779916763
1648768678.1866677,2654,0.100210040807724
1648768678.2062492,2655,0.13460275530815125
1648768678.260855,2658,0.018465321511030197
1648768678.2966986,2660,0.09063658118247986
1648768678.3169065,2661,0.11255574971437454
1648768678.423882,2667,0.037355732172727585
1648768678.4437976,2668,0.06796187162399292
1648768678.490629,2671,0.015513828955590725
1648768678.5367115,2674,0.04994157329201698
1648768678.5537498,2675,0.07077347487211227
1648768678.652234,2681,0.04139499366283417
1648768678.772933,2688,0.0884765014052391
1648768678.8255029,2691,0.04576200991868973
1648768679.0830708,2706,0.09404511004686356
1648768679.1326258,2709,0.14885559678077698
1648768679.1478913,2710,0.12401045113801956
1648768679.2722776,2718,0.1316540241241455
1648768679.2874382,2719,0.05621375888586044
1648768679.3666108,2724,0.08498412370681763
1648768679.3819766,2725,0.06552427262067795
1648768679.5062857,2733,0.09518004208803177
1648768679.554081,2736,0.14992275834083557
1648768679.569364,2737,0.0710960328578949
1648768679.584221,2738,0.09353378415107727
1648768679.6498992,2742,0.08447656780481339
1648768679.7405732,2748,0.10061629861593246
1648768679.7735078,2750,0.10772141069173813
1648768679.7887542,2751,0.10383229702711105
1648768679.8974357,2758,0.048479609191417694
1648768679.9280393,2760,0.03225240483880043
1648768679.9758174,2763,0.20978501439094543
1648768680.0062404,2765,0.0283648744225502
1648768680.17602,2776,0.05864812061190605
1648768680.2532756,2781,0.0921805128455162
1648768680.316036,2785,0.0629754364490509
1648768680.3311906,2786,0.045705802738666534
1648768680.592914,2803,0.07808675616979599
1648768680.607872,2804,0.061463747173547745
1648768680.6885593,2809,0.053571637719869614
1648768680.70399,2810,0.07685616612434387
1648768682.3044116,2815,0.05786941200494766
1648768682.3347538,2817,0.059832777827978134
1648768682.458528,2825,0.08464430272579193
1648768682.491203,2827,0.08216502517461777
1648768682.58205,2833,0.19689291715621948
1648768682.645159,2837,0.11898443102836609
1648768682.7382061,2843,0.03632423281669617
1648768683.001754,2859,0.10272634774446487
1648768683.273193,2876,0.04353480786085129
1648768683.2886457,2877,0.13930679857730865
1648768683.3039095,2878,0.032797615975141525
1648768683.334465,2880,0.02640366181731224
1648768683.3978484,2884,0.10266783833503723
1648768683.4439783,2887,0.06834746152162552
1648768683.4748755,2889,0.10342832654714584
1648768683.9753282,2921,0.01867043226957321
1648768684.0218735,2924,0.0647878646850586
1648768684.1005638,2929,0.104293093085289
1648768684.288587,2941,0.10301745682954788
1648768684.3825023,2947,0.10683219134807587
1648768684.4790277,2953,0.06305855512619019
1648768684.618419,2962,0.08331765979528427
1648768684.6339588,2963,0.10175105184316635
1648768684.6794553,2966,0.04182076454162598
1648768684.6972294,2967,0.059765081852674484
1648768684.7123897,2968,0.05287257954478264
1648768684.8673208,2978,0.14940427243709564
1648768684.9161062,2981,0.03909815847873688
1648768684.9464445,2983,0.07010331004858017
1648768684.962118,2984,0.11548562347888947
1648768684.9924843,2986,0.04256907105445862
1648768685.070486,2991,0.11712101101875305
1648768685.1331072,2995,0.06798450648784637
1648768685.1628697,2997,0.1437394767999649
1648768685.1776347,2998,0.05578967183828354
1648768685.2590728,3003,0.05685923993587494
1648768685.2765982,3004,0.10859334468841553
1648768685.381734,3010,0.01821480318903923
1648768685.4296958,3013,0.05297277495265007
1648768685.4450076,3014,0.08497265726327896
1648768685.506626,3018,0.018934225663542747
1648768685.5838559,3023,0.03473881632089615
1648768685.6296666,3026,0.03902550786733627
1648768685.659742,3028,0.06998908519744873
1648768685.7375553,3033,0.10565274953842163
1648768686.1470137,3059,0.04763377830386162
1648768686.1773007,3061,0.10109187662601471
1648768686.314629,3070,0.029445132240653038
1648768686.3490343,3072,0.11891666799783707
1648768686.5021093,3082,0.041140515357255936
1648768686.547958,3085,0.03984735161066055
1648768686.6428368,3091,0.10780942440032959
1648768686.7367024,3097,0.03802676126360893
1648768686.8158224,3102,0.08958110213279724
1648768686.8460262,3104,0.19285301864147186
1648768686.9103522,3108,0.3015916049480438
1648768687.0360918,3116,0.15744292736053467
1648768687.0512555,3117,0.11558195948600769
1648768687.1613224,3124,0.05855553597211838
1648768687.1762433,3125,0.08353666961193085
1648768687.2378914,3129,0.10444759577512741
1648768687.2984872,3133,0.03684668987989426
1648768687.5764196,3151,0.16100378334522247
1648768687.6369193,3155,0.03563037887215614
1648768687.7626927,3163,0.050169654190540314
1648768687.8533351,3169,0.025449661538004875
1648768687.8704166,3170,0.048187848180532455
1648768687.9482105,3175,0.09742126613855362
1648768687.9960947,3178,0.19043801724910736
1648768688.1195133,3186,0.07709436118602753
1648768688.1499672,3188,0.03605368360877037
1648768688.1990852,3191,0.0122770881280303
1648768688.2280543,3193,0.0999763011932373
1648768688.306515,3198,0.06415574252605438
1648768688.3398829,3200,0.16977739334106445
1648768688.394074,3203,0.062185753136873245
1648768688.464399,3207,0.2008792906999588
1648768688.5783346,3213,0.04804140329360962
1648768688.6804116,3219,0.11752438545227051
1648768688.7898252,3226,0.10770386457443237
1648768688.8052006,3227,0.03711225092411041
1648768688.8358967,3229,0.06359393894672394
1648768688.8988733,3233,0.047331903129816055
1648768688.9443326,3236,0.04212452471256256
1648768688.9941423,3239,0.16475537419319153
1648768689.210611,3253,0.041581545025110245
1648768689.2246473,3254,0.09155694395303726
1648768689.2698932,3257,0.04494097828865051
1648768689.3494527,3262,0.06614413112401962
1648768689.3812883,3264,0.09668685495853424
1648768689.449852,3268,0.11121775209903717
1648768689.4666383,3269,0.14826728403568268
1648768689.5368724,3273,0.11813592165708542
1648768689.5857136,3276,0.14153750240802765
1648768689.6754472,3282,0.10068139433860779
1648768691.4018044,3298,0.1264682561159134
1648768691.4173026,3299,0.05679916590452194
1648768691.519345,3305,0.04541996493935585
1648768691.5529997,3307,0.06839922070503235
1648768691.5699773,3308,0.0671687126159668
1648768691.6882305,3315,0.10308005660772324
1648768691.722663,3317,0.0770418643951416
1648768691.7547703,3319,0.07241415977478027
1648768691.786545,3321,0.0626923218369484
1648768691.81733,3323,0.12572097778320312
1648768691.8346887,3324,0.05477367341518402
1648768691.8647704,3326,0.05045942962169647
1648768692.0054564,3335,0.027776142582297325
1648768692.020545,3336,0.07373286783695221
1648768692.1003017,3341,0.11025334894657135
1648768692.1156876,3342,0.10168485343456268
1648768692.1335716,3343,0.13243618607521057
1648768692.221085,3348,0.0946047231554985
1648768692.3398335,3355,0.07983817160129547
1648768692.468464,3363,0.19375205039978027
1648768692.6214087,3373,0.14480862021446228
1648768692.8898108,3389,0.14360582828521729
1648768693.2353632,3411,0.14835278689861298
1648768693.314859,3416,0.1042693480849266
1648768693.3455424,3418,0.12779879570007324
1648768693.3764114,3420,0.1334342062473297
1648768693.4995651,3428,0.030574114993214607
1648768693.5962467,3434,0.10456337779760361
1648768693.648004,3437,0.05064711719751358
1648768693.6994994,3440,0.17293281853199005
1648768693.7341952,3442,0.19198600947856903
1648768693.831879,3448,0.10040508210659027
1648768693.8639476,3450,0.13132494688034058
1648768693.9095864,3453,0.0521697960793972
1648768693.9399538,3455,0.07829585671424866
1648768693.972694,3457,0.04120154678821564
1648768694.0025263,3459,0.17817845940589905
1648768694.0325367,3461,0.23085923492908478
1648768694.140591,3468,0.22071009874343872
1648768694.170295,3470,0.06288134306669235
1648768694.2015886,3472,0.1339290738105774
1648768694.2468877,3475,0.12053155153989792
1648768694.3247201,3480,0.04912322014570236
1648768694.5243013,3493,0.09864971041679382
1648768694.5691528,3496,0.2513042986392975
1648768694.691326,3504,0.17538796365261078
1648768694.7986388,3511,0.11478292942047119
1648768694.8141944,3512,0.08659134805202484
1648768694.8763332,3516,0.10641863942146301
1648768694.8915732,3517,0.15197822451591492
1648768694.921651,3519,0.11541806906461716
1648768695.0003986,3524,0.16069960594177246
1648768695.0160944,3525,0.05131671205163002
1648768695.0634375,3528,0.10388931632041931
1648768695.1313136,3532,0.10890985280275345
1648768695.3320825,3544,0.107066310942173
1648768695.347193,3545,0.14010672271251678
1648768695.6445954,3564,0.08000263571739197
1648768695.7468858,3570,0.05075030028820038
1648768695.7817051,3572,0.04645873233675957
1648768695.815804,3574,0.053184859454631805
1648768695.8330007,3575,0.07414892315864563
1648768695.9287486,3581,0.19469237327575684
1648768695.976215,3584,0.03263526037335396
1648768696.0071268,3586,0.13711245357990265
1648768696.0221236,3587,0.11638143658638
1648768696.129936,3594,0.023614633828401566
1648768696.1928864,3598,0.05383504182100296
1648768696.3027256,3605,0.02522505261003971
1648768696.3485918,3608,0.14803273975849152
1648768696.4105341,3612,0.06143687292933464
1648768696.4406772,3614,0.12547431886196136
1648768696.503765,3618,0.169573575258255
1648768696.5186496,3619,0.05359391123056412
1648768696.6740959,3629,0.1294679492712021
1648768696.6899555,3630,0.15818120539188385
1648768696.9565904,3647,0.1591903120279312
1648768696.9715905,3648,0.056741874665021896
1648768697.0657747,3654,0.023008808493614197
1648768697.0962827,3656,0.09755527973175049
1648768697.1113307,3657,0.15479058027267456
1648768697.2511802,3666,0.0738794356584549
1648768697.3928883,3675,0.07994669675827026
1648768697.438701,3678,0.10639413446187973
1648768697.5643234,3686,0.12144068628549576
1648768697.6123595,3689,0.10690291225910187
1648768697.971352,3712,0.04330959916114807
1648768697.986771,3713,0.08706501126289368
1648768698.0168803,3715,0.09401914477348328
1648768698.0642798,3718,0.08257444202899933
1648768698.093887,3720,0.14276623725891113
1648768698.1872635,3726,0.13920240104198456
1648768698.249606,3730,0.12628473341464996
1648768698.3408363,3736,0.08202331513166428
1648768698.4198816,3741,0.1473984271287918
1648768698.435134,3742,0.2993074357509613
1648768698.4975219,3746,0.215681254863739
1648768700.1198325,3758,0.06633424013853073
1648768700.2275684,3765,0.043262578547000885
1648768700.2734199,3768,0.10116875171661377
1648768700.2896647,3769,0.03126465529203415
1648768700.336867,3772,0.14592136442661285
1648768700.3977268,3776,0.04641071707010269
1648768700.588678,3788,0.1645231395959854
1648768700.6040637,3789,0.11537514626979828
1648768700.619864,3790,0.13335834443569183
1648768700.7432249,3798,0.16088682413101196
1648768700.7906075,3801,0.1324310153722763
1648768700.9607599,3812,0.08038007467985153
1648768701.0402453,3817,0.014247247949242592
1648768701.071249,3819,0.09386174380779266
1648768701.08669,3820,0.08029896765947342
1648768701.1202753,3822,0.15847940742969513
1648768701.286697,3833,0.1008283719420433
1648768701.3966599,3840,0.24899014830589294
1648768701.4285648,3842,0.16679689288139343
1648768701.4439101,3843,0.1212039366364479
1648768701.5395293,3849,0.33462071418762207
1648768701.6960871,3859,0.17723968625068665
1648768701.7429018,3862,0.22403527796268463
1648768701.7602384,3863,0.10896354913711548
1648768701.852035,3869,0.1400500386953354
1648768701.915265,3873,0.192625030875206
1648768701.9940412,3878,0.30021360516548157
1648768702.1176224,3886,0.10773037374019623
1648768702.1636405,3889,0.055177703499794006
1648768702.1786873,3890,0.06317932158708572
1648768702.333892,3900,0.2868712544441223
1648768702.3496006,3901,0.12163802981376648
1648768702.413196,3905,0.10657210648059845
1648768702.4438038,3907,0.10829650610685349
1648768702.5249398,3912,0.19692231714725494
1648768702.6164658,3918,0.3255629539489746
1648768702.6341708,3919,0.03894569352269173
1648768702.649079,3920,0.22985026240348816
1648768702.7252805,3925,0.06286841630935669
1648768702.757901,3927,0.07864013314247131
1648768702.9137738,3937,0.1473011076450348
1648768702.945008,3939,0.1963987946510315
1648768703.0552292,3946,0.04971129819750786
1648768703.1642623,3953,0.12455596774816513
1648768703.1959634,3955,0.09940189868211746
1648768703.2115204,3956,0.11984140425920486
1648768703.2577922,3959,0.16713887453079224
1648768703.428571,3970,0.03777836635708809
1648768703.4439628,3971,0.1373223215341568
1648768703.616386,3982,0.15265993773937225
1648768703.7996452,3994,0.06847745925188065
1648768704.1684582,4018,0.26503393054008484
1648768704.1837714,4019,0.120725616812706
1648768704.4587946,4037,0.09017656743526459
1648768704.4757552,4038,0.2519097328186035
1648768704.507454,4040,0.26523280143737793
1648768704.536968,4042,0.15640807151794434
1648768704.5847752,4045,0.09086322784423828
1648768704.6004446,4046,0.2769366502761841
1648768704.7259312,4054,0.1160154715180397
1648768704.7411563,4055,0.12530088424682617
1648768704.8055701,4059,0.08277305215597153
1648768704.835049,4061,0.12936244904994965
1648768704.8654277,4063,0.25250521302223206
1648768704.8807065,4064,0.22673770785331726
1648768704.8957915,4065,0.28671157360076904
1648768704.9440775,4068,0.18535928428173065
1648768704.9740207,4070,0.2020481824874878
1648768705.0370126,4074,0.12673860788345337
1648768705.1138294,4079,0.15343348681926727
1648768705.1467803,4081,0.2159603387117386
1648768705.2235065,4086,0.2739618718624115
1648768705.3639457,4095,0.36327600479125977
1648768705.3787074,4096,0.10538677871227264
1648768705.4083428,4098,0.5339502096176147
1648768705.438775,4100,0.12345816195011139
1648768705.533289,4106,0.24180801212787628
1648768705.7053394,4117,0.328010231256485
1648768705.7350035,4119,0.2896950840950012
1648768705.8589144,4127,0.2677465081214905
1648768705.8740351,4128,0.2919270694255829
1648768706.0179825,4137,0.40761828422546387
1648768706.0480235,4139,0.2612913250923157
1648768706.093436,4142,0.1637844443321228
1648768706.1115892,4143,0.17405985295772552
1648768706.3094187,4156,0.2229914665222168
1648768706.3576543,4159,0.3323599696159363
1648768706.574478,4173,0.12521708011627197
1648768706.6674056,4179,0.1991538405418396
1648768706.7422135,4184,0.3310301601886749
1648768706.7896516,4187,0.18619376420974731
1648768706.928576,4196,0.08705192059278488
1648768706.9437726,4197,0.1337929219007492
1648768707.191448,4213,0.23735998570919037
1648768707.2219386,4215,0.1959466189146042
1648768707.2714431,4218,0.21456266939640045
1648768708.8066628,4224,0.1286977082490921
1648768708.8699658,4228,0.3668025732040405
1648768708.8853743,4229,0.320377916097641
1648768709.0122144,4237,0.06636517494916916
1648768709.0421436,4239,0.40738093852996826
1648768709.1079135,4243,0.20587226748466492
1648768709.138599,4245,0.33816832304000854
1648768709.1693933,4247,0.24341082572937012
1648768709.2526762,4252,0.16525539755821228
1648768709.2699072,4253,0.21816633641719818
1648768709.3237612,4256,0.2867022156715393
1648768709.376258,4259,0.13543683290481567
1648768709.4110506,4261,0.16890361905097961
1648768709.4597297,4264,0.2712782323360443
1648768709.5389614,4269,0.3681856393814087
1648768709.7101088,4280,0.22664162516593933
1648768709.7276242,4281,0.11826105415821075
1648768709.8506227,4289,0.16522766649723053
1648768709.9444811,4295,0.386041522026062
1648768710.0228765,4300,0.25272509455680847
1648768710.0690322,4303,0.3144906759262085
1648768710.1022542,4305,0.2618616819381714
1648768710.14793,4308,0.30427050590515137
1648768710.210529,4312,0.1760110706090927
1648768710.3067493,4318,0.21071110665798187
1648768710.3371024,4320,0.3418518304824829
1648768710.3666546,4322,0.385522723197937
1648768710.3819132,4323,0.2047232687473297
1648768710.4628918,4328,0.24216027557849884
1648768710.4781878,4329,0.3839647173881531
1648768710.4935977,4330,0.39280760288238525
1648768710.509377,4331,0.35775789618492126
1648768710.526013,4332,0.29007431864738464
1648768710.5568411,4334,0.2594754099845886
1648768710.5722106,4335,0.3769703507423401
1648768710.602396,4337,0.7250031232833862
1648768710.6952105,4343,0.44170859456062317
1648768710.7106595,4344,0.7215309143066406
1648768710.7903988,4349,0.4940950572490692
1648768710.8840644,4355,0.3632875680923462
1648768710.930226,4358,0.6800937056541443
1648768710.977879,4361,0.5755155086517334
1648768711.0090163,4363,0.37948304414749146
1648768711.0246375,4364,0.6131068468093872
1648768711.040357,4365,0.4303281307220459
1648768711.1643746,4373,0.32241469621658325
1648768711.3966224,4388,0.35680171847343445
1648768711.4118142,4389,0.5143898725509644
1648768711.4270933,4390,0.1706336885690689
1648768711.4424186,4391,0.48387283086776733
1648768711.506057,4395,0.18281593918800354
1648768711.6322114,4403,0.4782697856426239
1648768711.7357972,4409,0.390107661485672
1648768712.1398926,4434,0.4603008031845093
1648768712.2630415,4442,0.44339075684547424
1648768712.3557703,4448,0.46952512860298157
1648768712.4045293,4451,0.14837388694286346
1648768712.4197993,4452,0.5037693977355957
1648768712.573436,4462,0.7237640619277954
1648768712.6218274,4465,0.5468213558197021
1648768712.7496853,4473,0.49828261137008667
1648768712.815404,4477,0.4777373671531677
1648768712.832446,4478,0.5668895244598389
1648768712.94301,4484,0.49551698565483093
1648768712.9810264,4486,0.4836440682411194
1648768712.9984717,4487,0.8304409384727478
1648768713.1706035,4498,0.3661724328994751
1648768713.2056394,4500,1.0038553476333618
1648768713.296983,4506,1.2466562986373901
1648768713.377634,4511,2.2353768348693848
1648768713.4675791,4516,1.408215045928955
1648768713.5724092,4522,0.8665199279785156
1648768713.8618584,4540,1.3229461908340454
1648768713.8797386,4541,1.0460013151168823
1648768714.0355113,4551,0.7296309471130371
1648768714.1885405,4561,1.0212589502334595
1648768714.2063632,4562,1.4701248407363892
1648768714.2670145,4566,0.9527748227119446
1648768714.4008193,4574,1.8604201078414917
1648768714.4544847,4577,2.2436728477478027
1648768714.5747006,4584,1.9970511198043823
1648768714.5938804,4585,1.5556044578552246
1648768714.6644688,4589,1.4745347499847412
1648768714.8214111,4599,2.1776702404022217
1648768714.868424,4602,3.0178873538970947
1648768714.9926333,4610,2.987090587615967
1648768715.040348,4613,2.4991273880004883
1648768715.1468265,4620,16.0350284576416
1648768715.239941,4626,8.747891426086426
1648768715.3145657,4631,23.647098541259766
1648768715.3619237,4634,32.61215591430664
1648768715.6247714,4651,80.63477325439453
1648768715.8347726,4664,118.06759643554688
1648768715.856598,4665,95.19891357421875
1648768715.942824,4670,125.18180084228516
1648768716.0766544,4678,155.62840270996094
1648768716.140841,4682,191.96739196777344
1648768716.1564288,4683,162.23684692382812
1648768716.2469199,4689,181.9553680419922
