Wall time,Step,Value
1648780931.9591808,16,0.0400112122297287
1648780932.364473,40,0.040065210312604904
1648780932.445907,45,0.04008208215236664
1648780932.7748938,66,0.04017411172389984
1648780932.9938998,80,0.04025445505976677
1648780933.1994565,93,0.040342651307582855
1648780933.2465694,96,0.040364861488342285
1648780933.2773244,98,0.04038005694746971
1648780933.4804485,111,0.04048635810613632
1648780933.6876838,124,0.040605731308460236
1648780933.7030807,125,0.04061545431613922
1648780933.7821994,130,0.04066522791981697
1648780933.862164,135,0.04071693494915962
1648780933.9885795,143,0.04080367833375931
1648780934.0527208,147,0.04084889963269234
1648780934.3334658,165,0.04106766730546951
1648780934.3978138,169,0.04111967235803604
1648780934.7118235,189,0.04139815643429756
1648780935.3201115,227,0.042011868208646774
1648780935.3543663,229,0.04204723238945007
1648780935.6279182,246,0.04236016795039177
1648780935.7738576,255,0.04253476485610008
1648780935.8741064,261,0.04265459626913071
1648780935.9392517,265,0.0427360013127327
1648780935.9868124,268,0.04279785603284836
1648780936.5063958,300,0.043500158935785294
1648780936.56977,304,0.043593402951955795
1648780936.6655633,310,0.04373553395271301
1648780936.8031719,318,0.04392927139997482
1648780937.1932218,340,0.044486917555332184
1648780937.3502467,350,0.044752418994903564
1648780937.514259,360,0.04502541199326515
1648780937.5942395,365,0.045164719223976135
1648780937.7745442,376,0.04547775909304619
1648780937.7902038,377,0.045506663620471954
1648780938.0503967,393,0.04597928747534752
1648780938.7595556,437,0.047376830130815506
1648780938.970125,450,0.04781704023480415
1648780939.212994,465,0.04834035784006119
1648780940.913572,470,0.04851844906806946
1648780941.235081,490,0.04924900457262993
1648780941.362316,498,0.04954935237765312
1648780941.8096821,526,0.050636932253837585
1648780942.0335643,540,0.05120183154940605
1648780942.9333653,597,0.0536455400288105
1648780943.1097717,608,0.05414346233010292
1648780943.2382622,616,0.05451089143753052
1648780943.384185,625,0.05492956563830376
1648780943.5567887,636,0.055448904633522034
1648780943.6194634,640,0.055639829486608505
1648780943.6512578,642,0.05573570355772972
1648780943.715272,646,0.05592827871441841
1648780943.9563603,661,0.05666022747755051
1648780944.310306,683,0.0577615424990654
1648780944.455705,692,0.05822154879570007
1648780944.856721,717,0.059527959674596786
1648780945.033087,728,0.060116030275821686
1648780945.0483892,729,0.06016989052295685
1648780945.2656877,743,0.06093088909983635
1648780945.3587327,749,0.06126099452376366
1648780945.6261494,766,0.06220914050936699
1648780945.7383249,773,0.06260504573583603
1648780945.9620364,787,0.06340640783309937
1648780946.0114965,790,0.06357978284358978
1648780946.3255334,810,0.06475038826465607
1648780946.4038014,815,0.06504704058170319
1648780946.4860792,820,0.06534528732299805
1648780946.5668144,825,0.06564512103796005
1648780946.6128538,828,0.06582579016685486
1648780947.3890631,877,0.06885655224323273
1648780947.8517876,906,0.07072019577026367
1648780950.030973,949,0.07357701659202576
1648780950.187696,958,0.07418885827064514
1648780950.6426294,984,0.0759829729795456
1648780950.9939575,1004,0.07738962024450302
1648780951.0108588,1005,0.07746054977178574
1648780951.4133608,1029,0.07917987555265427
1648780951.6164482,1042,0.08012464642524719
1648780951.66173,1045,0.08034400641918182
1648780951.6767838,1046,0.08041723072528839
1648780952.2280316,1081,0.08301473408937454
1648780952.3987005,1092,0.08384477347135544
1648780952.6591473,1109,0.08514022827148438
1648780953.0494123,1134,0.08707284927368164
1648780953.349234,1153,0.08856320381164551
1648780953.7025669,1175,0.09031170606613159
1648780953.8290305,1183,0.0909535139799118
1648780954.5758698,1230,0.09478718042373657
1648780954.6242378,1233,0.09503547847270966
1648780955.0326228,1259,0.09720497578382492
1648780955.1557727,1267,0.09787879139184952
1648780955.2168722,1271,0.09821679443120956
1648780955.2495975,1273,0.09838607162237167
1648780955.4774065,1288,0.09966135770082474
1648780955.6609833,1300,0.10068881511688232
1648780955.738297,1305,0.1011187881231308
1648780956.9745119,1383,0.1079641655087471
1648780958.7961497,1407,0.11012037843465805
1648780959.1059148,1427,0.11193429678678513
1648780959.6757345,1463,0.11523709446191788
1648780960.325051,1504,0.1190551370382309
1648780960.3703434,1507,0.11933677643537521
1648780960.3859394,1508,0.11943072080612183
1648780960.4013991,1509,0.11952470242977142
1648780960.6342347,1524,0.12093842029571533
1648780960.7425826,1531,0.1216006800532341
1648780960.7593174,1532,0.12169542163610458
1648780960.9144273,1542,0.1226445809006691
1648780961.433083,1575,0.1257990598678589
1648780961.5723178,1584,0.1266651302576065
1648780961.6351132,1588,0.12705083191394806
1648780961.6814022,1591,0.1273404061794281
1648780961.834396,1601,0.1283075511455536
1648780962.2353487,1627,0.1308353990316391
1648780962.3001242,1631,0.13122595846652985
1648780962.4242477,1639,0.1320083737373352
1648780962.43959,1640,0.13210630416870117
1648780962.517493,1645,0.13259629905223846
1648780962.5782504,1649,0.13298878073692322
1648780962.6102674,1651,0.13318517804145813
1648780962.6720777,1655,0.13357828557491302
1648780962.7648969,1661,0.13416869938373566
1648780962.8728974,1668,0.13485868275165558
1648780963.025634,1678,0.13584649562835693
1648780963.41249,1703,0.13832661509513855
1648780963.4283504,1704,0.13842612504959106
1648780963.4589968,1706,0.13862520456314087
1648780963.8496745,1731,0.14112143218517303
1648780964.271704,1755,0.1435304880142212
1648780964.464699,1767,0.14473943412303925
1648780964.7285993,1783,0.14635570347309113
1648780965.0735662,1805,0.14858584105968475
1648780965.119463,1808,0.14889061450958252
1648780965.1348655,1809,0.14899224042892456
1648780968.1675599,1910,0.15933531522750854
1648780968.3511817,1922,0.1605731099843979
1648780968.5860717,1937,0.16212251782417297
1648780968.7264922,1946,0.1630532443523407
1648780968.7575533,1948,0.16326017677783966
1648780969.1146502,1971,0.16564245522022247
1648780969.1920521,1976,0.16616091132164001
1648780969.425486,1991,0.16771744191646576
1648780969.6448717,2005,0.16917158663272858
1648780969.693155,2008,0.16948334872722626
1648780970.050178,2031,0.17187513411045074
1648780970.3809886,2052,0.17406104505062103
1648780970.6294017,2068,0.1757275015115738
1648780970.6451786,2069,0.17583167552947998
1648780970.7704506,2077,0.17666517198085785
1648780970.8974135,2085,0.17749877274036407
1648780970.9133034,2086,0.17760297656059265
1648780971.1308534,2100,0.17906199395656586
1648780971.3936787,2117,0.18083378672599792
1648780971.583649,2129,0.18208439648151398
1648780971.724471,2138,0.18302224576473236
1648780971.897353,2149,0.18416832387447357
1648780972.114401,2163,0.1856265515089035
1648780972.2686825,2173,0.1866677850484848
1648780972.379447,2180,0.18739642202854156
1648780972.504136,2188,0.18822890520095825
1648780972.596801,2194,0.18885308504104614
1648780973.344082,2242,0.19383908808231354
1648780973.4373293,2248,0.19446122646331787
1648780973.6997168,2265,0.19622233510017395
1648780973.9625897,2282,0.1979808509349823
1648780974.086043,2290,0.19880741834640503
1648780974.1008437,2291,0.1989106833934784
1648780974.410287,2310,0.2008708268404007
1648780974.5820937,2320,0.20190082490444183
1648780974.6877584,2326,0.20251823961734772
1648780974.7569063,2330,0.20292961597442627
1648780974.774207,2331,0.20303241908550262
1648780974.8783545,2337,0.20364901423454285
1648780976.7255623,2357,0.2057008296251297
1648780976.8162107,2363,0.206315279006958
1648780977.2638245,2392,0.20927752554416656
1648780977.328457,2396,0.2096850723028183
1648780977.8073344,2427,0.21283434331417084
1648780977.8251822,2428,0.2129356563091278
1648780977.935701,2435,0.21364429593086243
1648780978.026141,2441,0.21425096690654755
1648780978.1529167,2449,0.2150588035583496
1648780978.2922308,2458,0.215966135263443
1648780978.3231597,2460,0.21616755425930023
1648780978.3540444,2462,0.2163688838481903
1648780978.494733,2471,0.21727386116981506
1648780978.7878354,2490,0.21917884051799774
1648780978.8352227,2493,0.21947892010211945
1648780978.8803327,2496,0.21977880597114563
1648780978.9727716,2502,0.22037796676158905
1648780979.298788,2523,0.22246864438056946
1648780979.313858,2524,0.22256793081760406
1648780979.3292255,2525,0.22266721725463867
1648780979.5770805,2541,0.224252387881279
1648780980.2927876,2587,0.2287740409374237
1648780980.3082979,2588,0.22887171804904938
1648780980.3259983,2589,0.22896936535835266
1648780980.6519144,2608,0.23081956803798676
1648780980.900019,2624,0.23236975073814392
1648780981.0807962,2636,0.2335275262594223
1648780981.311754,2649,0.23477697372436523
1648780981.467447,2659,0.23573458194732666
1648780981.5602643,2665,0.23630768060684204
1648780981.7181678,2675,0.23726032674312592
1648780981.8614113,2683,0.2380201667547226
1648780982.1664503,2702,0.23981648683547974
1648780982.6323307,2732,0.242628276348114
1648780982.6476665,2733,0.24272146821022034
1648780983.069266,2760,0.2452244609594345
1648780983.4022403,2780,0.2470615953207016
1648780983.6145518,2793,0.24824778735637665
1648780983.7095551,2799,0.2487930953502655
1648780983.7700632,2803,0.2491558939218521
1648780983.80337,2805,0.24933704733848572
1648780983.81843,2806,0.24942757189273834
1648780985.6871684,2832,0.2517675459384918
1648780986.3468022,2874,0.25549033284187317
1648780986.4098825,2878,0.25584110617637634
1648780986.5353541,2886,0.25654059648513794
1648780986.6294036,2892,0.25706344842910767
1648780986.8014886,2903,0.25801798701286316
1648780986.8645706,2907,0.2583637833595276
1648780986.895019,2909,0.2585364282131195
1648780987.0698106,2920,0.25948286056518555
1648780987.241362,2931,0.2604239881038666
1648780987.5363953,2950,0.2620367705821991
1648780987.566127,2952,0.2622056007385254
1648780988.1595325,2990,0.26537811756134033
1648780988.205438,2993,0.2656256854534149
1648780988.4209967,3007,0.2667754292488098
1648780988.7172112,3026,0.2683206796646118
1648780988.810973,3032,0.26880499720573425
1648780989.0608766,3048,0.2700878083705902
1648780989.184681,3056,0.27072444558143616
1648780989.634791,3085,0.27300506830215454
1648780989.8685474,3100,0.2741677761077881
1648780990.136423,3117,0.2754712998867035
1648780990.4259825,3135,0.2768348157405853
1648780991.0362408,3174,0.2797291576862335
1648780991.14533,3181,0.28023985028266907
1648780992.1110814,3243,0.2846425175666809
1648780992.2496872,3252,0.2852632999420166
1648780992.3918424,3261,0.28587937355041504
1648780992.42258,3263,0.2860156297683716
1648780992.469449,3266,0.2862195670604706
1648780992.655885,3278,0.28703004121780396
1648780994.610018,3307,0.2889533042907715
1648780994.6256824,3308,0.2890187203884125
1648780994.9035969,3326,0.2901858985424042
1648780995.0445921,3335,0.2907620966434479
1648780995.2126915,3346,0.2914595603942871
1648780995.5556931,3368,0.29283201694488525
1648780995.74257,3380,0.2935678958892822
1648780996.2669232,3414,0.295603483915329
1648780996.5493505,3432,0.2966512441635132
1648780996.9390318,3457,0.2980716824531555
1648780996.9876869,3460,0.29823940992355347
1648780997.0027668,3461,0.29829517006874084
1648780997.393046,3486,0.2996681332588196
1648780997.5036857,3493,0.3000451624393463
1648780997.5538628,3496,0.3002057373523712
1648780997.7964306,3511,0.30099964141845703
1648780997.973331,3522,0.3015722632408142
1648780998.133101,3532,0.3020857274532318
1648780998.1499097,3533,0.30213671922683716
1648780998.3877563,3547,0.30284327268600464
1648780998.4975533,3554,0.30319154262542725
1648780999.0683806,3591,0.3049766421318054
1648780999.299575,3606,0.30567339062690735
1648780999.6572201,3629,0.30671125650405884
1648780999.7027502,3632,0.30684390664100647
1648780999.8741639,3643,0.3073248565196991
1648781000.1364827,3660,0.30805131793022156
1648781000.34086,3673,0.3085930347442627
1648781000.5905077,3689,0.30924320220947266
1648781000.6243412,3691,0.30932319164276123
1648781000.8437486,3705,0.3098750412464142
1648781000.8742673,3707,0.3099527359008789
1648781001.0146697,3716,0.31029874086380005
1648781001.0626547,3719,0.31041279435157776
1648781001.0936892,3721,0.31048843264579773
1648781001.233529,3730,0.3108253479003906
1648781001.48463,3746,0.3114098012447357
1648781003.1733253,3761,0.3119407892227173
1648781003.2376745,3765,0.31207960844039917
1648781003.4095705,3776,0.31245532631874084
1648781003.8940136,3807,0.31346628069877625
1648781004.032867,3816,0.31374651193618774
1648781004.1100712,3821,0.31389957666397095
1648781004.2196114,3828,0.31411078572273254
1648781004.2955916,3833,0.31425940990448
1648781004.3423061,3836,0.31434768438339233
1648781004.4492946,3843,0.31455108523368835
1648781004.6189387,3854,0.31486329436302185
1648781004.8401163,3868,0.3152475953102112
1648781004.9677045,3876,0.31546059250831604
1648781005.161439,3888,0.31577107310295105
1648781005.652091,3919,0.3165229558944702
1648781005.793921,3928,0.3167276382446289
1648781005.8545167,3932,0.31681665778160095
1648781006.1767025,3953,0.31726399064064026
1648781006.376019,3966,0.31752410531044006
1648781006.7132463,3988,0.31793496012687683
1648781006.7455456,3990,0.31797048449516296
1648781006.8533607,3997,0.31809237599372864
1648781007.204924,4020,0.3184664845466614
1648781007.5754511,4044,0.31881359219551086
1648781007.5924954,4045,0.3188270926475525
1648781007.6527622,4049,0.3188803195953369
1648781007.7767713,4057,0.3189831078052521
1648781007.8550782,4062,0.319044828414917
1648781008.269828,4089,0.3193448781967163
1648781008.7577198,4120,0.31961995363235474
1648781008.9210114,4130,0.31969282031059265
1648781009.4396503,4162,0.31987398862838745
1648781009.6928973,4178,0.31993478536605835
1648781009.943291,4194,0.31997576355934143
1648781010.1302593,4206,0.31999343633651733
1648781010.1918705,4210,0.3199968636035919
1648781010.2835338,4216,0.31999966502189636
1648781011.8460875,4223,0.3199998736381531
1648781011.9391835,4229,0.31999918818473816
1648781012.2528048,4249,0.31999266147613525
1648781012.658381,4275,0.31997448205947876
1648781012.7373176,4280,0.31996971368789673
1648781012.8477113,4287,0.31996235251426697
1648781012.8956766,4290,0.31995898485183716
1648781013.0038946,4297,0.31995049118995667
1648781013.2562819,4313,0.3199280798435211
1648781013.2871592,4315,0.3199249804019928
1648781014.044921,4363,0.3198312520980835
1648781015.3900263,4449,0.3195696175098419
1648781015.6020892,4462,0.31951960921287537
1648781015.6180434,4463,0.3195156455039978
1648781016.040704,4489,0.31940698623657227
1648781016.0565586,4490,0.3194026052951813
1648781016.2196333,4500,0.3193577229976654
1648781016.2834892,4504,0.3193393349647522
1648781016.5290616,4519,0.31926798820495605
1648781016.7409625,4532,0.3192032277584076
1648781016.9539015,4545,0.31913575530052185
1648781017.5229287,4580,0.3189404308795929
1648781017.5719693,4583,0.318922758102417
1648781017.605345,4585,0.3189108967781067
1648781017.637964,4587,0.3188989758491516
1648781017.686521,4590,0.31888097524642944
1648781017.7045913,4591,0.31887492537498474
1648781017.9013937,4603,0.31880128383636475
1648781018.3218896,4629,0.31863370537757874
1648781018.4184275,4635,0.31859347224235535
1648781018.5623128,4644,0.3185320496559143
1648781018.7224889,4654,0.3184622526168823
1648781019.011224,4672,0.31833258271217346
1648781020.8943822,4698,0.3181360960006714
1648781020.9556344,4702,0.31810489296913147
1648781021.4549577,4734,0.31784602999687195
1648781021.68702,4749,0.317719042301178
1648781021.7181766,4751,0.3177018463611603
1648781021.7350261,4752,0.31769320368766785
1648781021.9500046,4766,0.3175707459449768
1648781022.0726612,4774,0.3174993693828583
1648781022.8091543,4821,0.3170592486858368
1648781022.8893826,4826,0.3170103430747986
1648781022.9694214,4831,0.31696105003356934
1648781023.3264644,4854,0.3167291283607483
1648781023.3418083,4855,0.3167188763618469
1648781024.2959962,4916,0.31606200337409973
1648781024.5120232,4930,0.3159028887748718
1648781024.5898745,4935,0.3158453106880188
1648781024.758705,4946,0.31571725010871887
1648781025.2432253,4977,0.3153460621833801
1648781025.367277,4985,0.3152477741241455
1648781025.382828,4986,0.315235435962677
1648781025.5063884,4994,0.31513604521751404
1648781025.7872167,5012,0.3149086833000183
1648781025.8181224,5014,0.31488311290740967
1648781025.8988302,5019,0.3148188889026642
1648781026.1679065,5036,0.31459763646125793
1648781026.3303826,5046,0.31446534395217896
1648781026.5039334,5057,0.3143180012702942
1648781026.6000571,5063,0.3142368495464325
1648781026.8532667,5079,0.314017653465271
1648781026.904333,5082,0.31397610902786255
1648781027.4776611,5118,0.3134665787220001
1648781027.6519616,5129,0.3133068382740021
1648781029.6632795,5164,0.3127860426902771
1648781029.6815617,5165,0.31277090311050415
1648781029.946461,5182,0.31251081824302673
1648781030.0874822,5191,0.31237128376960754
1648781030.1357896,5194,0.31232452392578125
1648781030.9439933,5245,0.311507910490036
1648781031.1338303,5257,0.31130993366241455
1648781031.274087,5266,0.31115999817848206
1648781031.3986993,5274,0.3110256493091583
1648781031.477702,5279,0.310941219329834
1648781031.58652,5286,0.31082233786582947
1648781031.8218446,5301,0.3105650544166565
1648781031.9970467,5312,0.3103742003440857
1648781032.1360512,5321,0.31021666526794434
1648781032.1661453,5323,0.31018149852752686
1648781032.7287319,5359,0.3095378875732422
1648781033.230488,5391,0.3089492619037628
1648781033.2766538,5394,0.30889326333999634
1648781033.3709784,5400,0.3087809085845947
1648781033.57662,5413,0.3085355758666992
1648781033.8129513,5428,0.308249294757843
1648781033.8767164,5432,0.30817240476608276
1648781034.0335453,5442,0.3079790771007538
1648781034.70039,5484,0.307150661945343
1648781034.780824,5489,0.30705028772354126
1648781035.0924163,5509,0.3066450357437134
1648781035.436093,5531,0.3061923384666443
1648781035.5916502,5541,0.3059841990470886
1648781035.9729307,5565,0.30547860264778137
1648781036.1808612,5578,0.3052011728286743
1648781036.3821483,5591,0.3049212396144867
1648781036.3994534,5592,0.3048996031284332
1648781036.652301,5608,0.3045514225959778
1648781036.7317894,5613,0.3044418394565582
1648781038.5093558,5632,0.3040221035480499
1648781038.6199474,5639,0.30386611819267273
1648781039.3289301,5684,0.3028463125228882
1648781039.4230912,5690,0.30270808935165405
1648781039.5770366,5700,0.30247658491134644
1648781039.6562629,5705,0.30236029624938965
1648781039.8313587,5716,0.302103191614151
1648781039.959238,5724,0.30191507935523987
1648781040.1483076,5736,0.30163121223449707
1648781040.197884,5739,0.3015599250793457
1648781040.476004,5757,0.30112943053245544
1648781040.6064599,5765,0.30093660950660706
1648781041.093463,5793,0.3002545237541199
1648781041.2160761,5800,0.300082266330719
1648781041.3206594,5806,0.2999340295791626
1648781041.5797122,5822,0.2995362877845764
1648781041.7362406,5832,0.2992858588695526
1648781042.36881,5873,0.29824426770210266
1648781042.4473867,5878,0.298115611076355
1648781042.526286,5883,0.29798662662506104
1648781043.0968454,5919,0.29704749584198
1648781043.3830597,5937,0.29657116532325745
1648781043.6387212,5953,0.2961439788341522
1648781044.3057983,5995,0.295005738735199
1648781044.618058,6015,0.2944552004337311
1648781045.384013,6064,0.2930833101272583
1648781045.7460933,6087,0.2924281060695648
1648781045.7614453,6088,0.29239946603775024
1648781045.8423986,6093,0.29225602746009827
1648781047.5167656,6107,0.29185259342193604
1648781047.657682,6116,0.2915918529033661
1648781047.7661905,6123,0.29138830304145813
1648781048.4048,6164,0.2901829779148102
1648781048.4524047,6167,0.29009392857551575
1648781048.5755992,6175,0.28985580801963806
1648781048.9993105,6202,0.2890459895133972
1648781049.4167879,6228,0.28825709223747253
1648781049.4677522,6231,0.28816550970077515
1648781049.4998806,6233,0.288104385137558
1648781049.585738,6238,0.2879513204097748
1648781049.8312986,6252,0.2875210642814636
1648781049.8486018,6253,0.28749021887779236
1648781049.9182708,6257,0.2873667776584625
1648781050.2462144,6276,0.2867775559425354
1648781050.4522088,6289,0.28637170791625977
1648781050.6120946,6299,0.2860580384731293
1648781050.9238372,6317,0.2854902148246765
1648781050.940692,6318,0.2854585647583008
1648781051.1482909,6330,0.2850775718688965
1648781051.3246193,6340,0.28475865721702576
1648781052.1083753,6388,0.2832103371620178
1648781052.350302,6402,0.28275325894355774
1648781052.5574605,6414,0.2823595702648163
1648781052.645748,6419,0.28219500184059143
1648781052.6621826,6420,0.28216204047203064
1648781052.7490227,6425,0.28199708461761475
1648781053.6394765,6478,0.2802296578884125
1648781054.8378613,6556,0.27756616473197937
1648781054.8973835,6560,0.2774275839328766
1648781054.9610856,6564,0.2772888243198395
1648781056.4730492,6566,0.27721938490867615
1648781056.6841688,6579,0.2767668068408966
1648781056.9672585,6597,0.2761368155479431
1648781057.625658,6639,0.27465206384658813
1648781057.8020878,6650,0.2742597758769989
1648781057.8644261,6654,0.27411678433418274
1648781057.959039,6660,0.27390193939208984
1648781058.289666,6681,0.27314668893814087
1648781058.7340336,6709,0.2721318304538727
1648781059.2821481,6744,0.27085065841674805
1648781059.4071882,6752,0.27055588364601135
1648781059.6590133,6768,0.26996415853500366
1648781059.87497,6782,0.2694440484046936
1648781059.890562,6783,0.26940682530403137
1648781060.044705,6793,0.26903387904167175
1648781060.0602794,6794,0.2689965069293976
1648781060.2445085,6806,0.268547385931015
1648781060.2746122,6808,0.2684723734855652
1648781060.8456829,6845,0.2670767307281494
1648781060.967949,6853,0.2667730152606964
1648781061.1059372,6862,0.26643046736717224
1648781061.213902,6869,0.2661634683609009
1648781061.2585022,6872,0.2660488784313202
1648781061.336398,6877,0.26585766673088074
1648781061.5660503,6892,0.26528242230415344
1648781061.6607733,6898,0.26505163311958313
1648781062.0019655,6920,0.26420217752456665
1648781062.0791082,6925,0.26400840282440186
1648781062.2653036,6937,0.2635422646999359
1648781062.358036,6943,0.2633086144924164
1648781062.389378,6945,0.26323065161705017
1648781062.5786684,6957,0.26276201009750366
1648781062.9369175,6980,0.2618595361709595
1648781062.9682224,6982,0.2617807984352112
1648781063.1257048,6992,0.2613864839076996
1648781063.1714942,6995,0.2612679898738861
1648781063.6577957,7026,0.2600381672382355
1648781065.3984394,7043,0.25935959815979004
1648781065.5551941,7053,0.2589590847492218
1648781065.6204846,7057,0.2587985694408417
1648781065.901706,7075,0.2580743730068207
1648781066.3190408,7102,0.2569819986820221
1648781066.4273841,7109,0.2566976249217987
1648781066.8803964,7138,0.25551432371139526
1648781067.355819,7168,0.2542816400527954
1648781067.433368,7173,0.25407537817955017
1648781067.4660542,7175,0.25399279594421387
1648781067.496827,7177,0.2539101541042328
1648781067.5120752,7178,0.25386884808540344
1648781067.5907316,7183,0.2536620795726776
1648781067.782453,7195,0.2531648576259613
1648781067.812763,7197,0.2530818581581116
1648781068.0124025,7210,0.2525414228439331
1648781068.1339,7218,0.25220805406570435
1648781068.299259,7229,0.2517486810684204
1648781068.4050798,7236,0.25145578384399414
1648781069.0202093,7276,0.2497733235359192
1648781069.0502121,7278,0.24968881905078888
1648781069.297692,7294,0.24901144206523895
1648781069.4359877,7303,0.2486293911933899
1648781069.9478455,7336,0.24722231924533844
1648781070.3962047,7365,0.24597783386707306
1648781070.721069,7386,0.24507205188274384
1648781071.5078056,7437,0.2428564727306366
1648781071.7219346,7451,0.2422444075345993
1648781071.801766,7456,0.24202542006969452
1648781072.0213225,7470,0.24141114950180054
1648781072.2420044,7484,0.24079523980617523
1648781072.395535,7494,0.24035432934761047
1648781074.2820315,7521,0.23915977776050568
1648781074.6361284,7544,0.23813755810260773
1648781074.652653,7545,0.23809301853179932
1648781074.7738414,7553,0.23773641884326935
1648781075.1381466,7577,0.2366635799407959
1648781075.5510607,7604,0.23545125126838684
1648781076.1144261,7640,0.233826145529747
1648781076.1621299,7643,0.2336902767419815
1648781076.4241595,7660,0.2329190969467163
1648781076.6391463,7674,0.2322823852300644
1648781076.6694624,7676,0.2321913093328476
1648781077.6409726,7739,0.22930756211280823
1648781077.6883976,7742,0.22916953265666962
1648781077.919851,7757,0.22847843170166016
1648781078.524382,7796,0.22667430341243744
1648781078.7412705,7810,0.22602413594722748
1648781079.037656,7829,0.22513964772224426
1648781079.256424,7843,0.22448639571666718
1648781079.9676123,7888,0.22237801551818848
1648781080.027964,7892,0.2221899777650833
1648781080.077211,7895,0.22204887866973877
1648781080.1224134,7898,0.22190773487091064
1648781081.1159744,7962,0.21888315677642822
1648781082.8467207,7979,0.21807558834552765
1648781083.398879,8014,0.21640756726264954
1648781083.555564,8024,0.21592970192432404
1648781083.585993,8026,0.21583405137062073
1648781083.6013591,8027,0.21578621864318848
1648781083.7453842,8036,0.2153555005788803
1648781083.8076916,8040,0.215163916349411
1648781083.894419,8045,0.21492432057857513
1648781083.9117455,8046,0.21487638354301453
1648781084.037433,8053,0.21454066038131714
1648781084.694195,8092,0.21266530454158783
1648781084.7457738,8095,0.21252070367336273
1648781084.979732,8110,0.21179699897766113
1648781085.2578557,8128,0.21092697978019714
1648781085.4925084,8143,0.21020066738128662
1648781085.6353366,8152,0.20976434648036957
1648781085.666755,8154,0.20966732501983643
1648781086.5147035,8208,0.20704030990600586
1648781087.2060683,8252,0.2048894166946411
1648781087.2213187,8253,0.20484042167663574
1648781087.5644143,8275,0.20376154780387878
1648781087.6137552,8278,0.2036142498254776
1648781087.6287322,8279,0.20356515049934387
1648781087.8639004,8294,0.202828049659729
1648781087.9589465,8300,0.20253293216228485
1648781087.9895961,8302,0.2024345099925995
1648781088.1316237,8311,0.201991468667984
1648781088.1637998,8313,0.20189297199249268
1648781088.879485,8359,0.19962280988693237
1648781089.1607847,8377,0.19873212277889252
1648781089.4379425,8395,0.19784016907215118
1648781089.717906,8413,0.19694697856903076
1648781089.7333832,8414,0.19689731299877167
1648781091.749015,8449,0.19515696167945862
1648781091.9324057,8461,0.194559246301651
1648781092.1818225,8477,0.19376149773597717
1648781092.3680594,8489,0.19316262006759644
1648781092.771167,8515,0.19186337292194366
1648781092.8198736,8518,0.19171331822872162
1648781092.9428198,8526,0.19131304323673248
1648781093.192384,8542,0.19051185250282288
1648781093.3009956,8549,0.1901610791683197
1648781094.0681262,8598,0.18770158290863037
1648781094.0834777,8599,0.18765132129192352
1648781094.1462603,8603,0.18745023012161255
1648781094.1770432,8605,0.18734966218471527
1648781094.2710102,8611,0.18704791367053986
1648781094.72449,8640,0.1855880469083786
1648781094.7399306,8641,0.1855376660823822
1648781094.8022969,8645,0.18533611297607422
1648781095.0639918,8662,0.18447908759117126
1648781095.2188263,8672,0.18397462368011475
1648781096.051102,8726,0.18124639987945557
1648781096.113409,8730,0.18104404211044312
1648781096.1903944,8735,0.18079105019569397
1648781096.4688299,8753,0.17987985908985138
1648781096.9682841,8785,0.17825837433338165
1648781097.4024014,8813,0.1768380105495453
1648781097.5431616,8822,0.1763811707496643
1648781097.7909126,8838,0.17556868493556976
1648781097.9140337,8846,0.17516228556632996
1648781097.9608638,8849,0.1750098615884781
1648781098.2846248,8870,0.17394250631332397
1648781098.3759875,8876,0.17363743484020233
1648781098.4512398,8881,0.17338316142559052
1648781101.0328403,8951,0.1698201596736908
1648781101.394475,8972,0.16875022649765015
1648781101.4849412,8978,0.1684444546699524
1648781101.8165452,8999,0.16737401485443115
1648781101.989975,9010,0.1668131798505783
1648781102.237954,9026,0.16599726676940918
1648781102.425491,9038,0.16538523137569427
1648781102.5049555,9043,0.16513018310070038
1648781102.8626685,9066,0.16395685076713562
1648781102.941001,9071,0.16370174288749695
1648781103.6006093,9112,0.16160959005355835
1648781103.6472604,9115,0.16145649552345276
1648781104.037008,9139,0.16023166477680206
1648781104.5742753,9172,0.158547505736351
1648781105.5296059,9232,0.15548595786094666
1648781105.8097212,9250,0.15456776320934296
1648781105.8740306,9254,0.154363751411438
1648781106.1073344,9269,0.15359875559806824
1648781106.1691284,9273,0.15339478850364685
1648781106.2142441,9276,0.1532418131828308
1648781106.2755558,9280,0.15303786098957062
1648781106.3657718,9286,0.15273194015026093
1648781106.5636897,9299,0.15206924080848694
1648781106.7028,9308,0.15161050856113434
1648781106.9811945,9326,0.15069328248500824
1648781107.0423527,9330,0.15048949420452118
1648781107.273978,9345,0.14972542226314545
1648781107.6810334,9371,0.14840161800384521
1648781107.7259412,9374,0.14824891090393066
1648781109.4519596,9391,0.14738383889198303
1648781109.501419,9394,0.14723120629787445
1648781109.598609,9400,0.14692600071430206
1648781110.3533628,9447,0.14453691244125366
1648781110.4496024,9453,0.1442321538925171
1648781110.7955706,9475,0.14311523735523224
1648781110.8109076,9476,0.1430644989013672
1648781111.157435,9498,0.14194844663143158
1648781111.3813415,9512,0.14123870432376862
1648781111.396887,9513,0.14118801057338715
1648781111.5089993,9520,0.1408332884311676
1648781111.5712776,9524,0.14063063263893127
1648781111.7429955,9535,0.1400734931230545
1648781112.0572472,9555,0.13906115293502808
1648781112.1200483,9559,0.13885878026485443
1648781112.1884608,9563,0.13865643739700317
1648781112.256989,9567,0.1384541392326355
1648781112.367225,9574,0.13810020685195923
1648781112.7128255,9596,0.1369885355234146
1648781112.772439,9600,0.1367865353822708
1648781113.2399514,9630,0.1352727711200714
1648781113.6000576,9653,0.13411372900009155
1648781114.2975893,9698,0.13185013830661774
1648781114.501589,9711,0.1311972737312317
1648781114.6566412,9721,0.1306954026222229
1648781114.750757,9727,0.13039442896842957
1648781114.876022,9735,0.1299932897090912
1648781115.064429,9747,0.12939195334911346
1648781115.08229,9748,0.12934187054634094
1648781115.1897883,9755,0.12899130582809448
1648781115.313774,9763,0.12859086692333221
1648781115.5808558,9780,0.12774062156677246
1648781115.9393892,9803,0.1265917867422104
1648781116.0834455,9812,0.1261427402496338
1648781116.1770422,9818,0.12584352493286133
1648781116.3357208,9828,0.1253451108932495
1648781118.269035,9858,0.12385199964046478
1648781118.4285734,9868,0.12335503101348877
1648781119.2133293,9917,0.12092534452676773
1648781119.5520203,9938,0.11988694220781326
1648781119.7404995,9950,0.11929436773061752
1648781119.8984046,9960,0.11880102008581161
1648781119.9754038,9965,0.1185545027256012
1648781120.038288,9969,0.11835736036300659
1648781120.2084255,9980,0.11781557649374008
1648781120.2258148,9981,0.1177663505077362
1648781120.5662272,10003,0.1166844442486763
1648781120.8129313,10019,0.11589893698692322
1648781121.12825,10039,0.11491867899894714
1648781121.2220871,10045,0.11462495476007462
1648781121.2965853,10050,0.11438031494617462
1648781121.5146966,10064,0.11369593441486359
1648781121.5472338,10066,0.11359824240207672
1648781121.6703265,10074,0.11320766061544418
1648781121.946297,10092,0.11232995986938477
1648781122.040312,10098,0.11203774809837341
1648781122.5366712,10130,0.11048224568367004
1648781122.8479958,10150,0.10951266437768936
1648781123.4012465,10185,0.10782087594270706
1648781123.539475,10193,0.10743508487939835
1648781123.6760955,10201,0.10704963654279709
1648781124.1367319,10228,0.10575131326913834
1648781124.3279378,10239,0.10522351413965225
1648781124.4851599,10248,0.10479217767715454
1648781124.5356827,10251,0.10464850068092346
1648781124.5526752,10252,0.10460062325000763
1648781125.27537,10298,0.10240425914525986
1648781125.4104812,10307,0.10197597742080688
1648781127.2322247,10331,0.10083622485399246
1648781127.5417848,10351,0.09988907724618912
1648781127.6713574,10359,0.09951090067625046
1648781128.1942408,10389,0.09809627383947372
1648781128.2659655,10393,0.09790807962417603
1648781128.3180335,10396,0.09776700288057327
1648781128.4610405,10404,0.09739107638597488
1648781128.756216,10421,0.09659358114004135
1648781128.9501848,10432,0.0960785523056984
1648781129.2484102,10449,0.09528414905071259
1648781129.4940567,10463,0.09463135898113251
1648781129.79854,10481,0.09379397332668304
1648781130.159098,10503,0.09277346730232239
1648781130.314153,10513,0.09231069684028625
1648781130.6581783,10535,0.091295026242733
1648781130.7221553,10539,0.0911107212305069
1648781130.796926,10544,0.09088049829006195
1648781131.4606328,10587,0.088907890021801
1648781131.9101768,10616,0.08758506178855896
1648781131.9542701,10619,0.08744856715202332
1648781132.2557635,10639,0.08654031902551651
1648781132.270439,10640,0.08649498224258423
1648781133.1091638,10694,0.08405815809965134
1648781133.5649126,10723,0.08275873959064484
1648781133.6739175,10730,0.08244607597589493
1648781133.8144922,10739,0.08204464614391327
1648781134.1005354,10757,0.08124371618032455
1648781134.240502,10766,0.0808442234992981
1648781134.4419127,10779,0.08026833087205887
1648781136.585698,10822,0.07837328314781189
1648781136.600065,10823,0.07832939177751541
1648781136.631565,10825,0.07824163883924484
1648781136.6948085,10829,0.07806622982025146
1648781137.0554576,10852,0.07706022262573242
1648781137.2128685,10862,0.07662422209978104
1648781137.2310495,10863,0.07658066600561142
1648781137.3082705,10868,0.07636302709579468
1648781137.3239765,10869,0.07631952315568924
1648781137.7014723,10893,0.07527802139520645
1648781137.9505827,10909,0.07458644360303879
1648781137.998096,10912,0.07445701956748962
1648781138.1240387,10920,0.07411226630210876
1648781138.3100257,10932,0.07359619438648224
1648781138.402787,10938,0.07333863526582718
1648781138.5451293,10947,0.07295288890600204
1648781138.6859262,10956,0.07256785780191422
1648781138.8123002,10964,0.07222621142864227
1648781138.890138,10969,0.07201297581195831
1648781138.9518573,10973,0.07184255123138428
1648781139.045541,10979,0.07158717513084412
1648781139.2529562,10992,0.0710349753499031
1648781139.3173025,10996,0.07086537778377533
1648781139.9285576,11035,0.0692194253206253
1648781140.561034,11075,0.06754586845636368
1648781140.8423457,11093,0.0667976588010788
1648781141.0014334,11103,0.06638331711292267
1648781141.1738725,11114,0.0659286379814148
1648781141.2228394,11117,0.06580483168363571
1648781141.2380416,11118,0.06576358526945114
1648781141.3333478,11124,0.06551629304885864
1648781141.3790638,11127,0.06539278477430344
1648781142.1440227,11176,0.06338772177696228
1648781142.209217,11180,0.06322507560253143
1648781142.5941966,11205,0.06221213936805725
1648781142.7346876,11214,0.06184900179505348
1648781142.9495451,11228,0.061285726726055145
1648781145.295611,11284,0.05905243009328842
1648781145.664842,11307,0.058144472539424896
1648781145.7616067,11313,0.05790851637721062
1648781146.1688983,11337,0.05696842819452286
1648781146.5619907,11362,0.05599559471011162
1648781146.7348402,11373,0.055569637566804886
1648781146.7679713,11375,0.055492330342531204
1648781146.7836902,11376,0.05545369163155556
1648781147.4564538,11415,0.05395513400435448
1648781147.6908543,11428,0.053459249436855316
1648781147.807875,11435,0.053192995488643646
1648781147.9458601,11444,0.05285144969820976
1648781148.0723133,11452,0.052548591047525406
1648781148.7957733,11498,0.050820812582969666
1648781148.8262472,11500,0.05074622109532356
1648781149.5846107,11548,0.048969462513923645
1648781149.6005857,11549,0.048932719975709915
1648781149.7754447,11560,0.04852932319045067
1648781149.9001215,11568,0.04823680222034454
1648781150.052576,11578,0.04787217825651169
1648781150.1151032,11582,0.047726646065711975
1648781150.7575557,11623,0.04624553397297859
1648781151.1124203,11646,0.04542316868901253
1648781151.1589506,11649,0.04531635716557503
1648781151.1742935,11650,0.04528077691793442
1648781151.4545748,11668,0.04464232921600342
1648781151.5504954,11674,0.04443035647273064
1648781152.0289133,11705,0.04334193095564842
1648781153.9400294,11733,0.04236863553524017
1648781154.09431,11743,0.042023297399282455
1648781154.2641637,11754,0.04164481535553932
1648781154.309474,11757,0.041541848331689835
1648781154.3557055,11760,0.041438985615968704
1648781154.447862,11766,0.04123358801007271
1648781154.477193,11768,0.041165221482515335
1648781155.2883031,11820,0.03940468281507492
1648781155.556029,11837,0.038836296647787094
1648781155.6514924,11843,0.03863653913140297
1648781156.1563685,11875,0.03757869452238083
1648781156.362009,11888,0.03715258091688156
1648781156.503748,11897,0.03685881569981575
1648781157.3178184,11948,0.03521339222788811
1648781157.5176039,11960,0.03483101725578308
1648781157.5818102,11964,0.03470396623015404
1648781157.9360886,11987,0.033977385610342026
1648781158.182744,12003,0.03347593545913696
1648781158.385747,12016,0.03307093679904938
1648781158.4339645,12019,0.03297778218984604
1648781158.650095,12032,0.032575469464063644
1648781158.7339032,12037,0.03242131695151329
1648781158.9141383,12048,0.03208332508802414
1648781159.04041,12056,0.03183849900960922
1648781159.5933945,12091,0.030777225270867348
1648781159.6728256,12096,0.030626926571130753
1648781160.1726432,12128,0.02967282198369503
1648781160.2832649,12135,0.029465919360518456
1648781160.3775597,12141,0.029289091005921364
1648781160.4261212,12144,0.029200855642557144
1648781160.4418533,12145,0.029171472415328026
1648781160.472076,12147,0.029112741351127625
1648781160.8163724,12169,0.02847023494541645
1648781162.7292662,12199,0.02760453335940838
1648781162.7478914,12200,0.027575884014368057
1648781162.7626925,12201,0.02754724957048893
1648781162.7934382,12203,0.02749001979827881
1648781162.9028165,12210,0.027290143072605133
1648781162.9482806,12213,0.027204683050513268
1648781163.1714861,12227,0.026807481423020363
1648781163.251952,12232,0.026666266843676567
1648781163.5148573,12247,0.02624466083943844
1648781163.7235408,12259,0.025909580290317535
1648781163.811545,12264,0.02577054128050804
1648781164.1098697,12281,0.025300370529294014
1648781164.1820462,12285,0.025190316140651703
1648781164.480292,12304,0.024670561775565147
1648781164.5596695,12309,0.02453461103141308
1648781164.762725,12322,0.024182748049497604
1648781164.9511023,12334,0.02386002615094185
1648781165.486124,12368,0.022956492379307747
1648781165.6130457,12376,0.022746235132217407
1648781165.7689338,12386,0.02248466946184635
1648781166.0833085,12406,0.021965740248560905
1648781166.113971,12408,0.021914156153798103
1648781166.539136,12435,0.0212232768535614
1648781166.554259,12436,0.021197885274887085
1648781166.6801167,12444,0.02099526859819889
1648781166.7901394,12451,0.020818719640374184
1648781166.8840349,12457,0.020667945966124535
1648781166.899223,12458,0.02064286544919014
1648781167.0584354,12468,0.020392851904034615
1648781167.6885061,12508,0.01940702460706234
1648781167.7524886,12512,0.019309697672724724
1648781168.5315106,12561,0.018136082217097282
1648781168.5466664,12562,0.018112491816282272
1648781168.5625534,12563,0.018088914453983307
1648781168.7849436,12577,0.017760353162884712
1648781169.005474,12591,0.017434630542993546
1648781169.2287326,12605,0.017111748456954956
1648781169.3549857,12613,0.016928523778915405
1648781169.559794,12626,0.016632771119475365
1648781169.7022102,12635,0.016429463401436806
1648781169.9526255,12651,0.016070950776338577
1648781169.9835372,12653,0.01602640002965927
1648781170.0139809,12655,0.01598190702497959
1648781171.8526525,12677,0.015496366657316685
1648781171.948288,12683,0.015365180559456348
1648781172.1395042,12695,0.01510439720004797
1648781172.2366006,12701,0.014974801801145077
1648781172.2519286,12702,0.014953253790736198
1648781172.3178244,12706,0.014867210760712624
1648781172.938134,12746,0.01401980035007
1648781173.4257843,12778,0.01335897482931614
1648781173.5638163,12787,0.01317586749792099
1648781173.5958695,12789,0.013135340996086597
1648781173.9229083,12810,0.012713427655398846
1648781174.2950284,12834,0.012239335104823112
1648781174.3252985,12836,0.012200217694044113
1648781174.4976025,12847,0.011986148543655872
1648781174.9988208,12879,0.011373771354556084
1648781175.441915,12907,0.010850642807781696
1648781175.801213,12930,0.01042982842773199
1648781176.005714,12943,0.01019553653895855
1648781176.283575,12961,0.009875385090708733
1648781177.1866121,13019,0.008877505548298359
1648781177.356989,13030,0.008694076910614967
1648781177.3719003,13031,0.008677494712173939
1648781177.6901011,13050,0.008365345187485218
1648781177.862034,13060,0.008203293196856976
1648781178.002069,13068,0.008074763230979443
1648781178.0183458,13069,0.008058766834437847
1648781178.2279344,13081,0.00786801241338253
1648781178.2450967,13082,0.007852217182517052
1648781179.0100923,13126,0.007172558456659317
1648781181.2862046,13179,0.006393861025571823
1648781181.6831431,13204,0.006041775457561016
1648781181.812493,13212,0.005931174848228693
1648781181.921782,13219,0.005835222080349922
1648781182.0005753,13224,0.005767154973000288
1648781183.1568081,13298,0.004805723670870066
1648781183.748238,13336,0.004345584195107222
1648781183.9373796,13348,0.004205025266855955
1648781184.0752072,13357,0.004101103637367487
1648781184.1993105,13365,0.0040098074823617935
1648781184.4116626,13378,0.003863618243485689
1648781184.7667482,13401,0.0036115541588515043
1648781184.9237146,13411,0.0035045857075601816
1648781185.0157747,13417,0.003441168926656246
1648781185.046964,13419,0.0034201573580503464
1648781185.3064575,13436,0.003244133433327079
1648781185.5341415,13451,0.0030926456674933434
1648781185.580406,13454,0.0030627790838479996
1648781185.8096545,13469,0.002915602410212159
1648781185.8396544,13471,0.002896250458434224
1648781186.0859504,13487,0.002743737306445837
1648781186.2104,13495,0.0026690165977925062
1648781186.5666153,13518,0.0024599030148237944
1648781186.5819957,13519,0.0024510035291314125
1648781186.6607509,13524,0.0024067459162324667
1648781186.6915693,13526,0.0023891550954431295
1648781186.7875512,13532,0.002336767502129078
1648781187.0635607,13550,0.002183070406317711
1648781187.388702,13571,0.0020103331189602613
1648781189.4407413,13609,0.0017157860565930605
1648781189.5656824,13617,0.0016567379934713244
1648781189.7205288,13627,0.0015843779547140002
1648781189.9564784,13642,0.0014788602711632848
1648781190.0664654,13649,0.0014308604877442122
1648781190.097416,13651,0.0014172914670780301
1648781190.1760068,13656,0.0013836512807756662
1648781190.2212067,13659,0.0013636607909575105
1648781190.2363262,13660,0.0013570296578109264
1648781190.6104703,13684,0.0012027246411889791
1648781190.8459997,13699,0.0011110093910247087
1648781191.2092488,13722,0.0009774448117241263
1648781191.2907453,13727,0.000949541456066072
1648781191.3685632,13732,0.0009220425854437053
1648781191.4171326,13735,0.0009057375136762857
1648781191.4625423,13738,0.0008895780774764717
1648781191.649657,13750,0.0008263976778835058
1648781191.6647413,13751,0.0008212378597818315
1648781191.8231254,13761,0.0007705309544689953
1648781192.2720642,13789,0.000637172139249742
1648781192.365719,13795,0.0006102487677708268
1648781192.757477,13820,0.0005043534329161048
1648781193.186759,13847,0.0004013788129668683
1648781193.3463652,13857,0.0003662438248284161
1648781193.39606,13860,0.0003560200275387615
1648781193.524203,13868,0.0003294713096693158
1648781193.5397995,13869,0.0003262258251197636
1648781193.6997373,13879,0.00029466458363458514
1648781194.0014622,13898,0.00023917516227811575
1648781194.0666065,13902,0.0002282408531755209
1648781194.6202126,13937,0.0001436623715562746
1648781194.8128338,13949,0.00011925023136427626
1648781195.1802084,13971,8.05788513389416e-05
1648781195.309653,13979,6.846898759249598e-05
1648781195.519955,13992,5.101169881527312e-05
1648781195.8630285,14013,2.8621487217606045e-05
1648781195.9611118,14019,2.3542645067209378e-05
1648781196.2233624,14035,1.2863880328950472e-05
1648781196.767932,14069,4.008139512734488e-06
