Wall time,Step,Value
1648780931.95912,16,2.2285304069519043
1648780932.3643854,40,0.8291562795639038
1648780932.4458492,45,0.6633651256561279
1648780932.7748375,66,0.42383190989494324
1648780932.9938436,80,0.478998064994812
1648780933.1994007,93,0.20031803846359253
1648780933.2465098,96,0.32012635469436646
1648780933.27725,98,0.3013060688972473
1648780933.4803722,111,0.2552233636379242
1648780933.6876183,124,0.3248533308506012
1648780933.703022,125,0.23283684253692627
1648780933.7821426,130,0.3238058090209961
1648780933.862108,135,0.24386532604694366
1648780933.9885223,143,0.32764503359794617
1648780934.0526636,147,0.15947018563747406
1648780934.3333747,165,0.24037155508995056
1648780934.3977246,169,0.17249765992164612
1648780934.711766,189,0.2471441626548767
1648780935.3200533,227,0.1483422964811325
1648780935.3542674,229,0.2389727234840393
1648780935.6278586,246,0.20608384907245636
1648780935.7737944,255,0.1099676787853241
1648780935.8740485,261,0.09880511462688446
1648780935.9391916,265,0.15113143622875214
1648780935.9867527,268,0.14398892223834991
1648780936.5063353,300,0.11680691689252853
1648780936.56971,304,0.12195924669504166
1648780936.665506,310,0.12715497612953186
1648780936.8030581,318,0.10804696381092072
1648780937.1931398,340,0.09711749851703644
1648780937.3501875,350,0.05689107999205589
1648780937.5141869,360,0.06690485775470734
1648780937.594183,365,0.048580069094896317
1648780937.7744825,376,0.08008422702550888
1648780937.7901447,377,0.06289135664701462
1648780938.0503356,393,0.19854405522346497
1648780938.7594836,437,0.038146618753671646
1648780938.9700544,450,0.08041535317897797
1648780939.212914,465,0.025990843772888184
1648780940.9135113,470,0.13362859189510345
1648780941.2350218,490,0.09492897242307663
1648780941.3622584,498,0.0825507864356041
1648780941.8096051,526,0.1796550452709198
1648780942.0334752,540,0.12023957818746567
1648780942.9332898,597,0.08284854143857956
1648780943.109677,608,0.03465321660041809
1648780943.2381716,616,0.030333852395415306
1648780943.3841019,625,0.048714835196733475
1648780943.556694,636,0.04765281081199646
1648780943.6193707,640,0.0776481181383133
1648780943.651181,642,0.14828366041183472
1648780943.7152116,646,0.1449984461069107
1648780943.9563003,661,0.07129774987697601
1648780944.3102462,683,0.11818977445363998
1648780944.4556453,692,0.02878899686038494
1648780944.8566625,717,0.1568857729434967
1648780945.0330098,728,0.05478436499834061
1648780945.0483303,729,0.14068067073822021
1648780945.2656286,743,0.20228171348571777
1648780945.358653,749,0.1680179238319397
1648780945.6260722,766,0.1155615895986557
1648780945.7382681,773,0.15493714809417725
1648780945.9619796,787,0.04800904542207718
1648780946.011437,790,0.0758451595902443
1648780946.325472,810,0.08185058832168579
1648780946.4037414,815,0.08504360169172287
1648780946.4860187,820,0.11357209086418152
1648780946.566749,825,0.0277171079069376
1648780946.6127942,828,0.06827999651432037
1648780947.389003,877,0.1002689078450203
1648780947.851729,906,0.05964949354529381
1648780950.0308557,949,0.07767508178949356
1648780950.187582,958,0.04403679445385933
1648780950.642515,984,0.10339753329753876
1648780950.9938445,1004,0.06388601660728455
1648780951.0107799,1005,0.022591374814510345
1648780951.4132717,1029,0.08935017138719559
1648780951.6163204,1042,0.04832315444946289
1648780951.6616726,1045,0.042405448853969574
1648780951.6767266,1046,0.13447028398513794
1648780952.2279735,1081,0.04831823334097862
1648780952.3986292,1092,0.036713555455207825
1648780952.6590898,1109,0.09444891661405563
1648780953.0493228,1134,0.0985947996377945
1648780953.3491576,1153,0.13837113976478577
1648780953.70247,1175,0.06114771589636803
1648780953.8289723,1183,0.05284835025668144
1648780954.5758119,1230,0.05128144845366478
1648780954.6241674,1233,0.04791036620736122
1648780955.032561,1259,0.10277506709098816
1648780955.155713,1267,0.021048152819275856
1648780955.2167752,1271,0.052860721945762634
1648780955.2495193,1273,0.07117339223623276
1648780955.4773357,1288,0.059489186853170395
1648780955.6608944,1300,0.06129816919565201
1648780955.73824,1305,0.06363644450902939
1648780956.9744546,1383,0.10314039885997772
1648780958.7960196,1407,0.06867192685604095
1648780959.105858,1427,0.0428207591176033
1648780959.6756763,1463,0.07403270155191422
1648780960.3249793,1504,0.03208326920866966
1648780960.3702862,1507,0.02261163666844368
1648780960.3858824,1508,0.033412158489227295
1648780960.4013116,1509,0.06625255197286606
1648780960.6341455,1524,0.01698935776948929
1648780960.742507,1531,0.11180485785007477
1648780960.759241,1532,0.07516220957040787
1648780960.914354,1542,0.00599877443164587
1648780961.433007,1575,0.04008377343416214
1648780961.5722296,1584,0.042913708835840225
1648780961.6350348,1588,0.016454333439469337
1648780961.6813278,1591,0.052233122289180756
1648780961.8343213,1601,0.04114023223519325
1648780962.2352893,1627,0.0800134614109993
1648780962.3000195,1631,0.10029150545597076
1648780962.424163,1639,0.06273078173398972
1648780962.439514,1640,0.0460781492292881
1648780962.5174353,1645,0.03812035173177719
1648780962.5781777,1649,0.007655192632228136
1648780962.6102052,1651,0.04862181097269058
1648780962.6719947,1655,0.036010075360536575
1648780962.7648234,1661,0.05062812194228172
1648780962.872806,1668,0.09332749992609024
1648780963.0255458,1678,0.05227356404066086
1648780963.4124005,1703,0.03470465913414955
1648780963.4282632,1704,0.037912800908088684
1648780963.4589229,1706,0.03553678095340729
1648780963.8496165,1731,0.01519472524523735
1648780964.2716336,1755,0.04683607816696167
1648780964.4646235,1767,0.03818952292203903
1648780964.728539,1783,0.07221081852912903
1648780965.0734887,1805,0.01514527015388012
1648780965.1194031,1808,0.012693610973656178
1648780965.13479,1809,0.03731523081660271
1648780968.1674979,1910,0.033018600195646286
1648780968.3511207,1922,0.0260996725410223
1648780968.5860088,1937,0.02647445537149906
1648780968.7264333,1946,0.023803872987627983
1648780968.7574964,1948,0.06934832036495209
1648780969.114593,1971,0.007407756056636572
1648780969.1919937,1976,0.06677139550447464
1648780969.4254282,1991,0.009795517660677433
1648780969.6447797,2005,0.0293001476675272
1648780969.6930752,2008,0.015604663640260696
1648780970.050119,2031,0.0342007651925087
1648780970.3808968,2052,0.06385937333106995
1648780970.6293123,2068,0.05430695414543152
1648780970.6451027,2069,0.007661244831979275
1648780970.7703764,2077,0.03300897404551506
1648780970.8973372,2085,0.018501419574022293
1648780970.9132276,2086,0.07723166793584824
1648780971.1307948,2100,0.05446401238441467
1648780971.3936048,2117,0.029162317514419556
1648780971.5835736,2129,0.04748428612947464
1648780971.724379,2138,0.011084144935011864
1648780971.8972867,2149,0.015434693545103073
1648780972.1143253,2163,0.10185471922159195
1648780972.2686243,2173,0.04985268414020538
1648780972.3793905,2180,0.1738644689321518
1648780972.5040507,2188,0.1208924949169159
1648780972.5967438,2194,0.030803106725215912
1648780973.344006,2242,0.03292624652385712
1648780973.4372537,2248,0.05740201473236084
1648780973.6996624,2265,0.032696206122636795
1648780973.9625006,2282,0.10449516773223877
1648780974.0859654,2290,0.008179853670299053
1648780974.1007817,2291,0.03816062957048416
1648780974.4101858,2310,0.05487440899014473
1648780974.5820193,2320,0.01999588869512081
1648780974.6876798,2326,0.055005647242069244
1648780974.756776,2330,0.05991823226213455
1648780974.7740974,2331,0.007073607295751572
1648780974.878276,2337,0.01551034115254879
1648780976.7254903,2357,0.06126225367188454
1648780976.8161504,2363,0.007991093210875988
1648780977.2637494,2392,0.14808425307273865
1648780977.3284009,2396,0.03242677077651024
1648780977.8072588,2427,0.03276566043496132
1648780977.8250747,2428,0.004421512130647898
1648780977.9356291,2435,0.01584136113524437
1648780978.026052,2441,0.028794502839446068
1648780978.1528552,2449,0.009450310841202736
1648780978.2921693,2458,0.05354958400130272
1648780978.3230972,2460,0.018383247777819633
1648780978.353954,2462,0.0236850343644619
1648780978.4946566,2471,0.02927296608686447
1648780978.7877772,2490,0.0438050851225853
1648780978.8351493,2493,0.03251310810446739
1648780978.8802567,2496,0.048263005912303925
1648780978.972696,2502,0.027242913842201233
1648780979.298714,2523,0.06624167412519455
1648780979.3137825,2524,0.009028773754835129
1648780979.3291507,2525,0.012396125122904778
1648780979.5769916,2541,0.03431043028831482
1648780980.2927248,2587,0.029294179752469063
1648780980.3082325,2588,0.0708429291844368
1648780980.325919,2589,0.03809299319982529
1648780980.6518564,2608,0.021582208573818207
1648780980.8999596,2624,0.028441714122891426
1648780981.0807092,2636,0.009494926780462265
1648780981.311668,2649,0.04723747819662094
1648780981.4673874,2659,0.03989182412624359
1648780981.5601807,2665,0.025722110643982887
1648780981.7181108,2675,0.013647222891449928
1648780981.8613095,2683,0.015437202528119087
1648780982.1663759,2702,0.04704287648200989
1648780982.6322482,2732,0.03629262372851372
1648780982.6475766,2733,0.04821363463997841
1648780983.0692053,2760,0.023651668801903725
1648780983.4021304,2780,0.03643207624554634
1648780983.6144896,2793,0.03796057030558586
1648780983.7094622,2799,0.020779436454176903
1648780983.7700036,2803,0.04683290794491768
1648780983.8033123,2805,0.05969715863466263
1648780983.8183699,2806,0.04808590188622475
1648780985.6870766,2832,0.022569729015231133
1648780986.3467274,2874,0.018116652965545654
1648780986.4097903,2878,0.008398701436817646
1648780986.5352774,2886,0.035991206765174866
1648780986.62933,2892,0.060382962226867676
1648780986.801433,2903,0.05197989195585251
1648780986.8644829,2907,0.025390014052391052
1648780986.894962,2909,0.010314577259123325
1648780987.069737,2920,0.07888907939195633
1648780987.2413049,2931,0.029271520674228668
1648780987.5363076,2950,0.02461368404328823
1648780987.5660522,2952,0.002635098062455654
1648780988.1594748,2990,0.005691401660442352
1648780988.2053645,2993,0.006161119323223829
1648780988.4209094,3007,0.06535866111516953
1648780988.7171502,3026,0.05777248740196228
1648780988.810913,3032,0.009181167930364609
1648780989.0608172,3048,0.012380136176943779
1648780989.1846216,3056,0.10870141535997391
1648780989.6347125,3085,0.04590918496251106
1648780989.868484,3100,0.039218008518218994
1648780990.1363664,3117,0.04053300991654396
1648780990.4259055,3135,0.05271506682038307
1648780991.0361476,3174,0.08724145591259003
1648780991.145243,3181,0.02647150494158268
1648780992.1110249,3243,0.02616213634610176
1648780992.2496014,3252,0.12389257550239563
1648780992.3917809,3261,0.058489713817834854
1648780992.4225106,3263,0.03499908745288849
1648780992.4693906,3266,0.031289566308259964
1648780992.6558263,3278,0.12392983585596085
1648780994.60993,3307,0.008877003565430641
1648780994.625623,3308,0.03367871791124344
1648780994.9035058,3326,0.014411217533051968
1648780995.0445166,3335,0.02173607423901558
1648780995.2126346,3346,0.017385171726346016
1648780995.5556355,3368,0.026400119066238403
1648780995.742513,3380,0.06290766596794128
1648780996.266866,3414,0.026887943968176842
1648780996.5492651,3432,0.022216646000742912
1648780996.9389768,3457,0.015087885782122612
1648780996.987592,3460,0.02610507607460022
1648780997.0026753,3461,0.03957454115152359
1648780997.3929758,3486,0.060698382556438446
1648780997.503621,3493,0.013722993433475494
1648780997.553772,3496,0.09874317795038223
1648780997.796354,3511,0.034684453159570694
1648780997.9732401,3522,0.01928730122745037
1648780998.1329887,3532,0.06193608418107033
1648780998.1498015,3533,0.15282322466373444
1648780998.3876877,3547,0.027501987293362617
1648780998.4974802,3554,0.01847366988658905
1648780999.0683205,3591,0.0064753335900604725
1648780999.2995136,3606,0.007369127124547958
1648780999.6571603,3629,0.04362420365214348
1648780999.7026772,3632,0.029719877988100052
1648780999.8740761,3643,0.10666432231664658
1648781000.1364088,3660,0.011138317175209522
1648781000.3407848,3673,0.04739036038517952
1648781000.5904193,3689,0.05729175731539726
1648781000.6242645,3691,0.036787599325180054
1648781000.8436878,3705,0.07235502451658249
1648781000.8741784,3707,0.015251411125063896
1648781001.0145805,3716,0.01699146442115307
1648781001.0625615,3719,0.050336696207523346
1648781001.0936134,3721,0.020163031294941902
1648781001.2334528,3730,0.049754172563552856
1648781001.4845707,3746,0.1126784011721611
1648781003.1732674,3761,0.018755193799734116
1648781003.2376146,3765,0.0045273457653820515
1648781003.4095132,3776,0.010858612135052681
1648781003.893925,3807,0.03309309482574463
1648781004.0327694,3816,0.02115718089044094
1648781004.1099944,3821,0.16110819578170776
1648781004.2195206,3828,0.004289458505809307
1648781004.2955356,3833,0.03758837655186653
1648781004.3422475,3836,0.0027577311266213655
1648781004.4491982,3843,0.015784328803420067
1648781004.6188502,3854,0.08354425430297852
1648781004.840051,3868,0.004674703814089298
1648781004.9676292,3876,0.004395831376314163
1648781005.1613681,3888,0.08506989479064941
1648781005.6520097,3919,0.006531655788421631
1648781005.7938614,3928,0.015039480291306973
1648781005.8544264,3932,0.04318039491772652
1648781006.176646,3953,0.007977228611707687
1648781006.3759627,3966,0.03602028638124466
1648781006.7131906,3988,0.015333035960793495
1648781006.7454884,3990,0.0682787373661995
1648781006.8532891,3997,0.04120020568370819
1648781007.2048686,4020,0.019652770832180977
1648781007.5753934,4044,0.007229853421449661
1648781007.5924344,4045,0.019282186403870583
1648781007.652703,4049,0.01781841740012169
1648781007.7766793,4057,0.0910925641655922
1648781007.8550136,4062,0.06157747283577919
1648781008.2697663,4089,0.011516552418470383
1648781008.7576602,4120,0.013857447542250156
1648781008.9209354,4130,0.04977187514305115
1648781009.4395885,4162,0.01271145325154066
1648781009.6928048,4178,0.020651401951909065
1648781009.9432328,4194,0.03301854431629181
1648781010.1301637,4206,0.016232920810580254
1648781010.1917999,4210,0.05257895588874817
1648781010.2834613,4216,0.02082069404423237
1648781011.8460312,4223,0.007709533907473087
1648781011.9391246,4229,0.04510674253106117
1648781012.2527478,4249,0.003665223950520158
1648781012.6583068,4275,0.015013067051768303
1648781012.7372274,4280,0.04356783628463745
1648781012.8476405,4287,0.0022395888809114695
1648781012.895597,4290,0.03404974564909935
1648781013.0038345,4297,0.007178192958235741
1648781013.25621,4313,0.09619349241256714
1648781013.2870996,4315,0.013216125778853893
1648781014.0448291,4363,0.004732408560812473
1648781015.3899362,4449,0.023893488571047783
1648781015.6020017,4462,0.006153979804366827
1648781015.617929,4463,0.06656040996313095
1648781016.0406475,4489,0.0054144239984452724
1648781016.0565014,4490,0.017915336415171623
1648781016.219574,4500,0.05509065464138985
1648781016.283432,4504,0.017037659883499146
1648781016.528971,4519,0.006456018425524235
1648781016.7408862,4532,0.0316716693341732
1648781016.9538455,4545,0.023944996297359467
1648781017.5228393,4580,0.011032902635633945
1648781017.5718791,4583,0.032894402742385864
1648781017.6052682,4585,0.008361582644283772
1648781017.6378865,4587,0.005258080083876848
1648781017.6864307,4590,0.032163720577955246
1648781017.7045162,4591,0.07024871557950974
1648781017.9013026,4603,0.04356216639280319
1648781018.3218317,4629,0.02750546485185623
1648781018.418337,4635,0.02547832392156124
1648781018.5622234,4644,0.00622106296941638
1648781018.7223966,4654,0.014030643738806248
1648781019.0111635,4672,0.0012678541243076324
1648781020.8943052,4698,0.04078580066561699
1648781020.9555576,4702,0.015743423253297806
1648781021.4549007,4734,0.022075308486819267
1648781021.6869314,4749,0.053040821105241776
1648781021.718119,4751,0.012757419608533382
1648781021.7349465,4752,0.013717388734221458
1648781021.9499447,4766,0.05596070736646652
1648781022.0726042,4774,0.00928704533725977
1648781022.8090968,4821,0.002952165435999632
1648781022.889325,4826,0.04374852776527405
1648781022.9693463,4831,0.0008060156251303852
1648781023.3263915,4854,0.04529168829321861
1648781023.341721,4855,0.024622857570648193
1648781024.2959397,4916,0.0013602211838588119
1648781024.511965,4930,0.01265425980091095
1648781024.5897825,4935,0.013526463881134987
1648781024.7586355,4946,0.04581012204289436
1648781025.243148,4977,0.0958835557103157
1648781025.3672192,4985,0.053875114768743515
1648781025.3827713,4986,0.05389353260397911
1648781025.506309,4994,0.08579142391681671
1648781025.787146,5012,0.01836758479475975
1648781025.8180513,5014,0.010096137411892414
1648781025.8987684,5019,0.04125338792800903
1648781026.1678424,5036,0.029698707163333893
1648781026.3303132,5046,0.029757006093859673
1648781026.50387,5057,0.02047569863498211
1648781026.599993,5063,0.006552543491125107
1648781026.8532033,5079,0.0063592372462153435
1648781026.904274,5082,0.009699538350105286
1648781027.4775693,5118,0.004854375496506691
1648781027.651887,5129,0.07739848643541336
1648781029.6632166,5164,0.009886831976473331
1648781029.6815014,5165,0.0026116499211639166
1648781029.9464028,5182,0.005161872133612633
1648781030.0874221,5191,0.03236963227391243
1648781030.1357286,5194,0.0011956887319684029
1648781030.9439225,5245,0.011618498712778091
1648781031.1337566,5257,0.02137082815170288
1648781031.2740126,5266,0.05646319314837456
1648781031.3986263,5274,0.003443940542638302
1648781031.4776287,5279,0.009565876796841621
1648781031.5864518,5286,0.0107155442237854
1648781031.8217704,5301,0.0031896219588816166
1648781031.9969568,5312,0.026573151350021362
1648781032.1359944,5321,0.014711172319948673
1648781032.1660771,5323,0.04625171050429344
1648781032.7286756,5359,0.037703145295381546
1648781033.2304115,5391,0.0009241511579602957
1648781033.2765646,5394,0.006644510198384523
1648781033.37092,5400,0.014423544518649578
1648781033.5765445,5413,0.022288311272859573
1648781033.8128934,5428,0.01707320846617222
1648781033.8766403,5432,0.027621950954198837
1648781034.0334873,5442,0.011185473762452602
1648781034.700315,5484,0.005291649606078863
1648781034.7807493,5489,0.004588378593325615
1648781035.0923388,5509,0.001484834123402834
1648781035.4360225,5531,0.007235818542540073
1648781035.5915918,5541,0.002347182482481003
1648781035.9728544,5565,0.10154720395803452
1648781036.1807547,5578,0.003917815629392862
1648781036.3820896,5591,0.10548742115497589
1648781036.3993633,5592,0.023833809420466423
1648781036.6522148,5608,0.02745073288679123
1648781036.7317126,5613,0.009246282279491425
1648781038.509265,5632,0.03625337779521942
1648781038.619877,5639,0.012665553018450737
1648781039.328872,5684,0.024078302085399628
1648781039.4229596,5690,0.0012989345705136657
1648781039.5769782,5700,0.008230803534388542
1648781039.6562054,5705,0.000766499200835824
1648781039.8312898,5716,0.0067258612252771854
1648781039.9591813,5724,0.0094855772331357
1648781040.1482503,5736,0.0023886901326477528
1648781040.1978245,5739,0.07160215824842453
1648781040.4759462,5757,0.0011279871687293053
1648781040.6063519,5765,0.014416866935789585
1648781041.0933223,5793,0.04180542379617691
1648781041.2159817,5800,0.051172953099012375
1648781041.3205643,5806,0.01814531907439232
1648781041.5796537,5822,0.03938283026218414
1648781041.7361825,5832,0.07102622836828232
1648781042.368754,5873,0.03314941003918648
1648781042.4473279,5878,0.01757357083261013
1648781042.5262268,5883,0.0015788755845278502
1648781043.0967703,5919,0.017289740964770317
1648781043.383001,5937,0.06405848264694214
1648781043.6386425,5953,0.016496581956744194
1648781044.30571,5995,0.00717486348003149
1648781044.617976,6015,0.002456089248880744
1648781045.383933,6064,0.006745422724634409
1648781045.7460344,6087,0.0072054024785757065
1648781045.7613878,6088,0.015167119912803173
1648781045.8423383,6093,0.02776244841516018
1648781047.5167086,6107,0.005866584833711386
1648781047.657622,6116,0.01855294220149517
1648781047.7661293,6123,0.01563451439142227
1648781048.4047263,6164,0.013323509134352207
1648781048.4523292,6167,0.05248897522687912
1648781048.575542,6175,0.00950018409639597
1648781048.9992394,6202,0.007011801935732365
1648781049.4167316,6228,0.0004258587723597884
1648781049.4676957,6231,0.0024251691065728664
1648781049.4998238,6233,0.0005865899147465825
1648781049.5856607,6238,0.0013811022508889437
1648781049.8311865,6252,0.014131107367575169
1648781049.8484929,6253,0.04212101548910141
1648781049.9181917,6257,0.07823755592107773
1648781050.2461267,6276,0.007165335118770599
1648781050.452125,6289,0.0034893343690782785
1648781050.6119938,6299,0.012124682776629925
1648781050.9237628,6317,0.02469005435705185
1648781050.9405835,6318,0.002227204153314233
1648781051.1482155,6330,0.034597303718328476
1648781051.3245077,6340,0.01584118790924549
1648781052.1083007,6388,0.005228068679571152
1648781052.3501797,6402,0.014896444045007229
1648781052.5573504,6414,0.006483363453298807
1648781052.645671,6419,0.015865521505475044
1648781052.6620898,6420,0.001824872801080346
1648781052.7489147,6425,0.001063106581568718
1648781053.6394172,6478,0.0044213212095201015
1648781054.8377838,6556,0.004229146055877209
1648781054.8973198,6560,0.09961330145597458
1648781054.960972,6564,0.03857086971402168
1648781056.4729116,6566,0.03566786274313927
1648781056.684049,6579,0.02406897582113743
1648781056.9671996,6597,0.004870440810918808
1648781057.625601,6639,0.007356903050094843
1648781057.8020287,6650,0.0023803976364433765
1648781057.8643486,6654,0.006755146663635969
1648781057.958948,6660,0.004563305992633104
1648781058.289592,6681,0.01740732043981552
1648781058.7339594,6709,0.027661196887493134
1648781059.2820601,6744,0.0019495523301884532
1648781059.4071136,6752,0.009302826598286629
1648781059.6589353,6768,0.029787110164761543
1648781059.8748918,6782,0.003022260032594204
1648781059.8904848,6783,0.028415068984031677
1648781060.0446439,6793,0.0008755953167565167
1648781060.0602164,6794,0.00036046613240614533
1648781060.2444327,6806,0.004564449656754732
1648781060.2745242,6808,0.0021508457139134407
1648781060.8456044,6845,0.003218110417947173
1648781060.9678702,6853,0.012854982167482376
1648781061.1058617,6862,0.007927417755126953
1648781061.213812,6869,0.0007675897213630378
1648781061.2584274,6872,0.009065818041563034
1648781061.3363404,6877,0.013016206212341785
1648781061.5659611,6892,0.0074470387771725655
1648781061.660715,6898,0.010809513740241528
1648781062.0019083,6920,0.0006353855133056641
1648781062.0790503,6925,0.00666679535061121
1648781062.2652435,6937,0.03238129988312721
1648781062.3579736,6943,0.03998807817697525
1648781062.3892837,6945,0.013843556866049767
1648781062.5785882,6957,0.036413807421922684
1648781062.9368598,6980,0.005505620036274195
1648781062.9681654,6982,0.016667284071445465
1648781063.1256397,6992,0.0030928868800401688
1648781063.17142,6995,0.0034827094059437513
1648781063.6577063,7026,0.007272438611835241
1648781065.3983521,7043,0.011522959917783737
1648781065.5551202,7053,0.0001872875727713108
1648781065.6203945,7057,0.0003041642776224762
1648781065.9016473,7075,0.0026533070486038923
1648781066.3189785,7102,0.006766869220882654
1648781066.4272623,7109,0.057355500757694244
1648781066.8803349,7138,0.017278295010328293
1648781067.3557274,7168,0.00868028961122036
1648781067.4332964,7173,0.020382845774292946
1648781067.465982,7175,0.008191256783902645
1648781067.4967394,7177,0.0038149713072925806
1648781067.5120018,7178,0.004613880533725023
1648781067.5906568,7183,0.002971958601847291
1648781067.7823799,7195,0.006114325486123562
1648781067.8126755,7197,0.001448595430701971
1648781068.012341,7210,0.0008926684386096895
1648781068.1338391,7218,0.0010827308287844062
1648781068.2991986,7229,0.0014405329711735249
1648781068.405018,7236,0.0073789809830486774
1648781069.0201013,7276,0.010580292902886868
1648781069.0501363,7278,0.000450022955192253
1648781069.2976043,7294,0.006868266500532627
1648781069.435899,7303,0.0004699640267062932
1648781069.9477866,7336,0.026537291705608368
1648781070.3961291,7365,0.0006719932425767183
1648781070.720976,7386,0.0068749357014894485
1648781071.5077446,7437,0.0015748016303405166
1648781071.7218425,7451,0.007769566960632801
1648781071.8016782,7456,0.0021753371693193913
1648781072.0212646,7470,0.0004935584147460759
1648781072.2419472,7484,0.004255339037626982
1648781072.39548,7494,0.005312721244990826
1648781074.2819576,7521,0.0025443709455430508
1648781074.6360288,7544,0.0034570142161101103
1648781074.6525762,7545,0.0015755854547023773
1648781074.7737665,7553,0.0025613310281187296
1648781075.1380582,7577,0.0005019964301027358
1648781075.5510035,7604,0.00982210785150528
1648781076.1143548,7640,0.011345823295414448
1648781076.1620362,7643,0.0008568309713155031
1648781076.424057,7660,0.00036417500814422965
1648781076.6390889,7674,0.00017713403212837875
1648781076.6694057,7676,0.001532691647298634
1648781077.6408699,7739,0.009231766685843468
1648781077.6883218,7742,0.0009797423845157027
1648781077.9197936,7757,0.00011985030869254842
1648781078.524306,7796,0.007200803142040968
1648781078.7411816,7810,0.0016029662219807506
1648781079.0375981,7829,0.010966772213578224
1648781079.2563505,7843,0.009426984004676342
1648781079.9675014,7888,0.0005393039900809526
1648781080.0279057,7892,0.0016644239658489823
1648781080.077123,7895,0.0002248097152914852
1648781080.1222959,7898,0.0017901599640026689
1648781081.1159163,7962,0.0012233041925355792
1648781082.8466616,7979,0.0006095197750255466
1648781083.3988025,8014,0.004021321889013052
1648781083.5554724,8024,0.008172129280865192
1648781083.5859015,8026,0.0010401466861367226
1648781083.6012688,8027,0.001514526316896081
1648781083.745295,8036,0.0005610029329545796
1648781083.8076172,8040,0.0018552871188148856
1648781083.8943083,8045,0.00021544376795645803
1648781083.9116354,8046,0.0008685652865096927
1648781084.0373383,8053,0.0021019699051976204
1648781084.6941338,8092,0.002219841117039323
1648781084.7457128,8095,0.003971712663769722
1648781084.9796743,8110,0.007026578299701214
1648781085.2577994,8128,0.004226300865411758
1648781085.492452,8143,0.0002685505896806717
1648781085.6352148,8152,0.005124188493937254
1648781085.666698,8154,0.015381705947220325
1648781086.5146453,8208,0.003168724477291107
1648781087.206006,8252,0.0002794116153381765
1648781087.2212558,8253,0.028966564685106277
1648781087.5643582,8275,0.06714647263288498
1648781087.613679,8278,0.0021451949141919613
1648781087.6286576,8279,0.012534111738204956
1648781087.863842,8294,0.023872170597314835
1648781087.9588895,8300,0.0006616382161155343
1648781087.9895399,8302,0.00174908887129277
1648781088.131567,8311,0.0011615556431934237
1648781088.1637394,8313,0.00226820120587945
1648781088.8794255,8359,0.00118821591604501
1648781089.1607265,8377,0.0024549318477511406
1648781089.4378543,8395,0.017562687397003174
1648781089.7178316,8413,0.011406579986214638
1648781089.7332935,8414,0.029682889580726624
1648781091.7489192,8449,0.020411908626556396
1648781091.932329,8461,0.0005199097213335335
1648781092.181747,8477,0.0015056933043524623
1648781092.3679843,8489,0.0007394754211418331
1648781092.771109,8515,0.000350092479493469
1648781092.8197813,8518,0.019785001873970032
1648781092.942762,8526,0.000866144138853997
1648781093.1923273,8542,0.0294191874563694
1648781093.300906,8549,0.052975576370954514
1648781094.0680194,8598,0.0002735723101068288
1648781094.0834186,8599,0.0012951528187841177
1648781094.146183,8603,0.0019797186832875013
1648781094.176951,8605,0.001375933876261115
1648781094.2709496,8611,0.0015542329056188464
1648781094.7244318,8640,0.005966354161500931
1648781094.739841,8641,0.002464952180162072
1648781094.802239,8645,0.0050511774607002735
1648781095.0639274,8662,0.033214982599020004
1648781095.2187314,8672,0.0012738052755594254
1648781096.0510447,8726,0.0025114784948527813
1648781096.113333,8730,0.0003392200742382556
1648781096.1903346,8735,0.0007787314825691283
1648781096.4687405,8753,0.0006545253563672304
1648781096.9681838,8785,0.000390069792047143
1648781097.4023435,8813,0.023530209437012672
1648781097.5430686,8822,0.00678074499592185
1648781097.7908552,8838,0.0010708619374781847
1648781097.9139755,8846,0.021644502878189087
1648781097.9608002,8849,0.01599120907485485
1648781098.2845504,8870,0.00017968442989513278
1648781098.375928,8876,0.0012527044164016843
1648781098.4511807,8881,0.00040126516250893474
1648781101.0327752,8951,0.001485692337155342
1648781101.3943932,8972,0.0009530853712931275
1648781101.484866,8978,0.0001592325425008312
1648781101.816488,8999,0.00019465888908598572
1648781101.989887,9010,0.0002128870546584949
1648781102.237897,9026,0.0004474680754356086
1648781102.4254177,9038,0.010697979480028152
1648781102.5048633,9043,0.0009342162520624697
1648781102.862593,9066,0.0012406781315803528
1648781102.9409084,9071,0.00032050683512352407
1648781103.6005476,9112,0.00034780692658387125
1648781103.6472025,9115,0.0010040714405477047
1648781104.0369523,9139,0.0006378531106747687
1648781104.5742178,9172,0.0003576379967853427
1648781105.529528,9232,9.190740092890337e-05
1648781105.8096662,9250,0.0013924308586865664
1648781105.8739538,9254,0.00023294627317227423
1648781106.1072447,9269,0.0009924423648044467
1648781106.1690369,9273,0.0003179254708811641
1648781106.2141554,9276,0.00015734245243947953
1648781106.2754793,9280,0.0021575307473540306
1648781106.3656983,9286,0.003918037284165621
1648781106.5636008,9299,0.0006693127797916532
1648781106.702722,9308,0.0006677762139588594
1648781106.9811375,9326,0.00015764478303026408
1648781107.0422766,9330,0.008612149395048618
1648781107.273885,9345,0.0013584797270596027
1648781107.6809673,9371,0.00038924888940528035
1648781107.7258475,9374,0.005813924130052328
1648781109.4519014,9391,0.0021555747371166945
1648781109.5013425,9394,0.0023309150710701942
1648781109.598547,9400,4.722457015304826e-05
1648781110.3533075,9447,0.000398892821976915
1648781110.449546,9453,0.006706030108034611
1648781110.795515,9475,0.0016639266395941377
1648781110.81085,9476,7.142704998841509e-05
1648781111.1573398,9498,8.158809214364737e-05
1648781111.3812459,9512,0.0001593222259543836
1648781111.3968282,9513,0.0006727641448378563
1648781111.5089056,9520,0.0009208139963448048
1648781111.5712032,9524,0.0002095629897667095
1648781111.7429345,9535,0.00036645412910729647
1648781112.0571797,9555,0.0003683874092530459
1648781112.1199887,9559,0.0002659334277268499
1648781112.1883817,9563,0.0006291828467510641
1648781112.2569144,9567,0.0002208697987953201
1648781112.3671649,9574,0.005319698713719845
1648781112.712732,9596,0.00026052826433442533
1648781112.7723827,9600,0.0009270263835787773
1648781113.239864,9630,0.00012345628056209534
1648781113.5999665,9653,0.001904329634271562
1648781114.2975318,9698,0.00044383713975548744
1648781114.5015137,9711,0.0006253160536289215
1648781114.6565535,9721,0.0007339762523770332
1648781114.7507005,9727,0.0002795704931486398
1648781114.8759627,9735,0.0015200695488601923
1648781115.0643706,9747,0.0009144862997345626
1648781115.0822308,9748,7.174773054430261e-05
1648781115.18973,9755,5.5842185247456655e-05
1648781115.3137157,9763,8.802180673228577e-05
1648781115.580795,9780,0.0002261522604385391
1648781115.939299,9803,0.00011974201333941892
1648781116.083352,9812,0.0009542120387777686
1648781116.1769662,9818,0.00019119324861094356
1648781116.3356538,9828,0.00020178419072180986
1648781118.2689736,9858,0.001943723764270544
1648781118.4285119,9868,6.334153295028955e-05
1648781119.2132688,9917,0.00034468338708393276
1648781119.5519595,9938,0.0002493106003385037
1648781119.7404435,9950,0.00010044321970781311
1648781119.8983455,9960,0.000610486080404371
1648781119.9753454,9965,0.00026182582951150835
1648781120.0382118,9969,0.00011893534974660724
1648781120.2083337,9980,4.6322405978571624e-05
1648781120.2257333,9981,0.00013625755673274398
1648781120.5661507,10003,0.0006495385314337909
1648781120.8128438,10019,7.53540443838574e-05
1648781121.1281717,10039,0.00017823901725932956
1648781121.2220097,10045,8.619463187642395e-05
1648781121.2965057,10050,0.0005365971010178328
1648781121.5146372,10064,0.0009044297621585429
1648781121.5471656,10066,2.7057601982960477e-05
1648781121.6702688,10074,0.00021778223162982613
1648781121.9462214,10092,0.0004437526222318411
1648781122.0402253,10098,0.0002834901097230613
1648781122.5366137,10130,0.0008749612607061863
1648781122.8479354,10150,0.0003479135630186647
1648781123.4011676,10185,0.0004924644599668682
1648781123.5393934,10193,0.0013194134226068854
1648781123.6759772,10201,0.00015128088125493377
1648781124.1366534,10228,0.0001452043215977028
1648781124.3278415,10239,0.00014051965263206512
1648781124.4850802,10248,0.00020035647321492434
1648781124.535608,10251,0.00031890280661173165
1648781124.5526001,10252,0.0004727876221295446
1648781125.2753117,10298,0.0003016469127032906
1648781125.4104233,10307,0.00018089482909999788
1648781127.2320788,10331,5.8482684835325927e-05
1648781127.541727,10351,0.0002449716557748616
1648781127.6712432,10359,8.178697316907346e-05
1648781128.1941206,10389,0.0004990908782929182
1648781128.265858,10393,0.0003656234475784004
1648781128.3179252,10396,0.00028183608083054423
1648781128.4609613,10404,0.000173470180016011
1648781128.7561233,10421,0.0011226381175220013
1648781128.950095,10432,0.00018492554954718798
1648781129.248333,10449,8.091126073850319e-05
1648781129.493978,10463,0.00027646456146612763
1648781129.7984502,10481,5.8597819588612765e-05
1648781130.1590219,10503,0.0001393756247125566
1648781130.3140647,10513,5.590667205979116e-05
1648781130.6581185,10535,5.647177022183314e-05
1648781130.722088,10539,7.620736141689122e-05
1648781130.796858,10544,0.00022705561423208565
1648781131.4605725,10587,6.764485442545265e-05
1648781131.9101167,10616,0.00014575797831639647
1648781131.9542112,10619,0.00019105785759165883
1648781132.255704,10639,0.00016282603610306978
1648781132.2703798,10640,0.00015273764438461512
1648781133.1090882,10694,0.0002776338951662183
1648781133.564837,10723,0.0007705119205638766
1648781133.67386,10730,0.0005057291127741337
1648781133.8144345,10739,0.0002564716269262135
1648781134.1004615,10757,0.0028568424750119448
1648781134.2404282,10766,2.2751546566723846e-05
1648781134.4418566,10779,0.00033504064776934683
1648781136.5855913,10822,0.0009684717515483499
1648781136.5999897,10823,0.00011845680273836479
1648781136.631489,10825,0.0001886861864477396
1648781136.694732,10829,0.00010369670781074092
1648781137.0554006,10852,0.00016574528126511723
1648781137.212793,10862,1.9223340132157318e-05
1648781137.2309866,10863,0.0002856518258340657
1648781137.3082118,10868,9.457379201194271e-05
1648781137.3239176,10869,6.55599869787693e-05
1648781137.7013834,10893,2.7071475415141322e-05
1648781137.9504938,10909,0.00011289716348983347
1648781137.998006,10912,0.00028584746178239584
1648781138.123966,10920,0.00013500916247721761
1648781138.3099353,10932,0.0003003651218023151
1648781138.4027307,10938,0.0003314704808872193
1648781138.5450227,10947,0.00010189058230025694
1648781138.6858685,10956,0.0001207944005727768
1648781138.81221,10964,0.00014628384087700397
1648781138.8900468,10969,0.0001729682699078694
1648781138.9518008,10973,0.00039060498238541186
1648781139.0454817,10979,0.0005705959047190845
1648781139.2528656,10992,0.00040027659269981086
1648781139.3172007,10996,6.782075797673315e-05
1648781139.9284992,11035,0.0001448766270186752
1648781140.560944,11075,0.0005310056731104851
1648781140.8422875,11093,0.0002885183203034103
1648781141.0013568,11103,0.0002565138565842062
1648781141.1738136,11114,0.00016996559861581773
1648781141.2227812,11117,6.0557955293916166e-05
1648781141.2379837,11118,0.00029420587816275656
1648781141.33329,11124,0.00041177053935825825
1648781141.3790061,11127,0.00014831875159870833
1648781142.1439638,11176,0.0002507516765035689
1648781142.2091577,11180,0.0003258666838519275
1648781142.5941384,11205,0.00023171688371803612
1648781142.7346287,11214,0.0001728397619444877
1648781142.9494867,11228,0.00019172906468156725
1648781145.2955458,11284,0.00011817747872555628
1648781145.6647656,11307,5.99745508225169e-05
1648781145.7615073,11313,0.00010998998914146796
1648781146.1688201,11337,7.154855848057196e-05
1648781146.5619338,11362,8.193311805371195e-05
1648781146.7347822,11373,6.494097033282742e-05
1648781146.767912,11375,0.0003290371678303927
1648781146.7836301,11376,0.00014522210403811187
1648781147.45634,11415,0.00012593751307576895
1648781147.6907737,11428,0.0005907011218369007
1648781147.8078175,11435,0.00019734857778530568
1648781147.9458034,11444,0.00023133581271395087
1648781148.072254,11452,0.00019204321142751724
1648781148.7957175,11498,0.00019702281861100346
1648781148.826191,11500,0.0001458572514820844
1648781149.584519,11548,0.0003008349158335477
1648781149.600495,11549,0.00021373160416260362
1648781149.775368,11560,6.152758578537032e-05
1648781149.900022,11568,0.0003165778471156955
1648781150.0524993,11578,0.0002088946057483554
1648781150.1150453,11582,0.00018403452122583985
1648781150.7574677,11623,0.0011988906189799309
1648781151.112363,11646,4.212350904708728e-05
1648781151.15889,11649,0.00027659107581712306
1648781151.1741998,11650,8.426650310866535e-05
1648781151.4544876,11668,2.7231155399931595e-05
1648781151.550405,11674,0.0001505408581579104
1648781152.0288508,11705,0.0003425635804887861
1648781153.9399674,11733,0.00021094847761560231
1648781154.0942492,11743,3.305773498141207e-05
1648781154.2640295,11754,0.00012416759273037314
1648781154.3094175,11757,0.0003048379730898887
1648781154.355647,11760,0.0002658152661751956
1648781154.4477818,11766,4.858276224695146e-05
1648781154.477088,11768,6.22449952061288e-05
1648781155.2882285,11820,9.322525875177234e-05
1648781155.55594,11837,0.0002189049409935251
1648781155.6514018,11843,0.0003575260052457452
1648781156.156294,11875,0.00014377459592651576
1648781156.3619528,11888,7.942678348626941e-05
1648781156.5036898,11897,0.0001800393802113831
1648781157.317738,11948,5.8631758292904124e-05
1648781157.5175464,11960,0.00016640123794786632
1648781157.5817323,11964,1.3170092643122189e-05
1648781157.9360054,11987,0.00020142679568380117
1648781158.1826558,12003,0.0004911613650619984
1648781158.3856568,12016,0.00013408827362582088
1648781158.4338934,12019,0.0004989581648260355
1648781158.6500103,12032,0.00010916958126472309
1648781158.7338276,12037,0.00032683979952707887
1648781158.91408,12048,9.049104119185358e-05
1648781159.0403202,12056,0.0001527152635389939
1648781159.5933213,12091,0.0004612374759744853
1648781159.6727486,12096,0.0001284764875890687
1648781160.1725864,12128,0.00010901995119638741
1648781160.2832067,12135,0.0002081050188280642
1648781160.3775034,12141,0.00017082637350540608
1648781160.4260237,12144,0.00015703040116932243
1648781160.4417913,12145,3.066489807679318e-05
1648781160.472019,12147,1.7041020328179002e-05
1648781160.8162963,12169,5.198433427722193e-05
1648781162.7292047,12199,0.012240231037139893
1648781162.7478292,12200,0.00021440524142235518
1648781162.7626328,12201,4.2887029849225655e-05
1648781162.793347,12203,5.2014289394719526e-05
1648781162.902759,12210,0.0003797342360485345
1648781162.9482052,12213,0.0008997583063319325
1648781163.1713936,12227,7.82553106546402e-05
1648781163.25187,12232,0.00018704627291299403
1648781163.5147483,12247,0.00012610139674507082
1648781163.7234309,12259,7.908303814474493e-05
1648781163.8114352,12264,0.00019383791368454695
1648781164.1097915,12281,7.785220805089921e-05
1648781164.1819375,12285,8.682854240760207e-05
1648781164.4802368,12304,0.00016473227879032493
1648781164.5596128,12309,0.00017134009976871312
1648781164.762622,12322,0.0001938812929438427
1648781164.9510272,12334,0.00012697881902568042
1648781165.4860334,12368,5.602538658422418e-05
1648781165.6129503,12376,0.00017598785052541643
1648781165.7688415,12386,0.00011463389091659337
1648781166.0832179,12406,0.00027504199533723295
1648781166.11388,12408,5.4870612075319514e-05
1648781166.539061,12435,8.178849384421483e-05
1648781166.554171,12436,6.779612886020914e-05
1648781166.680018,12444,0.00011214346159249544
1648781166.7900822,12451,8.598574640927836e-05
1648781166.8839598,12457,6.083891639718786e-05
1648781166.8991363,12458,0.00011397008347557858
1648781167.0583596,12468,0.00015998010348994285
1648781167.6884139,12508,0.00018624172662384808
1648781167.7523983,12512,0.00010597777145449072
1648781168.5314212,12561,0.0002976944961119443
1648781168.5465775,12562,0.0001540809462312609
1648781168.5624793,12563,0.0001665606105234474
1648781168.7848692,12577,1.3247827155282721e-05
1648781169.0053837,12591,0.00022538441407959908
1648781169.2286422,12605,4.8544905439484864e-05
1648781169.3549125,12613,8.946606976678595e-05
1648781169.5597365,12626,0.00019245181465521455
1648781169.702118,12635,0.00015537990839220583
1648781169.952537,12651,8.132307266350836e-05
1648781169.9834669,12653,0.00012426865578163415
1648781170.013923,12655,0.0002967137552332133
1648781171.8525596,12677,3.3524625905556604e-05
1648781171.9482121,12683,0.00013050941925030202
1648781172.1394324,12695,0.00011040217214031145
1648781172.2365272,12701,0.00038658312405459583
1648781172.2518523,12702,0.00023424188839271665
1648781172.317736,12706,5.101728311274201e-05
1648781172.9380686,12746,4.541028829407878e-05
1648781173.4257264,12778,0.00016094418242573738
1648781173.5637577,12787,0.00017300974286627024
1648781173.5958097,12789,8.510491898050532e-05
1648781173.9228308,12810,0.0001223567669512704
1648781174.2949686,12834,4.381979306344874e-05
1648781174.3252373,12836,3.8629790651611984e-05
1648781174.4975402,12847,0.00027694544405676425
1648781174.9987435,12879,0.0014287797966971993
1648781175.4418359,12907,0.0002248773816972971
1648781175.8011377,12930,0.0001793498668121174
1648781176.0056548,12943,5.309076004778035e-05
1648781176.283514,12961,0.0002344026870559901
1648781177.1865156,13019,0.00041858956683427095
1648781177.3568997,13030,0.00011989226914010942
1648781177.371811,13031,0.00024035625392571092
1648781177.6899917,13050,7.186277071014047e-05
1648781177.8619244,13060,0.0002115455863531679
1648781178.0019917,13068,0.00034689251333475113
1648781178.0182703,13069,0.00036861581611447036
1648781178.227853,13081,9.417691035196185e-05
1648781178.245021,13082,0.000131005683215335
1648781179.010014,13126,7.60454495321028e-05
1648781181.2861161,13179,0.00038860514177940786
1648781181.6830523,13204,0.0006625946843996644
1648781181.8124006,13212,0.0002349280402995646
1648781181.9216928,13219,7.374714186880738e-05
1648781182.000487,13224,9.133914318226743e-06
1648781183.1567335,13298,0.00012061830057064071
1648781183.748131,13336,0.0002088254550471902
1648781183.9372807,13348,0.00018631482089404017
1648781184.0751145,13357,4.797287328983657e-05
1648781184.1992176,13365,7.019796612439677e-05
1648781184.4116054,13378,5.1467872253851965e-05
1648781184.7666733,13401,0.00020509141904767603
1648781184.923636,13411,0.00017249645316042006
1648781185.015686,13417,5.459022577269934e-05
1648781185.0468996,13419,8.000518573680893e-05
1648781185.3063972,13436,0.00012207182589918375
1648781185.53408,13451,3.186426329193637e-05
1648781185.580343,13454,4.176440052106045e-05
1648781185.809595,13469,0.0008654199191369116
1648781185.8395963,13471,0.00041781141771934927
1648781186.085888,13487,0.00010503101657377556
1648781186.210331,13495,8.309421536978334e-05
1648781186.566556,13518,0.00024532846873626113
1648781186.5819073,13519,0.00015845985035412014
1648781186.6606748,13524,0.00013451732229441404
1648781186.6915112,13526,0.0001342900941381231
1648781186.787492,13532,6.753303750883788e-05
1648781187.0634835,13550,7.475121674360707e-05
1648781187.388626,13571,0.00032511132303625345
1648781189.440653,13609,8.01914393377956e-06
1648781189.5656257,13617,0.00020390977442730218
1648781189.7204375,13627,0.00012607156531885266
1648781189.9564185,13642,6.595085869776085e-05
1648781190.0664017,13649,8.621326560387388e-05
1648781190.0973403,13651,8.793349115876481e-05
1648781190.1759367,13656,2.9199718483141623e-05
1648781190.2211454,13659,0.00022951066785026342
1648781190.236265,13660,7.373944390565157e-05
1648781190.610402,13684,4.62836105725728e-05
1648781190.8459284,13699,0.0001008274921332486
1648781191.209159,13722,0.00017667896463535726
1648781191.2906585,13727,0.00015838246326893568
1648781191.368472,13732,3.553797068889253e-05
1648781191.41704,13735,0.0001002622302621603
1648781191.4624536,13738,0.0001181342959171161
1648781191.649601,13750,6.90524248057045e-05
1648781191.6646545,13751,0.00032003517844714224
1648781191.8230474,13761,0.0001585371937835589
1648781192.2720044,13789,7.673016079934314e-05
1648781192.3656642,13795,7.960897346492857e-05
1648781192.7574208,13820,4.275571336620487e-05
1648781193.1867006,13847,3.4690550819505006e-05
1648781193.3463016,13857,7.333695975830778e-05
1648781193.3959956,13860,5.5705462727928534e-05
1648781193.5240643,13868,0.00028808426577597857
1648781193.5397425,13869,0.00013103862875141203
1648781193.6996787,13879,0.00016288095503114164
1648781194.0014064,13898,7.48892780393362e-05
1648781194.066549,13902,5.9190158935962245e-05
1648781194.6200693,13937,0.00012068776413798332
1648781194.8127596,13949,0.00010792793909786269
1648781195.1801438,13971,0.00016517996846232563
1648781195.3095765,13979,0.0001657780958339572
1648781195.5198772,13992,1.5372399502666667e-05
1648781195.8629346,14013,0.00016561815573368222
1648781195.9610217,14019,0.0012277680216357112
1648781196.223286,14035,0.0001213534633279778
1648781196.7678506,14069,0.0004256700340192765
