Wall time,Step,Value
1648542646.170777,5,1.0178315505982027e-06
1648542646.218526,8,1.0268662435919396e-06
1648542646.4349704,22,1.0700998700485798e-06
1648542646.4958613,26,1.0827833420989919e-06
1648542646.525971,28,1.089181409952289e-06
1648542646.5582726,30,1.0956172218357096e-06
1648542646.5734005,31,1.0988493386321352e-06
1648542646.603786,33,1.1053423349949298e-06
1648542646.636197,35,1.1118736438220367e-06
1648542646.9260044,54,1.1758785376514425e-06
1648542646.9732647,57,1.186316126222664e-06
1648542646.989271,58,1.1898158618350863e-06
1648542647.0379791,61,1.200377141685749e-06
1648542647.0703263,63,1.2074699498043628e-06
1648542647.0911376,64,1.2110320994906942e-06
1648542647.1861043,70,1.2326266869422398e-06
1648542647.3337982,79,1.265742639589007e-06
1648542647.4315832,85,1.2883127737950417e-06
1648542647.4624646,87,1.2959252444488811e-06
1648542647.6220174,97,1.3346676723813289e-06
1648542647.7486675,105,1.3664938478541444e-06
1648542647.8781476,113,1.3990788829687517e-06
1648542648.0217428,122,1.4366668210641365e-06
1648542648.05264,124,1.4451559309236472e-06
1648542648.0841155,126,1.4536951766785933e-06
1648542648.1193984,128,1.4622848993894877e-06
1648542648.1976879,133,1.4839818049949827e-06
1648542648.2631154,137,1.5015708640930825e-06
1648542648.2949853,139,1.5104434396562283e-06
1648542648.4080608,146,1.5419124110849225e-06
1648542648.423635,147,1.546461135149002e-06
1648542648.5346606,154,1.578680439706659e-06
1648542648.632229,160,1.6068307786554215e-06
1648542648.729466,166,1.635483044992725e-06
1648542648.8733952,175,1.6794223256511032e-06
1648542648.9227672,178,1.69432951224735e-06
1648542648.9868424,182,1.714411723696685e-06
1648542649.0190213,184,1.724542016745545e-06
1648542649.0501468,186,1.7347321090710466e-06
1648542649.0969405,189,1.7501301954325754e-06
1648542649.114562,190,1.7552932831677026e-06
1648542649.193828,195,1.78133768713451e-06
1648542649.2265646,197,1.7918633830049657e-06
1648542649.257192,199,1.8024512655756553e-06
1648542649.3182485,203,1.823815068746626e-06
1648542649.4434097,211,1.8673054000828415e-06
1648542649.4735813,213,1.8783390487442375e-06
1648542649.5347593,217,1.9006023421752616e-06
1648542649.5826786,220,1.917472900458961e-06
1648542649.6759293,226,1.951664216903737e-06
1648542649.7213397,229,1.968988044609432e-06
1648542649.7697582,232,1.986465576919727e-06
1648542649.831677,236,2.010010348385549e-06
1648542649.8617713,238,2.0218872123223264e-06
1648542649.9091892,241,2.0398342712724116e-06
1648542650.1252453,255,2.1257164917187765e-06
1648542650.1431644,256,2.131987457687501e-06
1648542650.2062247,260,2.1572570858552353e-06
1648542650.2213259,261,2.1636212750308914e-06
1648542650.236935,262,2.170004108847934e-06
1648542650.2674603,264,2.182826392527204e-06
1648542650.34545,269,2.2152144083520398e-06
1648542650.4071934,273,2.2414706108975224e-06
1648542650.423362,274,2.2480830921267625e-06
1648542650.485712,278,2.2747287857782794e-06
1648542650.6101723,286,2.3289715045393677e-06
1648542650.6264098,287,2.3358422822639113e-06
1648542650.7509325,295,2.3915422389109153e-06
1648542650.842995,301,2.4341870812349953e-06
1648542650.859029,302,2.4413679966528434e-06
1648542650.9502363,308,2.4849014153005555e-06
1648542651.0274568,313,2.5217716483894037e-06
1648542651.057641,315,2.5366723548359005e-06
1648542651.1049604,318,2.5591889425413683e-06
1648542651.1195745,319,2.5667386580607854e-06
1648542651.1375968,320,2.5743108835740713e-06
1648542651.1665823,322,2.589521955087548e-06
1648542651.214041,325,2.6125076146854553e-06
1648542651.54075,346,2.779222086246591e-06
1648542651.649824,353,2.8371250664349645e-06
1648542651.6647587,354,2.84549469142803e-06
1648542651.6803024,355,2.8538891001517186e-06
1648542651.9749944,374,3.018172947122366e-06
1648542651.9903696,375,3.027076900252723e-06
1648542652.0536628,379,3.062955784116639e-06
1648542652.067752,380,3.0719918413524283e-06
1648542652.0985565,382,3.090143763984088e-06
1648542652.2375286,391,3.173164031977649e-06
1648542652.2525492,392,3.182525233569322e-06
1648542652.2689452,393,3.191913947375724e-06
1648542652.3614018,399,3.248830580560025e-06
1648542652.3942726,401,3.2680275126040215e-06
1648542652.470884,406,3.316517677376396e-06
1648542652.4881241,407,3.3263015666307183e-06
1648542652.5340512,410,3.355827175255399e-06
1648542652.5492394,411,3.3657270250841975e-06
1648542652.8306108,429,3.5490049867803464e-06
1648542653.016181,441,3.676701908261748e-06
1648542653.1590524,450,3.7754809909529286e-06
1648542653.2522078,456,3.842803380393889e-06
1648542653.3130236,460,3.888350875058677e-06
1648542653.411285,466,3.957686203648336e-06
1648542655.0386875,476,4.076003278896678e-06
1648542655.1003866,480,4.124314727960154e-06
1648542655.1643472,484,4.173198703938397e-06
1648542655.179222,485,4.185510078968946e-06
1648542655.1944509,486,4.197857833787566e-06
1648542655.2740204,491,4.260144123691134e-06
1648542655.4156468,500,4.374598120193696e-06
1648542655.4804356,504,4.426448867889121e-06
1648542655.5404322,508,4.478913979255594e-06
1648542655.5561728,509,4.492127118282951e-06
1648542655.574278,510,4.505378910835134e-06
1648542655.636036,514,4.558779892249731e-06
1648542655.6843343,517,4.5992451305210125e-06
1648542655.7765958,523,4.681256996263983e-06
1648542655.795319,524,4.695066763815703e-06
1648542655.8707957,529,4.764730874740053e-06
1648542655.9351068,533,4.821205493499292e-06
1648542656.0152967,538,4.892741344519891e-06
1648542656.1564322,547,5.024190613767132e-06
1648542656.186304,549,5.053877885075053e-06
1648542656.2168906,551,5.0837402341130655e-06
1648542656.2501178,553,5.113779479870573e-06
1648542656.312895,557,5.174391390028177e-06
1648542656.394316,562,5.25116729477304e-06
1648542656.474413,567,5.329082796379225e-06
1648542656.4893882,568,5.344803867046721e-06
1648542656.675407,580,5.537115612241905e-06
1648542656.720376,583,5.586265160673065e-06
1648542656.829287,590,5.702650469174841e-06
1648542656.8448575,591,5.719473847420886e-06
1648542656.8759892,593,5.7532693062967155e-06
1648542656.8937361,594,5.770241841673851e-06
1648542656.9701023,599,5.855858944414649e-06
1648542657.1140125,608,6.013183792674681e-06
1648542657.1298587,609,6.030923032085411e-06
1648542657.4021752,626,6.340626896417234e-06
1648542657.4506955,629,6.396908702299697e-06
1648542657.4964502,632,6.453689820773434e-06
1648542657.5745966,637,6.549447789439e-06
1648542657.7563891,649,6.785103778383927e-06
1648542657.8199198,653,6.865525392640848e-06
1648542657.865796,656,6.926466539880494e-06
1648542657.991464,664,7.091633051459212e-06
1648542658.0061293,665,7.1125541580840945e-06
1648542658.0363898,667,7.154581453505671e-06
1648542658.5474715,700,7.884999831730966e-06
1648542658.6086135,704,7.97845859779045e-06
1648542658.643761,706,8.02560225565685e-06
1648542658.677314,708,8.073024218901992e-06
1648542658.7441325,712,8.168710337486118e-06
1648542658.7806032,714,8.216978130803909e-06
1648542658.8808355,720,8.363499546248931e-06
1648542659.1295347,736,8.76712419994874e-06
1648542659.1450987,737,8.792987500783056e-06
1648542659.2240293,742,8.923455425247084e-06
1648542659.2702951,745,9.002663318824489e-06
1648542659.3009942,747,9.055858754436485e-06
1648542659.3497336,750,9.13624171516858e-06
1648542659.380563,752,9.190226592181716e-06
1648542659.5956507,766,9.577158380125184e-06
1648542659.7030725,773,9.776691513252445e-06
1648542659.7508345,776,9.863472769211512e-06
1648542659.7657835,777,9.892571142700035e-06
1648542659.8747017,784,1.0098674465552904e-05
1648542660.1225374,800,1.058603902492905e-05
1648542660.2752583,810,1.0902514077315573e-05
1648542660.2924864,811,1.093467744794907e-05
1648542660.4618974,822,1.1294798241578974e-05
1648542660.4769354,823,1.1328118489473127e-05
1648542660.509091,825,1.1395054571039509e-05
1648542660.6001537,831,1.1598246601352002e-05
1648542660.6167636,832,1.16324617920327e-05
1648542660.6312642,833,1.1666778846119996e-05
1648542660.6464407,834,1.1701196854119189e-05
1648542660.8616168,848,1.2193846487207338e-05
1648542660.9545007,854,1.2411281204549596e-05
1648542660.9701655,855,1.244789564225357e-05
1648542661.03196,859,1.259543660125928e-05
1648542661.1864536,868,1.2933827747474425e-05
1648542661.3248045,876,1.3242244676803239e-05
1648542661.3423033,877,1.3281311112223193e-05
1648542661.3590412,878,1.3320491234480869e-05
1648542661.6029422,892,1.388131840940332e-05
1648542661.6203163,893,1.3922269317845348e-05
1648542661.689644,897,1.4087284398556221e-05
1648542661.7778554,902,1.4296307199401781e-05
1648542661.82899,905,1.4423207176150754e-05
1648542661.8822904,908,1.4551233107340522e-05
1648542662.0378363,917,1.4942169400455896e-05
1648542662.1092494,921,1.5119273484742735e-05
1648542662.1631992,924,1.5253477613441646e-05
1648542662.2763934,931,1.557127143314574e-05
1648542663.7996078,939,1.5942581740091555e-05
1648542663.8347313,941,1.6036783563322388e-05
1648542663.8678994,943,1.6131541997310705e-05
1648542663.8848605,944,1.6179132217075676e-05
1648542663.916111,946,1.6274732843157835e-05
1648542663.9464445,948,1.6370897355955094e-05
1648542663.9616363,949,1.641919334360864e-05
1648542664.0395427,954,1.6662816051393747e-05
1648542664.1781533,963,1.7110482076532207e-05
1648542664.210997,965,1.7211586964549497e-05
1648542664.225885,966,1.7262362234760076e-05
1648542664.301643,971,1.751849595166277e-05
1648542664.3496518,974,1.7673995898803696e-05
1648542664.394797,977,1.7830876458901912e-05
1648542664.442546,980,1.7989150364883244e-05
1648542664.4734209,982,1.8095446648658253e-05
1648542664.6437545,993,1.8691398508963175e-05
1648542664.6610925,994,1.8746539353742264e-05
1648542664.7055564,997,1.891294050437864e-05
1648542664.736409,999,1.902469557535369e-05
1648542664.7681925,1001,1.9137109120492823e-05
1648542664.8137913,1004,1.9306977264932357e-05
1648542664.8285143,1005,1.9363935280125588e-05
1648542664.8762856,1008,1.9535815226845443e-05
1648542665.0010407,1016,2.0001662051072344e-05
1648542665.03089,1018,2.0119849068578333e-05
1648542665.0614216,1020,2.0238734578015283e-05
1648542665.0790076,1021,2.0298441086197272e-05
1648542665.1698227,1027,2.0660394511651248e-05
1648542665.1871219,1028,2.072134338959586e-05
1648542665.2171657,1030,2.0843783204327337e-05
1648542665.2470727,1032,2.0966946976841427e-05
1648542665.3254204,1037,2.127804691554047e-05
1648542665.3405693,1038,2.1340818420867436e-05
1648542665.4332938,1044,2.1721358280046843e-05
1648542665.4488568,1045,2.178543945774436e-05
1648542665.49404,1048,2.1978814402245916e-05
1648542665.511922,1049,2.2043654098524712e-05
1648542665.5264153,1050,2.210868478869088e-05
1648542665.542076,1051,2.217390647274442e-05
1648542665.6956556,1061,2.283680805703625e-05
1648542665.974399,1079,2.408036743872799e-05
1648542666.0529888,1084,2.4437664251308888e-05
1648542666.083495,1086,2.4582062906119972e-05
1648542666.1924498,1093,2.5094212105614133e-05
1648542666.300663,1100,2.561702967796009e-05
1648542666.3307178,1102,2.5768398700165562e-05
1648542666.3941867,1106,2.607382157293614e-05
1648542666.502293,1113,2.6617050025379285e-05
1648542666.594572,1119,2.7091673473478295e-05
1648542666.624158,1121,2.7251753635937348e-05
1648542666.762913,1130,2.798390414682217e-05
1648542666.9024312,1139,2.8735725209116936e-05
1648542666.9792087,1144,2.9162098144297488e-05
1648542667.0718365,1150,2.9682103559025563e-05
1648542667.0866094,1151,2.9769667889922857e-05
1648542667.193142,1158,3.0389895982807502e-05
1648542667.223161,1160,3.056946661672555e-05
1648542667.2400954,1161,3.0659648473374546e-05
1648542667.3145962,1166,3.111456680926494e-05
1648542667.3776112,1170,3.1483355996897444e-05
1648542667.516922,1179,3.232919334550388e-05
1648542667.6273408,1186,3.300274693174288e-05
1648542667.688688,1190,3.3393916964996606e-05
1648542667.718427,1192,3.3591237297514454e-05
1648542667.7332625,1193,3.369033584021963e-05
1648542667.839973,1200,3.439224747125991e-05
1648542667.8546994,1201,3.449370706221089e-05
1648542668.0707617,1215,3.5945980926044285e-05
1648542668.0859287,1216,3.60520243702922e-05
1648542668.148802,1220,3.647933408501558e-05
1648542668.179453,1222,3.6694884329335764e-05
1648542668.1948528,1223,3.680313966469839e-05
1648542668.241844,1226,3.712981924763881e-05
1648542668.3021095,1230,3.756990554393269e-05
1648542668.3492408,1233,3.790338814724237e-05
1648542668.3943994,1236,3.8239832065301016e-05
1648542668.409765,1237,3.835264578810893e-05
1648542668.4573548,1240,3.869307693094015e-05
1648542668.4724877,1241,3.880722579197027e-05
1648542668.6138165,1250,3.984982686233707e-05
1648542668.6909864,1255,4.0441107557853684e-05
1648542668.801007,1262,4.128366708755493e-05
1648542668.8319864,1264,4.152760448050685e-05
1648542668.8944368,1268,4.201981573714875e-05
1648542669.0656948,1279,4.3403688323451206e-05
1648542669.097493,1281,4.366015491541475e-05
1648542669.1915672,1287,4.4438686018111184e-05
1648542669.205495,1288,4.4569780584424734e-05
1648542669.251961,1291,4.496539986575954e-05
1648542669.2672944,1292,4.509805148700252e-05
1648542669.376859,1299,4.6037635911488906e-05
1648542669.3927193,1300,4.617344893631525e-05
1648542669.4403892,1303,4.6583303628722206e-05
1648542669.5189922,1308,4.7274490498239174e-05
1648542669.548846,1310,4.7553829062962905e-05
1648542669.5941405,1313,4.797593646799214e-05
1648542669.6422758,1316,4.8401787353213876e-05
1648542669.6720302,1318,4.868778705713339e-05
1648542669.7329915,1322,4.926486508338712e-05
1648542669.8857126,1332,5.073766806162894e-05
1648542669.991905,1339,5.179474828764796e-05
1648542670.0684643,1344,5.2563260396709666e-05
1648542670.0837946,1345,5.271832560538314e-05
1648542670.1300719,1348,5.318627518136054e-05
1648542670.1782036,1351,5.3658375691156834e-05
1648542670.2093477,1353,5.39754364581313e-05
1648542670.2712626,1357,5.4615189583273605e-05
1648542670.3173332,1360,5.509997208719142e-05
1648542670.4432843,1368,5.641387542709708e-05
1648542670.506637,1372,5.7082528655882925e-05
1648542670.6181874,1379,5.8271798479836434e-05
1648542670.6492875,1381,5.8616118622012436e-05
1648542670.6964645,1384,5.9136418713023886e-05
1648542670.7601652,1388,5.983734081382863e-05
1648542670.775815,1389,6.0013866459485143e-05
1648542670.853909,1394,6.0904330894118175e-05
1648542671.0421538,1406,6.30957365501672e-05
1648542672.5372796,1410,6.384358857758343e-05
1648542672.6800263,1419,6.555882282555103e-05
1648542672.7130222,1421,6.594620208488777e-05
1648542672.776594,1425,6.672783638350666e-05
1648542672.844593,1429,6.75187329761684e-05
1648542672.876674,1431,6.791769556002691e-05
1648542672.9743528,1437,6.912877142895013e-05
1648542673.0380492,1441,6.994813156779855e-05
1648542673.086859,1444,7.056901813484728e-05
1648542673.2441986,1453,7.24649362382479e-05
1648542673.3133888,1457,7.332384120672941e-05
1648542673.4630337,1466,7.52937703509815e-05
1648542673.653625,1477,7.777348218951374e-05
1648542673.7010698,1480,7.846383232390508e-05
1648542674.078726,1504,8.421183883910999e-05
1648542674.18343,1510,8.571346552344039e-05
1648542674.325816,1518,8.775736932875589e-05
1648542674.4353573,1525,8.95857228897512e-05
1648542674.5586483,1533,9.172196587314829e-05
1648542674.5916991,1535,9.226393740391359e-05
1648542674.621697,1537,9.280911035602912e-05
1648542674.6529682,1539,9.335750655736774e-05
1648542674.6680923,1540,9.363292338093743e-05
1648542674.7297313,1544,9.474271791987121e-05
1648542674.7924964,1548,9.586566739017144e-05
1648542674.9111137,1555,9.786295413505286e-05
1648542674.976882,1559,9.90228945738636e-05
1648542675.039849,1563,0.00010019657202064991
1648542675.0853517,1566,0.00010108595597557724
1648542675.3305845,1582,0.00010596438369248062
1648542675.3779237,1585,0.00010690496128518134
1648542675.43821,1589,0.00010817206930369139
1648542675.4853983,1592,0.00010913224832620472
1648542675.560983,1597,0.00011075151269324124
1648542675.5929587,1599,0.00011140593414893374
1648542675.7940826,1612,0.00011575491953408346
1648542675.8857474,1618,0.0001178190068458207
1648542676.085564,1629,0.00012169923138571903
1648542676.2265015,1637,0.00012460123980417848
1648542676.2941778,1641,0.0001260780991287902
1648542676.3121734,1642,0.00012645004608202726
1648542676.375012,1646,0.00012794880603905767
1648542676.4343219,1650,0.00012946533388458192
1648542676.4806437,1653,0.0001306145277339965
1648542676.4956915,1654,0.00013099984789732844
1648542676.540049,1657,0.00013216264778748155
1648542676.754337,1671,0.00013772703823633492
1648542676.9098072,1681,0.00014184445899445564
1648542676.9251225,1682,0.00014226291386876255
1648542676.9588332,1684,0.0001431035198038444
1648542677.0103729,1687,0.00014437375648412853
1648542677.1115837,1693,0.00014694816491100937
1648542677.1297212,1694,0.00014738168101757765
1648542677.1661406,1696,0.00014825254038441926
1648542677.2986045,1704,0.00015178773901425302
1648542677.3137848,1705,0.0001522355159977451
1648542677.5013018,1717,0.0001577131188241765
1648542677.6255765,1725,0.0001614739012438804
1648542677.6408947,1726,0.00016195025818888098
1648542677.795212,1736,0.00016679185500834137
1648542677.8592966,1740,0.0001687687763478607
1648542678.1967895,1761,0.00017953857604879886
1648542678.251394,1764,0.00018113222904503345
1648542678.3062427,1767,0.00018274002650287002
1648542678.5819645,1783,0.00019155909831169993
1648542678.7128692,1791,0.00019612697360571474
1648542678.8571782,1800,0.00020139614935033023
1648542678.8922255,1802,0.00020258617587387562
1648542678.9286518,1804,0.0002037832309724763
1648542678.9669814,1806,0.00020498735830187798
1648542679.1208422,1815,0.00021049458882771432
1648542679.1857076,1819,0.0002129895001417026
1648542679.3463845,1829,0.0002193569380324334
1648542679.3963218,1832,0.0002213040424976498
1648542679.431038,1834,0.00022261169215198606
1648542679.4476953,1835,0.00022326842008624226
1648542679.4839692,1837,0.00022458768216893077
1648542679.538847,1840,0.00022658120724372566
1648542679.632794,1845,0.00022994315077085048
1648542679.6665719,1847,0.00023130184854380786
1648542679.7169096,1850,0.00023335497826337814
1648542679.7531507,1852,0.00023473383043892682
1648542679.7869077,1854,0.0002361208462389186
1648542679.9463952,1863,0.00024246452085208148
1648542679.9635596,1864,0.00024317980569321662
1648542680.015525,1867,0.0002453383640386164
1648542680.0487847,1869,0.0002467880258336663
1648542681.673829,1884,0.00025793712120503187
1648542682.2754524,1922,0.0002884881105273962
1648542682.5571847,1938,0.0003024105972144753
1648542682.771772,1951,0.0003142158966511488
1648542682.8337538,1955,0.0003179401683155447
1648542682.912057,1960,0.0003226576664019376
1648542683.052966,1969,0.0003313262714073062
1648542683.0702357,1970,0.00033230369444936514
1648542683.0853374,1971,0.00033328402787446976
1648542683.100621,1972,0.0003342672425787896
1648542683.1311715,1974,0.0003362423740327358
1648542683.300305,1984,0.0003462945169303566
1648542683.3171859,1985,0.0003473161195870489
1648542683.516848,1997,0.0003598129260353744
1648542683.566367,2000,0.0003630067512858659
1648542683.5820436,2001,0.0003640776558313519
1648542683.613644,2003,0.0003662289527710527
1648542683.724114,2010,0.0003738590457942337
1648542683.8174515,2016,0.00038052554009482265
1648542683.849043,2018,0.00038277398562058806
1648542683.867535,2019,0.00038390321424230933
1648542683.914196,2022,0.0003873108944389969
1648542683.9629312,2025,0.00039074881351552904
1648542684.053765,2030,0.0003965466166846454
1648542684.2107263,2039,0.00040720030665397644
1648542684.230075,2040,0.0004084015963599086
1648542684.4168556,2052,0.00042309629498049617
1648542684.4525762,2054,0.0004255963140167296
1648542684.5066054,2057,0.000429374078521505
1648542684.6168113,2063,0.00043703048140741885
1648542684.7146375,2069,0.00044482341036200523
1648542684.7450826,2071,0.0004474518063943833
1648542684.7604015,2072,0.0004487718397285789
1648542684.8541803,2078,0.0004567741125356406
1648542684.8694978,2079,0.0004581216489896178
1648542684.9345338,2083,0.00046355160884559155
1648542685.1056192,2094,0.0004788181104231626
1648542685.1235769,2095,0.00048023066483438015
1648542685.154355,2097,0.0004830682883039117
1648542685.2007546,2100,0.0004873561847489327
1648542685.234556,2102,0.0004902359214611351
1648542685.2960875,2106,0.000496046501211822
1648542685.3748631,2111,0.0005034066853113472
1648542685.4206364,2114,0.0005078751128166914
1648542685.4361827,2115,0.000509373378008604
1648542685.4707372,2117,0.0005123831797391176
1648542685.516323,2120,0.0005169312935322523
1648542685.5315738,2121,0.0005184562760405242
1648542685.5957003,2125,0.0005246013752184808
1648542685.6574922,2129,0.0005308192921802402
1648542685.6750603,2130,0.0005323852528817952
1648542685.7205057,2133,0.0005371109000407159
1648542685.8739,2143,0.000553168123587966
1648542686.0601373,2155,0.0005730717093683779
1648542686.0748382,2156,0.0005747622926719487
1648542686.0903735,2157,0.000576457881834358
1648542686.1371355,2160,0.0005815747426822782
1648542686.3841124,2176,0.0006096416618674994
1648542686.478057,2182,0.0006205125246196985
1648542686.6308768,2192,0.0006390630733221769
1648542686.6481693,2193,0.0006409483612515032
1648542686.6946023,2196,0.0006466376362368464
1648542686.8188872,2204,0.0006620571948587894
1648542686.9588199,2213,0.000679844175465405
1648542687.1179314,2223,0.0007001684862188995
1648542687.2740862,2233,0.0007211004267446697
1648542687.5085404,2248,0.0007536773919127882
1648542687.5408943,2250,0.0007581308018416166
1648542687.80469,2267,0.0007970628212206066
1648542687.83578,2269,0.000801772519480437
1648542687.8709333,2271,0.0008065100992098451
1648542687.8868933,2272,0.000808889337349683
1648542687.916347,2274,0.0008136690012179315
1648542687.9628613,2277,0.0008208914077840745
1648542688.02319,2281,0.0008306211675517261
1648542688.0386395,2282,0.0008330715354532003
1648542688.0852997,2285,0.0008404661784879863
1648542688.2070618,2293,0.0008605077746324241
1648542688.3164542,2300,0.000878435792401433
1648542688.4568923,2309,0.0009020360303111374
1648542688.486523,2311,0.0009073660476133227
1648542688.7383058,2327,0.0009511556709185243
1648542688.7680628,2329,0.0009567759116180241
1648542688.8133504,2332,0.0009652686421759427
1648542688.8907936,2337,0.0009795909281820059
1648542688.9211664,2339,0.000985379214398563
1648542688.9838662,2343,0.0009970585815608501
1648542690.4062934,2345,0.0010029501281678677
1648542690.4191113,2346,0.0010059088235720992
1648542690.4637523,2349,0.0010148376459255815
1648542690.541087,2354,0.0010298955021426082
1648542690.63586,2360,0.001048260135576129
1648542690.8550932,2374,0.0010923945810645819
1648542690.8704128,2375,0.001095617190003395
1648542690.9163275,2378,0.0011053422931581736
1648542690.9652581,2381,0.0011151537764817476
1648542690.996298,2383,0.001121743000112474
1648542691.0266743,2385,0.0011283713392913342
1648542691.1847563,2395,0.0011621045414358377
1648542691.2457967,2399,0.001175878569483757
1648542691.2939138,2402,0.0011863161344081163
1648542691.3092308,2403,0.0011898158118128777
1648542691.5259082,2417,0.0012399101397022605
1648542691.6805024,2427,0.001276977825909853
1648542691.7885559,2434,0.0013035826850682497
1648542691.88253,2440,0.0013268275652080774
1648542691.9450912,2444,0.0013425539946183562
1648542691.9755602,2446,0.0013504870003089309
1648542691.9904668,2447,0.001354471081867814
1648542692.0225825,2449,0.0013624744024127722
1648542692.038166,2450,0.0013664938742294908
1648542692.1140244,2455,0.0013867694651708007
1648542692.176803,2459,0.0014032063772901893
1648542692.1920946,2460,0.0014073458733037114
1648542692.238864,2463,0.0014198380522429943
1648542692.315928,2468,0.0014409051509574056
1648542692.4228354,2475,0.001470925286412239
1648542692.4380553,2476,0.001475264667533338
1648542692.4545226,2477,0.001479616854339838
1648542692.4850266,2479,0.0014883596450090408
1648542692.5290997,2482,0.0015015709213912487
1648542692.7343385,2495,0.0015601881314069033
1648542692.7500226,2496,0.0015647908439859748
1648542692.8479471,2502,0.0015926935011520982
1648542693.0279982,2513,0.0016451469855383039
1648542693.270111,2528,0.0017194694373756647
1648542693.285924,2529,0.0017245420021936297
1648542693.366785,2534,0.0017501302063465118
1648542693.382389,2535,0.0017552932258695364
1648542693.4136634,2537,0.0017656650161370635
1648542693.5273328,2544,0.0018024513265118003
1648542693.5592098,2546,0.0018131016986444592
1648542693.7850993,2560,0.0018894379027187824
1648542693.8488789,2564,0.0019118327181786299
1648542693.894302,2567,0.0019288029288873076
1648542693.941922,2570,0.0019459236646071076
1648542694.003353,2574,0.001968987984582782
1648542694.0205734,2575,0.0019747966434806585
1648542694.1456702,2583,0.0020218873396515846
1648542694.1604905,2584,0.0020278519950807095
1648542694.191255,2586,0.0020398341584950686
1648542694.3001444,2593,0.0020823327358812094
1648542694.3150158,2594,0.002088475739583373
1648542694.3776898,2598,0.0021132295951247215
1648542694.4706998,2604,0.0021509118378162384
1648542694.5005956,2606,0.0021636211313307285
1648542694.6258478,2614,0.002215214539319277
1648542694.641735,2615,0.0022217496298253536
1648542694.6899345,2618,0.00224147061817348
1648542694.7522068,2622,0.0022680379915982485
1648542694.971464,2636,0.002363528124988079
1648542694.9868088,2637,0.0023705007042735815
1648542695.0503173,2641,0.0023985973093658686
1648542695.083788,2643,0.0024127704091370106
1648542695.186817,2649,0.0024557937867939472
1648542695.2902331,2655,0.0024995843414217234
1648542695.3753455,2660,0.0025366724003106356
1648542695.4259796,2663,0.002559188986197114
1648542695.4426613,2664,0.0025667387526482344
1648542695.562432,2671,0.002620214829221368
1648542695.6152778,2674,0.00264347274787724
1648542695.6318696,2675,0.002651271177455783
1648542695.7823374,2684,0.0027225008234381676
1648542695.9249284,2693,0.0027956441044807434
1648542695.9411132,2694,0.0028038914315402508
1648542695.9561646,2695,0.002812163205817342
1648542695.9713063,2696,0.002820459194481373
1648542696.0500755,2701,0.002862308407202363
1648542696.0807896,2703,0.0028792214579880238
1648542696.1114213,2705,0.0028962341602891684
1648542696.3152251,2718,0.0030092953238636255
1648542696.4393444,2726,0.003081054426729679
1648542696.5017545,2730,0.003117572981864214
1648542696.6398704,2739,0.0032013303134590387
1648542696.6548138,2740,0.0032107746228575706
1648542696.8870761,2755,0.003355827182531357
1648542697.0586286,2766,0.0034663472324609756
1648542697.073663,2767,0.0034765731543302536
1648542697.1211648,2770,0.0035074325278401375
1648542697.1520755,2772,0.0035281574819236994
1648542697.197243,2775,0.0035594748333096504
1648542697.2129562,2776,0.00356997549533844
1648542697.3844583,2787,0.003687548451125622
1648542697.3993587,2788,0.0036984269972890615
1648542697.5856104,2800,0.003831500420346856
1648542697.600609,2801,0.0038428036496043205
1648542697.6953652,2807,0.003911326639354229
1648542697.710962,2808,0.0039228652603924274
1648542697.7603865,2811,0.003957686480134726
1648542699.335192,2819,0.004052060190588236
1648542699.3528972,2820,0.004064014181494713
1648542699.3712857,2821,0.004076003562659025
1648542699.405805,2823,0.004100088030099869
1648542699.4403064,2825,0.0041243149898946285
1648542699.6476152,2838,0.004285316914319992
1648542700.0418093,2862,0.004599245265126228
1648542700.0911252,2865,0.004640069790184498
1648542700.3702815,2881,0.004864000249654055
1648542700.4214506,2884,0.004907174967229366
1648542700.4607563,2886,0.004936170764267445
1648542700.4805627,2887,0.004950732924044132
1648542700.4994197,2888,0.004965337924659252
1648542700.5365186,2890,0.004994677845388651
1648542700.6244266,2895,0.005068786907941103
1648542700.644152,2896,0.005083740223199129
1648542700.8703058,2909,0.005282195750623941
1648542700.8870883,2910,0.005297778639942408
1648542700.9228354,2912,0.00532908271998167
1648542700.974485,2915,0.005376385524868965
1648542701.0103092,2917,0.005408153869211674
1648542701.0458813,2919,0.005440109875053167
1648542701.2087193,2928,0.005586265120655298
1648542701.278374,2932,0.005652477033436298
1648542701.2953286,2933,0.0056691523641347885
1648542701.3297136,2935,0.005702650640159845
1648542701.4059353,2940,0.005787264555692673
1648542701.620884,2954,0.006030923221260309
1648542701.6686814,2957,0.006084456108510494
1648542701.7019353,2959,0.0061204079538583755
1648542701.7179708,2960,0.006138463970273733
1648542701.8131604,2966,0.00624792231246829
1648542701.9210396,2973,0.0063780928030610085
1648542701.999649,2978,0.00647272914648056
1648542702.0302827,2980,0.006510975304991007
1648542702.1114156,2985,0.00660758325830102
1648542702.1426077,2987,0.006646626628935337
1648542702.2427268,2993,0.0067651462741196156
1648542702.3060424,2997,0.006845331285148859
1648542702.3236191,2998,0.0068655251525342464
1648542702.3396065,2999,0.0068857790902256966
1648542702.6554425,3019,0.007303641643375158
1648542702.7469954,3025,0.007433876860886812
1648542702.9160645,3035,0.007656116504222155
1648542702.9608552,3038,0.007724075112491846
1648542703.036779,3043,0.007838682271540165
1648542703.1129892,3048,0.007954990491271019
1648542703.1279745,3049,0.00797845795750618
1648542703.157838,3051,0.008025601506233215
1648542703.278589,3059,0.00821697898209095
1648542703.2938344,3060,0.008241219446063042
1648542703.3698833,3065,0.008363500237464905
1648542703.492304,3073,0.008562933653593063
1648542703.506926,3074,0.008588195778429508
1648542703.524949,3075,0.008613531477749348
1648542703.6002765,3080,0.008741335943341255
1648542703.616169,3081,0.008767124265432358
1648542703.6637113,3084,0.008844943717122078
1648542703.6788754,3085,0.008871037513017654
1648542703.6941242,3086,0.00889720767736435
1648542703.7247415,3088,0.008949779905378819
1648542703.741441,3089,0.008976182900369167
1648542703.8656635,3097,0.009190226905047894
1648542703.8807647,3098,0.009217338636517525
1648542703.8956492,3099,0.009244530461728573
1648542703.9107542,3100,0.009271802380681038
1648542703.9582949,3103,0.009354102425277233
1648542704.0034919,3106,0.009437133558094501
1648542704.0484562,3109,0.009520900435745716
1648542704.329906,3127,0.010039353743195534
1648542704.4089992,3132,0.010188314132392406
1648542704.423683,3133,0.010218370705842972
1648542704.5017905,3138,0.010369988158345222
1648542704.5310657,3140,0.010431262664496899
1648542704.6403065,3147,0.010648590512573719
1648542704.7779973,3156,0.010934676975011826
1648542704.7935047,3157,0.010966935195028782
1648542704.824484,3159,0.011031737551093102
1648542704.885521,3163,0.01116249244660139
1648542704.914903,3165,0.011228450573980808
1648542705.0580804,3174,0.011530116200447083
1648542705.101828,3177,0.011632462032139301
1648542705.1800613,3182,0.011805061250925064
1648542705.2739675,3188,0.012015563435852528
1648542705.3035777,3190,0.012086561881005764
1648542705.3497121,3193,0.012193846516311169
1648542705.382323,3195,0.012265898287296295
1648542705.3976712,3196,0.012302083894610405
1648542705.4125032,3197,0.012338375672698021
1648542705.4278526,3198,0.012374775484204292
1648542705.6144211,3210,0.012820032425224781
1648542705.709347,3216,0.013048633001744747
1648542705.7857509,3221,0.013242244720458984
1648542705.8488448,3225,0.013399200513958931
1648542705.9427114,3231,0.013638129457831383
1648542706.003853,3235,0.013799777254462242
1648542706.0991976,3241,0.01404584851115942
1648542706.1616974,3245,0.014212328940629959
1648542706.1767652,3246,0.014254256151616573
1648542706.1915493,3247,0.014296307228505611
1648542706.222076,3249,0.014380782842636108
1648542706.253974,3251,0.014465756714344025
1648542706.3290675,3256,0.014680394902825356
1648542706.392043,3260,0.01485439669340849
1648542706.5169275,3268,0.015208611264824867
1648542706.5945914,3273,0.015434271655976772
1648542706.6247895,3275,0.015525470487773418
1648542708.253398,3289,0.016179131343960762
1648542708.3002863,3292,0.016322745010256767
1648542708.3158793,3293,0.016370898112654686
1648542708.3782234,3297,0.016564935445785522
1648542708.4600048,3302,0.016810720786452293
1648542708.4955637,3304,0.01691005378961563
1648542708.631622,3312,0.017313286662101746
1648542708.6812367,3315,0.017466966062784195
1648542708.9317822,3331,0.018309924751520157
1648542709.0494776,3338,0.018691398203372955
1648542709.0671217,3339,0.01874653995037079
1648542709.0865989,3340,0.018801843747496605
1648542709.1234617,3342,0.018912941217422485
1648542709.1384344,3343,0.01896873489022255
1648542709.2660658,3351,0.019421059638261795
1648542709.2970545,3353,0.019535815343260765
1648542709.3267024,3355,0.019651250913739204
1648542709.435996,3362,0.020060669630765915
1648542709.5900216,3372,0.020660392940044403
1648542709.716558,3380,0.021153056994080544
1648542709.7315793,3381,0.02121545933187008
1648542709.7921488,3385,0.021466920152306557
1648542709.838857,3388,0.021657466888427734
1648542709.8692384,3390,0.021785438060760498
1648542710.0071256,3399,0.022370731458067894
1648542710.0554473,3402,0.02256930246949196
1648542710.1163287,3406,0.022836808115243912
1648542710.1795647,3410,0.023107483983039856
1648542710.3204362,3419,0.023728294298052788
1648542710.4145198,3425,0.024151407182216644
1648542710.508974,3431,0.024582063779234886
1648542710.539031,3433,0.024727314710617065
1648542710.5543032,3434,0.024800263345241547
1648542710.6168575,3438,0.025094211101531982
1648542710.662425,3441,0.025316957384347916
1648542710.6954806,3443,0.0254665520042181
1648542710.7262108,3445,0.025617031380534172
1648542710.7722476,3448,0.02584441751241684
1648542710.8364265,3452,0.026150740683078766
1648542710.8671272,3454,0.026305261999368668
1648542710.8824775,3455,0.026382865384221077
1648542710.897919,3456,0.026460697874426842
1648542710.9303496,3458,0.026617050170898438
1648542710.9922378,3462,0.026932531967759132
1648542711.1142147,3470,0.027574758976697922
1648542711.1774197,3474,0.02790159359574318
1648542711.5027003,3495,0.029682103544473648
1648542711.5182807,3496,0.029769668355584145
1648542711.595355,3501,0.03021138161420822
1648542711.6255343,3503,0.030389895662665367
1648542711.7037187,3508,0.030840812250971794
1648542711.79705,3514,0.031390752643346786
1648542711.8578882,3518,0.03176281601190567
1648542711.873369,3519,0.03185651823878288
1648542712.0356581,3527,0.032616160809993744
1648542712.1479483,3534,0.03329569473862648
1648542712.2710018,3541,0.03398938477039337
1648542712.4140694,3550,0.03490255028009415
1648542712.491546,3555,0.03542042151093483
1648542712.5226967,3557,0.03562971577048302
1648542712.5541897,3559,0.035840246826410294
1648542712.625159,3563,0.0362650491297245
1648542712.6748173,3566,0.0365869514644146
1648542712.865749,3578,0.03790338709950447
1648542712.992195,3586,0.0388072244822979
1648542713.0715,3591,0.03938303515315056
1648542713.116185,3594,0.039732612669467926
1648542713.1788445,3598,0.04020354896783829
1648542713.2732003,3604,0.040920440107584
1648542713.288873,3605,0.04104115813970566
1648542713.3215728,3607,0.04128366708755493
1648542713.4446728,3615,0.04226810485124588
1648542713.4935422,3618,0.04264329373836517
1648542713.554161,3622,0.04314872995018959
1648542713.5693038,3623,0.043276023119688034
1648542713.5847661,3624,0.043403688818216324
1648542713.6180556,3626,0.043660156428813934
1648542713.712194,3632,0.044438686221838
1648542713.8011668,3638,0.04523109644651413
1648542713.9418502,3647,0.04644628241658211
1648542714.0489895,3654,0.04741395637392998
1648542714.141693,3660,0.048259418457746506
1648542714.2167192,3665,0.04897547885775566
1648542714.29489,3670,0.04970216006040573
1648542714.3119543,3671,0.04984878748655319
1648542714.388984,3676,0.05058842524886131
1648542714.4188998,3678,0.050887346267700195
1648542714.449467,3680,0.05118803307414055
1648542714.466254,3681,0.051339041441679
1648542714.556772,3687,0.05225449800491333
1648542714.591822,3689,0.05256326124072075
1648542714.6924257,3695,0.053500544279813766
1648542714.7222922,3697,0.053816672414541245
1648542714.737332,3698,0.053975436836481094
1648542714.782187,3701,0.05445454269647598
1648542714.8147733,3703,0.054776307195425034
1648542714.86024,3706,0.05526252090930939
1648542714.876893,3707,0.055425550788640976
1648542714.8944657,3708,0.055589061230421066
1648542714.913443,3709,0.05575305223464966
1648542714.9977665,3714,0.056580301374197006
1648542715.0143797,3715,0.05674721673130989
1648542715.083979,3719,0.05741982161998749
1648542715.2046347,3726,0.058616120368242264
1648542715.2912881,3731,0.059485845267772675
1648542715.4626062,3741,0.06126420944929123
1648542715.5145757,3744,0.061808012425899506
1648542715.5310507,3745,0.06199035048484802
1648542715.565423,3747,0.06235664337873459
1648542717.035736,3753,0.0634685605764389
1648542717.1155162,3758,0.06441028416156769
1648542717.4767816,3781,0.06892544031143188
1648542717.558219,3786,0.06994812935590744
1648542717.650205,3792,0.07119541615247726
1648542717.8090837,3802,0.07332383841276169
1648542717.8704054,3806,0.07419291883707047
1648542717.9976487,3814,0.0759621113538742
1648542718.0750992,3819,0.07708921283483505
1648542718.10835,3821,0.07754471898078918
1648542718.1230378,3822,0.07777348160743713
1648542718.1689227,3825,0.0784638300538063
1648542718.2322164,3829,0.07939383387565613
1648542718.2472637,3830,0.07962805032730103
1648542718.401979,3840,0.08200857788324356
1648542718.4345653,3842,0.08249315619468689
1648542718.4500258,3843,0.08273651450872421
1648542718.5292587,3848,0.08396413177251816
1648542718.5460913,3849,0.08421183377504349
1648542718.5922372,3852,0.08495932817459106
1648542718.70183,3859,0.08672939240932465
1648542718.9521117,3875,0.09091497212648392
1648542719.0780346,3883,0.09308290481567383
1648542719.1568499,3888,0.09446404129266739
1648542719.1723828,3889,0.09474271535873413
1648542719.1874433,3890,0.09502221643924713
1648542719.235151,3893,0.09586566686630249
1648542719.2505493,3894,0.09614848345518112
1648542719.3462064,3900,0.09786295890808105
1648542719.5022452,3910,0.10078862309455872
1648542719.7837913,3928,0.1062769889831543
1648542719.9546037,3939,0.10977709293365479
1648542719.9865794,3941,0.11042574793100357
1648542720.0804374,3947,0.11239480972290039
1648542720.220234,3956,0.11541443318128586
1648542720.250791,3958,0.11609639972448349
1648542720.3092952,3961,0.11712691932916641
1648542720.327901,3962,0.11747245490550995
1648542720.3449874,3963,0.11781900376081467
1648542720.3598764,3964,0.11816658079624176
1648542720.3750694,3965,0.11851517856121063
1648542720.496627,3973,0.1213412657380104
1648542720.5115876,3974,0.12169923633337021
1648542720.560896,3977,0.122779481112957
1648542720.5917225,3979,0.12350496649742126
1648542720.765058,3990,0.1275724619626999
1648542720.8259573,3994,0.1290845274925232
1648542720.8599722,3996,0.12984727323055267
1648542721.0480742,4007,0.13412363827228546
1648542721.065088,4008,0.1345193088054657
1648542721.0822396,4009,0.13491615653038025
1648542721.1184328,4011,0.1357133537530899
1648542721.2560258,4019,0.13894954323768616
1648542721.5337236,4035,0.14565527439117432
1648542721.6218472,4040,0.147816464304924
1648542721.707995,4045,0.15000972151756287
1648542721.7723732,4049,0.15178772807121277
1648542721.8684657,4055,0.15449434518814087
1648542721.966918,4061,0.15724921226501465
1648542721.9826636,4062,0.1577131152153015
1648542722.016534,4064,0.15864501893520355
1648542722.0485744,4066,0.15958243608474731
1648542722.082918,4068,0.160525381565094
1648542722.1459346,4072,0.16242803633213043
1648542722.214062,4076,0.16435323655605316
1648542722.389042,4087,0.16976600885391235
1648542722.4217165,4089,0.17076914012432098
1648542722.4976814,4094,0.17330294847488403
1648542722.5130033,4095,0.17381420731544495
1648542722.547057,4097,0.1748412549495697
1648542722.5634234,4098,0.17535705864429474
1648542722.582252,4099,0.17587436735630035
1648542722.6163466,4101,0.17691358923912048
1648542722.7239237,4107,0.1800682246685028
1648542722.7914634,4111,0.1822025179862976
1648542722.821525,4113,0.1832791268825531
1648542722.8369644,4114,0.18381981551647186
1648542722.9456868,4121,0.18764956295490265
1648542722.9606752,4122,0.1882031410932541
1648542722.9761581,4123,0.18875835835933685
1648542723.0389366,4127,0.19099563360214233
1648542723.1161156,4132,0.19382958114147186
1648542723.1309447,4133,0.19440138339996338
1648542723.160969,4135,0.1955500841140747
1648542723.2086468,4138,0.19728586077690125
1648542723.3993979,4149,0.20378322899341583
1648542723.4683263,4153,0.20619860291481018
1648542723.5952384,4161,0.21111556887626648
1648542723.6259327,4163,0.21236301958560944
1648542723.690802,4167,0.2148800790309906
1648542723.7090635,4168,0.21551398932933807
1648542723.864359,4178,0.22195690870285034
1648542724.0827944,4192,0.23130184412002563
1648542724.0986934,4193,0.2319842129945755
1648542724.1154466,4194,0.23266857862472534
1648542724.1772416,4198,0.23542632162570953
1648542724.2412727,4202,0.23821674287319183
1648542724.2722235,4204,0.23962433636188507
1648542724.381081,4211,0.24461671710014343
1648542724.527764,4220,0.25118863582611084
1648542725.9825933,4222,0.25267288088798523
1648542726.0002866,4223,0.25341829657554626
1648542726.0174108,4224,0.2541658878326416
1648542726.1434264,4231,0.25946125388145447
1648542726.1599321,4232,0.26022666692733765
1648542726.1956277,4234,0.2617643177509308
1648542726.2632728,4238,0.2648669183254242
1648542726.484358,4250,0.2743971049785614
1648542726.5679824,4255,0.278468519449234
1648542726.8340473,4272,0.2927686274051666
1648542726.9399612,4278,0.2979891300201416
1648542726.997917,4281,0.3006342053413391
1648542727.221982,4294,0.3123701512813568
1648542727.429736,4306,0.32360953092575073
1648542727.4996715,4310,0.3274451792240143
1648542727.5336354,4312,0.32938000559806824
1648542727.642405,4319,0.3362423777580261
1648542727.6906445,4322,0.33922699093818665
1648542727.8458595,4332,0.3493683636188507
1648542727.8768458,4334,0.351432740688324
1648542727.9089816,4336,0.3535093069076538
1648542728.0671194,4346,0.3640776574611664
1648542728.158683,4352,0.37056973576545715
1648542728.1737695,4353,0.3716629445552826
1648542728.2963731,4361,0.38052552938461304
1648542728.3433466,4364,0.3839032053947449
1648542728.3582041,4365,0.38503575325012207
1648542728.3733072,4366,0.3861716389656067
1648542728.5738585,4379,0.40124672651290894
1648542728.6353567,4383,0.40600258111953735
1648542728.650321,4384,0.40720030665397644
1648542728.789883,4393,0.4181402325630188
1648542728.882314,4399,0.42559632658958435
1648542728.8985205,4400,0.42685186862945557
1648542729.0397105,4409,0.43831974267959595
1648542729.1693149,4417,0.4487718343734741
1648542729.2011726,4419,0.4514235556125641
1648542729.2643752,4423,0.45677411556243896
1648542729.280075,4424,0.458121657371521
1648542729.3423843,4428,0.4635516107082367
1648542729.373798,4430,0.4662906527519226
1648542729.389052,4431,0.46766626834869385
1648542729.4045448,4432,0.4690459072589874
1648542729.5621338,4442,0.4830682873725891
1648542729.638228,4447,0.4902358949184418
1648542729.7011826,4451,0.4960464835166931
1648542729.731188,4453,0.49897757172584534
1648542729.793611,4457,0.5048917531967163
1648542729.837863,4460,0.5093733668327332
1648542729.8542192,4461,0.5108760595321655
1648542729.931752,4466,0.5184562802314758
1648542730.0892794,4476,0.5339558124542236
1648542730.1194901,4478,0.5371109247207642
1648542730.3226607,4491,0.5580782294273376
1648542730.5068057,4503,0.5781584978103638
1648542730.570135,4507,0.5850111842155457
1648542730.6166325,4510,0.5902040004730225
1648542730.634542,4511,0.5919451117515564
1648542730.8527129,4525,0.6168674826622009
1648542730.868158,4526,0.6186873316764832
1648542730.8984404,4528,0.6223430633544922
1648542730.9613485,4532,0.6297194957733154
1648542731.2730222,4552,0.6679338812828064
1648542731.350747,4557,0.6778444647789001
1648542731.4149375,4561,0.6858787536621094
1648542731.5219824,4568,0.7001684904098511
1648542731.6462567,4576,0.7168645262718201
1648542731.693427,4579,0.7232276797294617
1648542731.7720883,4584,0.7339587211608887
1648542731.865842,4590,0.7470463514328003
1648542731.9889355,4598,0.7648602724075317
1648542732.0038362,4599,0.7671166658401489
1648542732.0366676,4601,0.7716494202613831
1648542732.099734,4605,0.7807955145835876
1648542732.193361,4611,0.794718325138092
1648542732.332964,4620,0.8160693645477295
1648542732.3479564,4621,0.8184768557548523
1648542732.4261067,4626,0.8306211233139038
1648542732.4414184,4627,0.8330715298652649
1648542732.4721544,4629,0.8379940390586853
1648542732.5506454,4634,0.8504279255867004
1648542732.6905377,4643,0.8732756972312927
1648542732.7545233,4647,0.8836263418197632
1648542732.769843,4648,0.8862330913543701
1648542732.880864,4655,0.9046971201896667
1648542732.9297564,4658,0.9127275347709656
1648542732.9763267,4661,0.9208292365074158
1648542732.9915874,4662,0.923545777797699
1648542733.042986,4665,0.9317435026168823
1648542733.0572062,4666,0.9344922304153442
1648542733.072869,4667,0.9372490644454956
1648542733.1826036,4674,0.9567759037017822
1648542733.2633936,4679,0.9709722399711609
1648542733.2781367,4680,0.9738367199897766
1648542733.3729234,4686,0.9912016987800598
1648542733.4163444,4689,1.0
