Wall time,Step,Value
1648542646.1707006,5,2.3082523345947266
1648542646.2184308,8,2.3085598945617676
1648542646.434892,22,2.315267324447632
1648542646.495803,26,2.3087050914764404
1648542646.5258834,28,2.3114161491394043
1648542646.5581794,30,2.3053414821624756
1648542646.573327,31,2.314326524734497
1648542646.6037116,33,2.3080906867980957
1648542646.6361327,35,2.315068006515503
1648542646.9259434,54,2.3113961219787598
1648542646.9732053,57,2.3071539402008057
1648542646.9892123,58,2.3141794204711914
1648542647.0379236,61,2.302802801132202
1648542647.0702677,63,2.3047330379486084
1648542647.0910783,64,2.309342861175537
1648542647.1860461,70,2.3162498474121094
1648542647.3337395,79,2.3161442279815674
1648542647.4315197,85,2.3097329139709473
1648542647.4624066,87,2.3069257736206055
1648542647.6219602,97,2.3112552165985107
1648542647.7486112,105,2.3014538288116455
1648542647.878085,113,2.3175737857818604
1648542648.0216842,122,2.3141818046569824
1648542648.0525706,124,2.3004307746887207
1648542648.0840597,126,2.303018808364868
1648542648.1193395,128,2.3107149600982666
1648542648.197632,133,2.31368088722229
1648542648.2630577,137,2.3133320808410645
1648542648.2949255,139,2.310214042663574
1648542648.4080026,146,2.3224380016326904
1648542648.4235787,147,2.320526361465454
1648542648.5346036,154,2.327392101287842
1648542648.6321707,160,2.31473970413208
1648542648.7294097,166,2.308694362640381
1648542648.8733406,175,2.311757802963257
1648542648.9226635,178,2.3175764083862305
1648542648.986785,182,2.3091890811920166
1648542649.0189645,184,2.3061249256134033
1648542649.0500922,186,2.3067705631256104
1648542649.096884,189,2.3147172927856445
1648542649.1145003,190,2.3182156085968018
1648542649.1937716,195,2.3081655502319336
1648542649.2264879,197,2.305833339691162
1648542649.2571154,199,2.3141307830810547
1648542649.318175,203,2.3108789920806885
1648542649.443349,211,2.3116936683654785
1648542649.4735053,213,2.3079919815063477
1648542649.534667,217,2.316293239593506
1648542649.582604,220,2.3116977214813232
1648542649.6758363,226,2.306933879852295
1648542649.7212377,229,2.3121063709259033
1648542649.7696836,232,2.311039924621582
1648542649.831621,236,2.314429998397827
1648542649.8617122,238,2.309343099594116
1648542649.909114,241,2.324023723602295
1648542650.12514,255,2.302135944366455
1648542650.1431043,256,2.3062803745269775
1648542650.2061322,260,2.3030338287353516
1648542650.221249,261,2.3133788108825684
1648542650.236861,262,2.3125414848327637
1648542650.2674034,264,2.3102729320526123
1648542650.3453593,269,2.3055224418640137
1648542650.4071174,273,2.3103718757629395
1648542650.42327,274,2.3070263862609863
1648542650.4856362,278,2.3082966804504395
1648542650.6100972,286,2.312509775161743
1648542650.6263177,287,2.312121629714966
1648542650.750869,295,2.319922685623169
1648542650.8429337,301,2.3034963607788086
1648542650.8589666,302,2.3161230087280273
1648542650.9501758,308,2.3088808059692383
1648542651.0273964,313,2.309084177017212
1648542651.05758,315,2.2990753650665283
1648542651.1049006,318,2.3188424110412598
1648542651.1195152,319,2.3071117401123047
1648542651.1375377,320,2.310603380203247
1648542651.1665213,322,2.317099094390869
1648542651.2139785,325,2.313023567199707
1648542651.5406613,346,2.3162622451782227
1648542651.649747,353,2.313277244567871
1648542651.664686,354,2.3106462955474854
1648542651.680245,355,2.305584669113159
1648542651.9749386,374,2.3135986328125
1648542651.9903133,375,2.3110976219177246
1648542652.0535865,379,2.3113083839416504
1648542652.0676951,380,2.3125951290130615
1648542652.0984726,382,2.3067727088928223
1648542652.237454,391,2.3218882083892822
1648542652.2524688,392,2.3194870948791504
1648542652.2688663,393,2.306166887283325
1648542652.3613098,399,2.312072992324829
1648542652.3941798,401,2.308685302734375
1648542652.4707913,406,2.3091483116149902
1648542652.4880464,407,2.3025293350219727
1648542652.5339756,410,2.3147683143615723
1648542652.549165,411,2.306431770324707
1648542652.830533,429,2.306910753250122
1648542653.0161216,441,2.3131508827209473
1648542653.158975,450,2.3009836673736572
1648542653.2521465,456,2.2963204383850098
1648542653.3129656,460,2.317202568054199
1648542653.4112155,466,2.307649850845337
1648542655.0386183,476,2.307758331298828
1648542655.100327,480,2.3048903942108154
1648542655.164288,484,2.3114500045776367
1648542655.1791627,485,2.307067394256592
1648542655.1943905,486,2.3118185997009277
1648542655.2739604,491,2.314260959625244
1648542655.4155846,500,2.3087620735168457
1648542655.4803598,504,2.3114559650421143
1648542655.5403583,508,2.3100907802581787
1648542655.5560977,509,2.2967681884765625
1648542655.5742023,510,2.3043971061706543
1648542655.635962,514,2.3145551681518555
1648542655.684234,517,2.3075859546661377
1648542655.7765143,523,2.3053712844848633
1648542655.7952256,524,2.307121992111206
1648542655.8707404,529,2.30265212059021
1648542655.9350195,533,2.316526412963867
1648542656.0152187,538,2.302901268005371
1648542656.1563754,547,2.316575050354004
1648542656.1862316,549,2.3060126304626465
1648542656.216817,551,2.3041539192199707
1648542656.2500432,553,2.310532569885254
1648542656.3128223,557,2.313995599746704
1648542656.3942597,562,2.316317558288574
1648542656.4743552,567,2.3094642162323
1648542656.4893157,568,2.3079445362091064
1648542656.6753426,580,2.3009750843048096
1648542656.7203207,583,2.316732406616211
1648542656.8292124,590,2.313052177429199
1648542656.8447702,591,2.2993435859680176
1648542656.875931,593,2.3043036460876465
1648542656.8936548,594,2.306981086730957
1648542656.9700284,599,2.305527448654175
1648542657.1139503,608,2.312012195587158
1648542657.1297693,609,2.3158302307128906
1648542657.4021,626,2.3126301765441895
1648542657.450615,629,2.3120241165161133
1648542657.4963841,632,2.312685966491699
1648542657.5745282,637,2.3126888275146484
1648542657.7563274,649,2.3137643337249756
1648542657.8198576,653,2.3126027584075928
1648542657.865736,656,2.301422119140625
1648542657.9914017,664,2.305328845977783
1648542658.00607,665,2.3047971725463867
1648542658.0363307,667,2.317737102508545
1648542658.5474117,700,2.305192470550537
1648542658.6085064,704,2.3236823081970215
1648542658.6436446,706,2.303363084793091
1648542658.6772041,708,2.3001184463500977
1648542658.7440274,712,2.3001174926757812
1648542658.7804606,714,2.3077731132507324
1648542658.8807757,720,2.309156656265259
1648542659.1294472,736,2.30985426902771
1648542659.1450124,737,2.305723190307617
1648542659.2239537,742,2.3114726543426514
1648542659.270205,745,2.307003974914551
1648542659.3009195,747,2.3059775829315186
1648542659.349657,750,2.3175265789031982
1648542659.3805063,752,2.3043642044067383
1648542659.5955803,766,2.3138654232025146
1648542659.7030144,773,2.310844898223877
1648542659.750774,776,2.296509265899658
1648542659.7657096,777,2.3086771965026855
1648542659.8746424,784,2.299715042114258
1648542660.1224642,800,2.297170400619507
1648542660.275184,810,2.3100645542144775
1648542660.2923825,811,2.3001132011413574
1648542660.461841,822,2.3097424507141113
1648542660.4768796,823,2.3076539039611816
1648542660.5090148,825,2.3138954639434814
1648542660.6000943,831,2.311103343963623
1648542660.6166873,832,2.3072402477264404
1648542660.6312058,833,2.3178467750549316
1648542660.6463828,834,2.310739755630493
1648542660.8615303,848,2.3055670261383057
1648542660.9544418,854,2.308417320251465
1648542660.9700904,855,2.3224334716796875
1648542661.0318756,859,2.3071255683898926
1648542661.1863778,868,2.301353693008423
1648542661.3246832,876,2.310387372970581
1648542661.3421896,877,2.3040707111358643
1648542661.3589337,878,2.3127050399780273
1648542661.6028361,892,2.3221566677093506
1648542661.6202385,893,2.307579278945923
1648542661.689539,897,2.308387517929077
1648542661.7777803,902,2.310342311859131
1648542661.828878,905,2.3164496421813965
1648542661.882195,908,2.3145337104797363
1648542662.0377295,917,2.299684524536133
1648542662.1091564,921,2.3039238452911377
1648542662.1631198,924,2.2980756759643555
1648542662.2763119,931,2.31492018699646
1648542663.799521,939,2.29776930809021
1648542663.8346534,941,2.3069894313812256
1648542663.8678386,943,2.313842535018921
1648542663.884769,944,2.303089141845703
1648542663.9160376,946,2.321096420288086
1648542663.9463322,948,2.303757905960083
1648542663.9615626,949,2.31243634223938
1648542664.0394676,954,2.3091208934783936
1648542664.178078,963,2.2987687587738037
1648542664.2109034,965,2.2977750301361084
1648542664.2258093,966,2.30586576461792
1648542664.3015523,971,2.312901735305786
1648542664.3495774,974,2.304243326187134
1648542664.3947227,977,2.3040266036987305
1648542664.4424884,980,2.3160452842712402
1648542664.473364,982,2.3122079372406006
1648542664.6436927,993,2.313774824142456
1648542664.6610336,994,2.3214805126190186
1648542664.7054996,997,2.3026742935180664
1648542664.7363515,999,2.314791440963745
1648542664.7681339,1001,2.3151793479919434
1648542664.8137183,1004,2.309144973754883
1648542664.8284292,1005,2.3004472255706787
1648542664.8762276,1008,2.3107149600982666
1648542665.0009503,1016,2.3081977367401123
1648542665.030802,1018,2.30891752243042
1648542665.0613325,1020,2.31562876701355
1648542665.0789173,1021,2.305102825164795
1648542665.169734,1027,2.3043737411499023
1648542665.1870444,1028,2.3097567558288574
1648542665.2170765,1030,2.3067433834075928
1648542665.2469962,1032,2.304349660873413
1648542665.3253334,1037,2.3190083503723145
1648542665.3404686,1038,2.306408405303955
1648542665.4332361,1044,2.3031668663024902
1648542665.4487689,1045,2.3081648349761963
1648542665.4939654,1048,2.311528205871582
1648542665.5118608,1049,2.3041818141937256
1648542665.5263462,1050,2.31196928024292
1648542665.542019,1051,2.311209201812744
1648542665.6956003,1061,2.310795783996582
1648542665.9743395,1079,2.3164730072021484
1648542666.0529287,1084,2.311598062515259
1648542666.0834363,1086,2.320408821105957
1648542666.1923437,1093,2.314232110977173
1648542666.3005743,1100,2.3120155334472656
1648542666.3306599,1102,2.3145859241485596
1648542666.3940985,1106,2.3052642345428467
1648542666.5022326,1113,2.3074874877929688
1648542666.5945098,1119,2.303161144256592
1648542666.624096,1121,2.301802635192871
1648542666.7628534,1130,2.3108484745025635
1648542666.9023697,1139,2.3058695793151855
1648542666.9791472,1144,2.308091640472412
1648542667.0717769,1150,2.3176686763763428
1648542667.086549,1151,2.3047051429748535
1648542667.1930826,1158,2.3213648796081543
1648542667.223099,1160,2.300793170928955
1648542667.2400298,1161,2.3158321380615234
1648542667.3145363,1166,2.307281255722046
1648542667.3775384,1170,2.3020219802856445
1648542667.516848,1179,2.301302194595337
1648542667.627265,1186,2.308215618133545
1648542667.6886306,1190,2.2988944053649902
1648542667.7183673,1192,2.3099365234375
1648542667.7331896,1193,2.299394369125366
1648542667.8399165,1200,2.3055832386016846
1648542667.8546426,1201,2.309189558029175
1648542668.0706887,1215,2.3064918518066406
1648542668.0858722,1216,2.316220998764038
1648542668.1487124,1220,2.304231643676758
1648542668.1793642,1222,2.314363956451416
1648542668.1947775,1223,2.3053410053253174
1648542668.2417552,1226,2.311155319213867
1648542668.3020341,1230,2.311049461364746
1648542668.3491843,1233,2.3039703369140625
1648542668.394342,1236,2.3106954097747803
1648542668.4096901,1237,2.3080923557281494
1648542668.457285,1240,2.3220036029815674
1648542668.4724212,1241,2.303999662399292
1648542668.6137402,1250,2.312972068786621
1648542668.690929,1255,2.311628818511963
1648542668.8009322,1262,2.310633897781372
1648542668.8319113,1264,2.3037848472595215
1648542668.89438,1268,2.306321144104004
1648542669.0656054,1279,2.308708667755127
1648542669.0974166,1281,2.303715944290161
1648542669.1914678,1287,2.3065688610076904
1648542669.2054193,1288,2.3084888458251953
1648542669.2518866,1291,2.3103702068328857
1648542669.2672074,1292,2.3066909313201904
1648542669.3767843,1299,2.3181896209716797
1648542669.3926604,1300,2.3044283390045166
1648542669.4403293,1303,2.3071298599243164
1648542669.5189002,1308,2.3096816539764404
1648542669.5487294,1310,2.305917263031006
1648542669.5940652,1313,2.2972378730773926
1648542669.642199,1316,2.308797597885132
1648542669.6719408,1318,2.296173572540283
1648542669.7329142,1322,2.3096020221710205
1648542669.8856559,1332,2.3018100261688232
1648542669.9918325,1339,2.308626413345337
1648542670.0684037,1344,2.3083853721618652
1648542670.0837226,1345,2.3101089000701904
1648542670.1300154,1348,2.302382707595825
1648542670.1781468,1351,2.3169188499450684
1648542670.209274,1353,2.3111989498138428
1648542670.2711601,1357,2.307128667831421
1648542670.317265,1360,2.3012847900390625
1648542670.4432254,1368,2.3031296730041504
1648542670.5065634,1372,2.3091282844543457
1648542670.6181302,1379,2.306046962738037
1648542670.6491997,1381,2.3042750358581543
1648542670.6963906,1384,2.3117470741271973
1648542670.7601066,1388,2.3099892139434814
1648542670.7757578,1389,2.3069798946380615
1648542670.8538527,1394,2.298967123031616
1648542671.0420916,1406,2.2951509952545166
1648542672.5372033,1410,2.2973473072052
1648542672.6799636,1419,2.311546564102173
1648542672.7129283,1421,2.3030245304107666
1648542672.7764556,1425,2.3055076599121094
1648542672.8445256,1429,2.3139679431915283
1648542672.8765879,1431,2.296434164047241
1648542672.9742782,1437,2.3126027584075928
1648542673.0379858,1441,2.3047664165496826
1648542673.0867999,1444,2.3054916858673096
1648542673.244123,1453,2.313079357147217
1648542673.3133185,1457,2.304612874984741
1648542673.4629514,1466,2.3016366958618164
1648542673.6535497,1477,2.306666851043701
1648542673.701008,1480,2.307067394256592
1648542674.0786393,1504,2.3083651065826416
1648542674.183357,1510,2.300823926925659
1648542674.3257499,1518,2.30362868309021
1648542674.4352932,1525,2.3006794452667236
1648542674.5585854,1533,2.307619094848633
1648542674.5916333,1535,2.300276041030884
1648542674.6216345,1537,2.302316665649414
1648542674.652907,1539,2.3047306537628174
1648542674.6680303,1540,2.3055293560028076
1648542674.7296715,1544,2.3045480251312256
1648542674.792398,1548,2.3020248413085938
1648542674.9110508,1555,2.3076066970825195
1648542674.9768226,1559,2.306272506713867
1648542675.039773,1563,2.308715581893921
1648542675.085265,1566,2.3071277141571045
1648542675.3304949,1582,2.3166799545288086
1648542675.3778481,1585,2.2960851192474365
1648542675.4381206,1589,2.3067288398742676
1648542675.4853237,1592,2.3083558082580566
1648542675.5609078,1597,2.2923755645751953
1648542675.592868,1599,2.3042116165161133
1648542675.7940042,1612,2.3057918548583984
1648542675.8856416,1618,2.3026227951049805
1648542676.0854409,1629,2.306126356124878
1648542676.2263603,1637,2.300509452819824
1648542676.2941067,1641,2.3025708198547363
1648542676.3121011,1642,2.301767587661743
1648542676.3749492,1646,2.2993547916412354
1648542676.4342613,1650,2.308833122253418
1648542676.4805717,1653,2.3043465614318848
1648542676.4956167,1654,2.300253391265869
1648542676.5399888,1657,2.302562952041626
1648542676.7542784,1671,2.3058061599731445
1648542676.9097128,1681,2.3040196895599365
1648542676.9250617,1682,2.308161973953247
1648542676.9587708,1684,2.30180025100708
1648542677.0102456,1687,2.295401096343994
1648542677.111501,1693,2.304325580596924
1648542677.129576,1694,2.301469326019287
1648542677.1659818,1696,2.3034589290618896
1648542677.2985427,1704,2.294473886489868
1648542677.3137252,1705,2.2991445064544678
1648542677.5012262,1717,2.3037590980529785
1648542677.6255007,1725,2.307589530944824
1648542677.6408386,1726,2.295825481414795
1648542677.7951536,1736,2.292452812194824
1648542677.8592281,1740,2.30253267288208
1648542678.1966317,1761,2.299943685531616
1648542678.2512732,1764,2.3015058040618896
1648542678.3061478,1767,2.299398183822632
1648542678.5818882,1783,2.303605556488037
1648542678.7127786,1791,2.3087823390960693
1648542678.857099,1800,2.3053066730499268
1648542678.8921478,1802,2.2971858978271484
1648542678.9285686,1804,2.2947041988372803
1648542678.9668565,1806,2.299757242202759
1648542679.1207807,1815,2.2868025302886963
1648542679.1856496,1819,2.305802583694458
1648542679.3463264,1829,2.295541763305664
1648542679.3962584,1832,2.2951724529266357
1648542679.4309266,1834,2.2948262691497803
1648542679.4475458,1835,2.2980949878692627
1648542679.483871,1837,2.2881240844726562
1648542679.5387616,1840,2.2966034412384033
1648542679.6327093,1845,2.3052966594696045
1648542679.6664946,1847,2.2945973873138428
1648542679.7167878,1850,2.2962393760681152
1648542679.753073,1852,2.295520305633545
1648542679.7868328,1854,2.298772096633911
1648542679.946285,1863,2.301562547683716
1648542679.963458,1864,2.2989046573638916
1648542680.0154173,1867,2.3021390438079834
1648542680.0486875,1869,2.297743082046509
1648542681.67373,1884,2.3053884506225586
1648542682.2753913,1922,2.2964677810668945
1648542682.557108,1938,2.298093795776367
1648542682.771703,1951,2.294396162033081
1648542682.8336902,1955,2.2884063720703125
1648542682.9119945,1960,2.2892961502075195
1648542683.0529058,1969,2.2935822010040283
1648542683.0701644,1970,2.292374849319458
1648542683.0852685,1971,2.2917606830596924
1648542683.10055,1972,2.298128604888916
1648542683.131108,1974,2.286839485168457
1648542683.3001575,1984,2.2927072048187256
1648542683.3170652,1985,2.290522575378418
1648542683.5167582,1997,2.2889416217803955
1648542683.566307,2000,2.2885208129882812
1648542683.5819855,2001,2.291217803955078
1648542683.6135669,2003,2.2883851528167725
1648542683.7240555,2010,2.294368028640747
1648542683.8173773,2016,2.2942891120910645
1648542683.848951,2018,2.2900915145874023
1648542683.8674731,2019,2.2904467582702637
1648542683.9141061,2022,2.291966199874878
1648542683.962872,2025,2.2860119342803955
1648542684.053665,2030,2.296555280685425
1648542684.2106535,2039,2.2857279777526855
1648542684.2299826,2040,2.2877018451690674
1648542684.4167612,2052,2.28315806388855
1648542684.4524927,2054,2.2885682582855225
1648542684.5065343,2057,2.2872395515441895
1648542684.6167367,2063,2.283189296722412
1648542684.714563,2069,2.291268825531006
1648542684.7450066,2071,2.2859716415405273
1648542684.7603273,2072,2.282196044921875
1648542684.8541045,2078,2.2774713039398193
1648542684.8694232,2079,2.285259246826172
1648542684.9344578,2083,2.288243055343628
1648542685.105545,2094,2.2748935222625732
1648542685.1235023,2095,2.280444383621216
1648542685.1542797,2097,2.2772629261016846
1648542685.2006803,2100,2.2782182693481445
1648542685.2344913,2102,2.2753589153289795
1648542685.2960312,2106,2.285712957382202
1648542685.3747866,2111,2.275648593902588
1648542685.4205384,2114,2.2760682106018066
1648542685.4360933,2115,2.285362720489502
1648542685.4706478,2117,2.282566547393799
1648542685.5162477,2120,2.280055284500122
1648542685.5315,2121,2.2879490852355957
1648542685.5956106,2125,2.274210214614868
1648542685.6574044,2129,2.280932903289795
1648542685.6749833,2130,2.2798471450805664
1648542685.7204208,2133,2.2839224338531494
1648542685.873825,2143,2.281031847000122
1648542686.0600471,2155,2.273268699645996
1648542686.0747633,2156,2.2746198177337646
1648542686.0902996,2157,2.2779977321624756
1648542686.1370602,2160,2.2697625160217285
1648542686.384022,2176,2.271552324295044
1648542686.4779835,2182,2.271629571914673
1648542686.6307995,2192,2.269926071166992
1648542686.6480877,2193,2.266000270843506
1648542686.6945267,2196,2.268127202987671
1648542686.8188016,2204,2.2713537216186523
1648542686.9587584,2213,2.2707786560058594
1648542687.1178713,2223,2.2601451873779297
1648542687.2740014,2233,2.265575647354126
1648542687.5084698,2248,2.2500712871551514
1648542687.5408282,2250,2.2728025913238525
1648542687.8046236,2267,2.2593867778778076
1648542687.8357127,2269,2.24519944190979
1648542687.8708622,2271,2.242339611053467
1648542687.8868299,2272,2.2565982341766357
1648542687.916285,2274,2.2585554122924805
1648542687.9627972,2277,2.2566945552825928
1648542688.0231287,2281,2.251476526260376
1648542688.0385816,2282,2.237877130508423
1648542688.0852408,2285,2.2491447925567627
1648542688.2070043,2293,2.244440793991089
1648542688.3163965,2300,2.2449047565460205
1648542688.4568164,2309,2.221616506576538
1648542688.486465,2311,2.2315618991851807
1648542688.7382298,2327,2.239433526992798
1648542688.7679865,2329,2.222252130508423
1648542688.8132603,2332,2.2213127613067627
1648542688.8907168,2337,2.2149946689605713
1648542688.9210916,2339,2.217604160308838
1648542688.9838078,2343,2.2157323360443115
1648542690.40618,2345,2.2187654972076416
1648542690.4190326,2346,2.2027416229248047
1648542690.4636574,2349,2.2116243839263916
1648542690.5410104,2354,2.2032222747802734
1648542690.6357822,2360,2.19769549369812
1648542690.8550167,2374,2.1992390155792236
1648542690.8703353,2375,2.178196430206299
1648542690.9162366,2378,2.194136381149292
1648542690.965167,2381,2.1635851860046387
1648542690.9962091,2383,2.1763596534729004
1648542691.026598,2385,2.1727819442749023
1648542691.1846926,2395,2.1598660945892334
1648542691.2457361,2399,2.160215377807617
1648542691.293853,2402,2.1518309116363525
1648542691.3091414,2403,2.1577367782592773
1648542691.5258162,2417,2.1271636486053467
1648542691.6804335,2427,2.112046957015991
1648542691.7884533,2434,2.096599817276001
1648542691.8824565,2440,2.0923242568969727
1648542691.9450142,2444,2.048605442047119
1648542691.9754863,2446,2.069690704345703
1648542691.99038,2447,2.0672404766082764
1648542692.022506,2449,2.0532336235046387
1648542692.0380754,2450,2.067107915878296
1648542692.1139364,2455,2.0194296836853027
1648542692.1767287,2459,2.0511841773986816
1648542692.1920192,2460,2.0386288166046143
1648542692.2387848,2463,2.0304393768310547
1648542692.3158388,2468,1.9792859554290771
1648542692.42275,2475,1.964853048324585
1648542692.4379807,2476,1.9722729921340942
1648542692.4544468,2477,1.9491050243377686
1648542692.484953,2479,1.962184190750122
1648542692.529012,2482,1.92067289352417
1648542692.7342827,2495,1.9188835620880127
1648542692.749967,2496,1.8911492824554443
1648542692.8478918,2502,1.9036836624145508
1648542693.0279417,2513,1.8065412044525146
1648542693.270056,2528,1.7959295511245728
1648542693.2858686,2529,1.7378156185150146
1648542693.3667264,2534,1.671910047531128
1648542693.3823335,2535,1.6819251775741577
1648542693.4136074,2537,1.705039620399475
1648542693.527277,2544,1.6973150968551636
1648542693.5591526,2546,1.6798173189163208
1648542693.7850418,2560,1.4774025678634644
1648542693.8488061,2564,1.5181739330291748
1648542693.8942113,2567,1.4568580389022827
1648542693.9418533,2570,1.4247437715530396
1648542694.0032954,2574,1.4912078380584717
1648542694.0204518,2575,1.4535473585128784
1648542694.1455932,2583,1.3181854486465454
1648542694.160402,2584,1.354615569114685
1648542694.191197,2586,1.4068576097488403
1648542694.300068,2593,1.2772574424743652
1648542694.3149405,2594,1.4384996891021729
1648542694.3776145,2598,1.3380991220474243
1648542694.4706233,2604,1.255366563796997
1648542694.500466,2606,1.2030978202819824
1648542694.6257565,2614,1.3484067916870117
1648542694.6416757,2615,1.1653779745101929
1648542694.6898596,2618,1.1748918294906616
1648542694.7521145,2622,1.132867693901062
1648542694.9714088,2636,1.1084014177322388
1648542694.9867153,2637,1.1008884906768799
1648542695.0502079,2641,1.124825119972229
1648542695.08368,2643,0.9645329713821411
1648542695.1867068,2649,1.0666546821594238
1648542695.2901256,2655,0.8799212574958801
1648542695.375268,2660,0.9658787250518799
1648542695.425904,2663,1.0219744443893433
1648542695.4425755,2664,1.0071748495101929
1648542695.5623403,2671,0.8970094919204712
1648542695.6151977,2674,0.88479083776474
1648542695.6317587,2675,0.8628348708152771
1648542695.7822487,2684,0.8365562558174133
1648542695.9248378,2693,0.8121928572654724
1648542695.941038,2694,0.7531642317771912
1648542695.9560738,2695,0.8213486075401306
1648542695.971218,2696,0.794334888458252
1648542696.0499995,2701,0.696158766746521
1648542696.0807323,2703,0.7687506675720215
1648542696.1113353,2705,0.8715609312057495
1648542696.3151703,2718,0.8768025636672974
1648542696.4392884,2726,0.7528336644172668
1648542696.5016809,2730,0.65382981300354
1648542696.639812,2739,0.7861300706863403
1648542696.6547391,2740,0.8275395631790161
1648542696.8869867,2755,0.6868864297866821
1648542697.0585344,2766,0.6862146854400635
1648542697.0735872,2767,0.6638901233673096
1648542697.1210747,2770,0.46775925159454346
1648542697.151967,2772,0.5154787302017212
1648542697.1971672,2775,0.6790293455123901
1648542697.2128696,2776,0.656315803527832
1648542697.384382,2787,0.608151376247406
1648542697.399267,2788,0.6502809524536133
1648542697.5855217,2800,0.6469271779060364
1648542697.6005309,2801,0.5687923431396484
1648542697.6952882,2807,0.7011998891830444
1648542697.7108757,2808,0.536761462688446
1648542697.7603207,2811,0.5321169495582581
1648542699.3350275,2819,0.5465410947799683
1648542699.3528342,2820,0.4568355083465576
1648542699.3711193,2821,0.5388593077659607
1648542699.405673,2823,0.5156048536300659
1648542699.4402206,2825,0.5474855899810791
1648542699.6475537,2838,0.4807068407535553
1648542700.0417106,2862,0.49042972922325134
1648542700.0909905,2865,0.4714503884315491
1648542700.3701982,2881,0.46427473425865173
1648542700.4213295,2884,0.4403024911880493
1648542700.4605837,2886,0.40090641379356384
1648542700.480406,2887,0.5041078329086304
1648542700.499338,2888,0.5590646862983704
1648542700.536384,2890,0.526121199131012
1648542700.6243274,2895,0.4576491117477417
1648542700.6440668,2896,0.4501885175704956
1648542700.8702319,2909,0.5005751252174377
1648542700.8870118,2910,0.3529851734638214
1648542700.922743,2912,0.453885018825531
1648542700.9744055,2915,0.443832665681839
1648542701.0102115,2917,0.3616974949836731
1648542701.0457733,2919,0.3473299741744995
1648542701.208632,2928,0.31650009751319885
1648542701.2782753,2932,0.4012126922607422
1648542701.2952611,2933,0.3699844479560852
1648542701.3296487,2935,0.45816969871520996
1648542701.4058745,2940,0.5016638040542603
1648542701.6207936,2954,0.5364007353782654
1648542701.668575,2957,0.3339879512786865
1648542701.701856,2959,0.4047969579696655
1648542701.7178917,2960,0.40324950218200684
1648542701.8130593,2966,0.3962252140045166
1648542701.920966,2973,0.4931870102882385
1648542701.99958,2978,0.35158485174179077
1648542702.0302203,2980,0.41027235984802246
1648542702.1113389,2985,0.3075099289417267
1648542702.1425185,2987,0.46803152561187744
1648542702.2426698,2993,0.3500254154205322
1648542702.3059564,2997,0.4525955319404602
1648542702.3235426,2998,0.4069717526435852
1648542702.3395467,2999,0.3337034285068512
1648542702.6553836,3019,0.4835054576396942
1648542702.746939,3025,0.35873091220855713
1648542702.9159465,3035,0.42983734607696533
1648542702.9607797,3038,0.46558254957199097
1648542703.036704,3043,0.3158869445323944
1648542703.112901,3048,0.24378864467144012
1648542703.1278992,3049,0.2834315001964569
1648542703.157781,3051,0.3874397873878479
1648542703.2785325,3059,0.32546266913414
1648542703.2937438,3060,0.32546132802963257
1648542703.369825,3065,0.1947851926088333
1648542703.4922473,3073,0.38809913396835327
1648542703.5068672,3074,0.28739073872566223
1648542703.52489,3075,0.2849735915660858
1648542703.6001873,3080,0.505608081817627
1648542703.6160803,3081,0.4062909483909607
1648542703.6636527,3084,0.3115028440952301
1648542703.6788182,3085,0.3794887363910675
1648542703.6940491,3086,0.48306789994239807
1648542703.7246702,3088,0.269815057516098
1648542703.7413495,3089,0.3707324266433716
1648542703.8656063,3097,0.3996540307998657
1648542703.8807073,3098,0.3390201926231384
1648542703.8955936,3099,0.2648279070854187
1648542703.9106994,3100,0.338314950466156
1648542703.9582384,3103,0.2889421880245209
1648542704.0034363,3106,0.41771191358566284
1648542704.0483987,3109,0.2760748267173767
1648542704.32985,3127,0.2835497260093689
1648542704.4089417,3132,0.3119881749153137
1648542704.423625,3133,0.4898427426815033
1648542704.5017183,3138,0.3201795220375061
1648542704.5310082,3140,0.39775705337524414
1648542704.64025,3147,0.2754422426223755
1648542704.7779398,3156,0.25542113184928894
1648542704.7934337,3157,0.2565108835697174
1648542704.8244157,3159,0.29594671726226807
1648542704.8854637,3163,0.24977025389671326
1648542704.9148445,3165,0.22747616469860077
1648542705.0580027,3174,0.2190220206975937
1648542705.1017528,3177,0.27531734108924866
1648542705.1799877,3182,0.39874911308288574
1648542705.2738676,3188,0.27776235342025757
1648542705.3035192,3190,0.4241028130054474
1648542705.3496542,3193,0.309565007686615
1648542705.3822312,3195,0.2588576674461365
1648542705.3976123,3196,0.18528038263320923
1648542705.4124188,3197,0.31804510951042175
1648542705.4277961,3198,0.3298162817955017
1648542705.6143634,3210,0.4415947198867798
1648542705.7092564,3216,0.2969066798686981
1648542705.785694,3221,0.35817867517471313
1648542705.8487742,3225,0.2347680628299713
1648542705.942655,3231,0.2722504436969757
1648542706.003795,3235,0.3008677363395691
1648542706.09914,3241,0.2794480621814728
1648542706.1616216,3245,0.24999114871025085
1648542706.176678,3246,0.26025378704071045
1648542706.1914606,3247,0.1897977590560913
1648542706.2219872,3249,0.16757707297801971
1648542706.2538817,3251,0.2117764800786972
1648542706.3289914,3256,0.3078647553920746
1648542706.391969,3260,0.2639942467212677
1648542706.5168374,3268,0.16995906829833984
1648542706.5945158,3273,0.2402288317680359
1648542706.6247158,3275,0.1920182704925537
1648542708.2533386,3289,0.46759146451950073
1648542708.300192,3292,0.1361183077096939
1648542708.3157887,3293,0.2447497844696045
1648542708.3781464,3297,0.19451072812080383
1648542708.4599094,3302,0.2517828345298767
1648542708.495483,3304,0.17876099050045013
1648542708.6315227,3312,0.269185334444046
1648542708.6811764,3315,0.2563341557979584
1648542708.9317036,3331,0.2629503905773163
1648542709.0493855,3338,0.22947654128074646
1648542709.0669844,3339,0.1423441618680954
1648542709.0864742,3340,0.16425544023513794
1648542709.123358,3342,0.16458408534526825
1648542709.1383266,3343,0.27688154578208923
1648542709.266004,3351,0.16797155141830444
1648542709.2969851,3353,0.35561755299568176
1648542709.326641,3355,0.21973128616809845
1648542709.435932,3362,0.3026795983314514
1648542709.5899458,3372,0.21697071194648743
1648542709.716453,3380,0.23531566560268402
1648542709.7315042,3381,0.1080191433429718
1648542709.7920735,3385,0.25359803438186646
1648542709.8387792,3388,0.2790665924549103
1648542709.8691509,3390,0.24726563692092896
1648542710.007039,3399,0.2593762278556824
1648542710.0553675,3402,0.1812293827533722
1648542710.116254,3406,0.2418290078639984
1648542710.179459,3410,0.14966577291488647
1648542710.3203495,3419,0.16733451187610626
1648542710.414446,3425,0.13013358414173126
1648542710.5088825,3431,0.21875494718551636
1648542710.538975,3433,0.13370206952095032
1648542710.5542085,3434,0.20656290650367737
1648542710.6167676,3438,0.2079150378704071
1648542710.662334,3441,0.1735168695449829
1648542710.6953862,3443,0.18219627439975739
1648542710.7261355,3445,0.19655069708824158
1648542710.7721572,3448,0.13270637392997742
1648542710.8363671,3452,0.15843242406845093
1648542710.8670704,3454,0.16709482669830322
1648542710.882407,3455,0.19427484273910522
1648542710.8978307,3456,0.2159058302640915
1648542710.9302602,3458,0.2463211864233017
1648542710.9921806,3462,0.11494065076112747
1648542711.1141582,3470,0.10780102759599686
1648542711.1773453,3474,0.13297943770885468
1648542711.5026379,3495,0.14485837519168854
1648542711.5182207,3496,0.3120446503162384
1648542711.5952978,3501,0.23591892421245575
1648542711.6254773,3503,0.23070262372493744
1648542711.7036624,3508,0.17217683792114258
1648542711.7969744,3514,0.07505642622709274
1648542711.8578124,3518,0.15959399938583374
1648542711.8732853,3519,0.1760859489440918
1648542712.0355701,3527,0.2135157287120819
1648542712.1478436,3534,0.14510416984558105
1648542712.2709382,3541,0.11039086431264877
1648542712.4139946,3550,0.260956346988678
1648542712.491448,3555,0.16989243030548096
1648542712.522605,3557,0.12972812354564667
1648542712.5541039,3559,0.14610429108142853
1648542712.6250973,3563,0.125614732503891
1648542712.6747553,3566,0.14139226078987122
1648542712.8656743,3578,0.1691802442073822
1648542712.9921389,3586,0.14705760776996613
1648542713.0714135,3591,0.09442193061113358
1648542713.116113,3594,0.04726968705654144
1648542713.1787689,3598,0.1585129201412201
1648542713.2730784,3604,0.11813949793577194
1648542713.2887652,3605,0.06650371849536896
1648542713.3214858,3607,0.17864052951335907
1648542713.4446106,3615,0.1041845977306366
1648542713.4934754,3618,0.11086161434650421
1648542713.554103,3622,0.22962136566638947
1648542713.5692453,3623,0.24181205034255981
1648542713.5847058,3624,0.1394335776567459
1648542713.617996,3626,0.140366330742836
1648542713.7121222,3632,0.10318539291620255
1648542713.8011003,3638,0.09767607599496841
1648542713.941789,3647,0.09694080799818039
1648542714.0489235,3654,0.1045767068862915
1648542714.1416285,3660,0.07685349881649017
1648542714.2166605,3665,0.11753576248884201
1648542714.2948308,3670,0.10210591554641724
1648542714.311894,3671,0.11542822420597076
1648542714.388925,3676,0.16391874849796295
1648542714.4188392,3678,0.1336519420146942
1648542714.4494078,3680,0.10695648938417435
1648542714.4661844,3681,0.11903786659240723
1648542714.5567002,3687,0.1296055167913437
1648542714.5917516,3689,0.1366763859987259
1648542714.69236,3695,0.08284720778465271
1648542714.7222316,3697,0.14926110208034515
1648542714.737274,3698,0.1668567955493927
1648542714.782128,3701,0.1350328028202057
1648542714.8147068,3703,0.11028333008289337
1648542714.8601627,3706,0.08640817552804947
1648542714.8768194,3707,0.0586630180478096
1648542714.8943434,3708,0.09949496388435364
1648542714.9133627,3709,0.19244031608104706
1648542714.99764,3714,0.07129214704036713
1648542715.0142713,3715,0.12896893918514252
1648542715.0839028,3719,0.11293431371450424
1648542715.2045093,3726,0.1197114810347557
1648542715.2911792,3731,0.08166211098432541
1648542715.4624982,3741,0.1085832342505455
1648542715.5144653,3744,0.06891445070505142
1648542715.53094,3745,0.07038241624832153
1648542715.5653157,3747,0.15193039178848267
1648542717.0356383,3753,0.15841083228588104
1648542717.1154087,3758,0.12691129744052887
1648542717.47672,3781,0.17918719351291656
1648542717.5581422,3786,0.0695430338382721
1648542717.6501434,3792,0.03835414722561836
1648542717.8089926,3802,0.09363484382629395
1648542717.8703287,3806,0.10225707292556763
1648542717.9975724,3814,0.11161449551582336
1648542718.075035,3819,0.11830860376358032
1648542718.1082819,3821,0.27525952458381653
1648542718.1229734,3822,0.10655245929956436
1648542718.1688612,3825,0.07426003366708755
1648542718.232154,3829,0.1293247491121292
1648542718.2472017,3830,0.12340187281370163
1648542718.4019172,3840,0.18199218809604645
1648542718.4345016,3842,0.1463620364665985
1648542718.4499562,3843,0.040676653385162354
1648542718.5291948,3848,0.0666818916797638
1648542718.5460284,3849,0.16650527715682983
1648542718.592173,3852,0.022163569927215576
1648542718.7017703,3859,0.14201556146144867
1648542718.9520512,3875,0.15213285386562347
1648542719.077959,3883,0.07021628320217133
1648542719.156759,3888,0.12155777215957642
1648542719.1723073,3889,0.12184261530637741
1648542719.1873858,3890,0.034763991832733154
1648542719.2350607,3893,0.08197186142206192
1648542719.2504606,3894,0.09058535099029541
1648542719.3461306,3900,0.1110978052020073
1648542719.5021884,3910,0.09126091003417969
1648542719.7837195,3928,0.12964792549610138
1648542719.954544,3939,0.12368378043174744
1648542719.9865196,3941,0.09873375296592712
1648542720.0803754,3947,0.07867953926324844
1648542720.2201746,3956,0.11406347155570984
1648542720.2507334,3958,0.16232411563396454
1648542720.3092244,3961,0.07165343314409256
1648542720.3278053,3962,0.2387443482875824
1648542720.3449113,3963,0.09301157295703888
1648542720.3597977,3964,0.06955160945653915
1648542720.3750134,3965,0.10270386934280396
1648542720.4965577,3973,0.10795275121927261
1648542720.5115287,3974,0.10673394054174423
1648542720.5608213,3977,0.06248624622821808
1648542720.591648,3979,0.05192701891064644
1648542720.7649803,3990,0.09566400945186615
1648542720.825901,3994,0.060833800584077835
1648542720.859878,3996,0.1462455838918686
1648542721.0479944,4007,0.06488315016031265
1648542721.0650108,4008,0.04072796553373337
1648542721.0821626,4009,0.09861370921134949
1648542721.1183388,4011,0.13233773410320282
1648542721.2559478,4019,0.19014491140842438
1648542721.5336444,4035,0.14704106748104095
1648542721.621766,4040,0.24480675160884857
1648542721.7079406,4045,0.10869336873292923
1648542721.7723172,4049,0.10830938071012497
1648542721.8684058,4055,0.06798018515110016
1648542721.9668498,4061,0.08927363902330399
1648542721.9825985,4062,0.18754181265830994
1648542722.0163982,4064,0.1271335333585739
1648542722.0484543,4066,0.1574021726846695
1648542722.0828395,4068,0.06234768033027649
1648542722.1458545,4072,0.08473138511180878
1648542722.2139795,4076,0.028523391112685204
1648542722.3889525,4087,0.08474534004926682
1648542722.421623,4089,0.09969178587198257
1648542722.4976046,4094,0.14191150665283203
1648542722.512922,4095,0.1382686346769333
1648542722.546986,4097,0.15815578401088715
1648542722.5632992,4098,0.1643763929605484
1648542722.5821826,4099,0.06104676425457001
1648542722.6162808,4101,0.06594083458185196
1648542722.723862,4107,0.04542357847094536
1648542722.791402,4111,0.20604482293128967
1648542722.8214653,4113,0.1282806545495987
1648542722.836907,4114,0.06641998887062073
1648542722.945615,4121,0.18158189952373505
1648542722.9606018,4122,0.10880471020936966
1648542722.9760616,4123,0.12762665748596191
1648542723.0388782,4127,0.137873113155365
1648542723.1160429,4132,0.14981737732887268
1648542723.13086,4133,0.18372462689876556
1648542723.1608944,4135,0.06903304159641266
1648542723.2085464,4138,0.04757663235068321
1648542723.3992994,4149,0.26006707549095154
1648542723.468236,4153,0.12180095911026001
1648542723.59518,4161,0.10815652459859848
1648542723.625876,4163,0.15074416995048523
1648542723.6906621,4167,0.15255290269851685
1648542723.7090049,4168,0.13972783088684082
1648542723.8642857,4178,0.07378476113080978
1648542724.0827222,4192,0.20959249138832092
1648542724.09862,4193,0.1582399308681488
1648542724.1153872,4194,0.061108093708753586
1648542724.1771677,4198,0.08166380971670151
1648542724.2411964,4202,0.10691343247890472
1648542724.2721517,4204,0.09311585873365402
1648542724.38099,4211,0.2278803288936615
1648542724.5277066,4220,0.032287489622831345
1648542725.9825113,4222,0.11148442327976227
1648542726.0001714,4223,0.04020429402589798
1648542726.0173273,4224,0.15998907387256622
1648542726.1433496,4231,0.07263058423995972
1648542726.1598566,4232,0.04005898907780647
1648542726.1955154,4234,0.17343352735042572
1648542726.2631793,4238,0.18927207589149475
1648542726.4842558,4250,0.06913227587938309
1648542726.5679214,4255,0.08900153636932373
1648542726.8339653,4272,0.12600578367710114
1648542726.939884,4278,0.10543373227119446
1648542726.997834,4281,0.04978956654667854
1648542727.2219088,4294,0.0462176576256752
1648542727.4296584,4306,0.2732742726802826
1648542727.4995942,4310,0.09532476961612701
1648542727.533563,4312,0.14594966173171997
1648542727.6423495,4319,0.13338863849639893
1648542727.690582,4322,0.2757178544998169
1648542727.8458009,4332,0.20032735168933868
1648542727.876789,4334,0.12206632643938065
1648542727.9089224,4336,0.1053558811545372
1648542728.0670602,4346,0.2145431488752365
1648542728.1586256,4352,0.12848418951034546
1648542728.173686,4353,0.26746541261672974
1648542728.2963154,4361,0.06131001189351082
1648542728.3432696,4364,0.12424293160438538
1648542728.3581276,4365,0.06875114142894745
1648542728.3732183,4366,0.14341430366039276
1648542728.5737672,4379,0.13101094961166382
1648542728.635264,4383,0.178752601146698
1648542728.65026,4384,0.0954805538058281
1648542728.789811,4393,0.08622636646032333
1648542728.8822415,4399,0.1317109912633896
1648542728.8984625,4400,0.13133114576339722
1648542729.0396326,4409,0.1290656328201294
1648542729.1692343,4417,0.3267718255519867
1648542729.2010937,4419,0.07703305035829544
1648542729.2642992,4423,0.0699535682797432
1648542729.279985,4424,0.11795800179243088
1648542729.3423092,4428,0.1330483853816986
1648542729.3737376,4430,0.2392408847808838
1648542729.3889892,4431,0.05477657914161682
1648542729.4044619,4432,0.16403786838054657
1648542729.5620713,4442,0.13821116089820862
1648542729.6381652,4447,0.2173396199941635
1648542729.7011232,4451,0.038375139236450195
1648542729.7311277,4453,0.36521801352500916
1648542729.7935505,4457,0.12068074196577072
1648542729.8378026,4460,0.19220350682735443
1648542729.854156,4461,0.16640034317970276
1648542729.9316902,4466,0.14394330978393555
1648542730.0892081,4476,0.17742623388767242
1648542730.1194205,4478,0.21162036061286926
1648542730.3226008,4491,0.23044833540916443
1648542730.5067458,4503,0.3409440517425537
1648542730.5700638,4507,0.19393464922904968
1648542730.616557,4510,0.25933951139450073
1648542730.6344476,4511,0.2907209098339081
1648542730.8526306,4525,0.2149941623210907
1648542730.8680816,4526,0.31330564618110657
1648542730.8983665,4528,0.28729528188705444
1648542730.9612582,4532,0.17677180469036102
1648542731.2729344,4552,0.2024768590927124
1648542731.350674,4557,0.3395768702030182
1648542731.414846,4561,0.2693205773830414
1648542731.5219066,4568,0.2231837660074234
1648542731.6461668,4576,0.38477402925491333
1648542731.6933534,4579,0.22593586146831512
1648542731.772014,4584,0.15414230525493622
1648542731.8657832,4590,0.19618959724903107
1648542731.9888792,4598,0.589172899723053
1648542732.0037625,4599,0.6906853318214417
1648542732.0365934,4601,0.399444580078125
1648542732.099664,4605,0.6628247499465942
1648542732.193273,4611,0.2934298515319824
1648542732.3329077,4620,0.21725285053253174
1648542732.3479006,4621,0.5706087946891785
1648542732.4260497,4626,0.6428391933441162
1648542732.441362,4627,0.4696233570575714
1648542732.4720976,4629,0.5737550854682922
1648542732.5505888,4634,0.8513380885124207
1648542732.690462,4643,0.545993983745575
1648542732.754448,4647,0.6282393336296082
1648542732.769769,4648,0.5391595959663391
1648542732.8807726,4655,0.8817147612571716
1648542732.9296787,4658,0.5450384616851807
1648542732.976269,4661,0.5388809442520142
1648542732.9915125,4662,0.7789468765258789
1648542733.0429082,4665,0.7275891304016113
1648542733.0571172,4666,0.4405977129936218
1648542733.0727963,4667,0.2913910448551178
1648542733.182514,4674,1.0483689308166504
1648542733.2633321,4679,0.8852345943450928
1648542733.2780623,4680,0.7245947122573853
1648542733.3728456,4686,0.6318157315254211
1648542733.41629,4689,1.198877215385437
