,Wall time,Step,Value
0,1648769589.120403,19,1.9045703013737996
1,1648769589.1530988,21,0.7362528244654337
2,1648769590.0066223,73,0.37392441431681317
3,1648769590.0701818,77,0.3624786635239919
4,1648769590.5085094,104,0.23251945277055105
5,1648769590.9566512,132,0.16905316710472104
6,1648769590.990341,134,0.21441075454155603
7,1648769591.213689,148,0.18681539098421732
8,1648769591.5842247,171,0.19387867550055185
9,1648769591.8285666,186,0.16213038563728324
10,1648769592.178342,207,0.18246568242708838
11,1648769592.2944264,214,0.10180649906396862
12,1648769592.4039671,221,0.17822091778119406
13,1648769593.145741,269,0.09310505663355184
14,1648769593.394843,285,0.0760284028947353
15,1648769593.5346084,294,0.18174259861310324
16,1648769593.703897,305,0.15767914553483323
17,1648769593.877583,316,0.1180182422200838
18,1648769594.018522,325,0.09745409463842707
19,1648769594.049611,327,0.07553621629873906
20,1648769594.4242857,351,0.15719234695037204
21,1648769594.840089,378,0.13256252557039258
22,1648769594.900229,382,0.15706496437390646
23,1648769594.951995,385,0.0911890193819999
24,1648769595.0022476,388,0.15546064078807828
25,1648769595.1224284,395,0.10193109139800066
26,1648769595.1907322,399,0.06899437556664144
27,1648769595.2742567,404,0.13287204504013056
28,1648769595.291299,405,0.094681700070699
29,1648769596.1969292,463,0.09246844301621115
30,1648769596.2565815,467,0.06937162205576893
31,1648769599.052595,543,0.11574039980769153
32,1648769599.3478785,560,0.09436457852522527
33,1648769599.4355123,565,0.0462492629885673
34,1648769599.5923576,575,0.15605878457427022
35,1648769599.803734,588,0.035711365441481235
36,1648769601.4624135,696,0.08183586349089936
37,1648769601.6005447,705,0.0887790595491727
38,1648769601.630575,707,0.10379137347141898
39,1648769601.7379084,714,0.0416850429028272
40,1648769601.7529037,715,0.05735313395659123
41,1648769602.0634987,735,0.0773130043720205
42,1648769602.1852138,743,0.08217744405070937
43,1648769602.261789,748,0.08824738735953959
44,1648769602.3235338,752,0.052159022539853994
45,1648769602.4011295,757,0.09536280483007425
46,1648769602.4320688,759,0.12759536008040107
47,1648769602.5082142,764,0.0750672320524851
48,1648769602.6336026,772,0.07291347409288079
49,1648769602.9101422,790,0.0623685630659262
50,1648769603.573518,833,0.12176477164030065
51,1648769603.605825,835,0.0774022613962491
52,1648769604.0220177,862,0.08634122461080551
53,1648769604.1613731,871,0.05899402716507507
54,1648769604.2077794,874,0.061137642711400965
55,1648769604.2231884,875,0.04909211397171017
56,1648769605.0919774,929,0.06881585717201226
57,1648769605.1699123,934,0.07167862604061757
58,1648769605.1881058,935,0.08157779338459173
59,1648769606.9286416,953,0.09424875304102893
60,1648769607.096977,964,0.0371835306286811
61,1648769607.5002391,990,0.0552659059564272
62,1648769607.5951176,996,0.0660148921112219
63,1648769608.3035226,1038,0.11965838447213169
64,1648769608.3376925,1040,0.044547169158856
65,1648769608.4157202,1045,0.062087059952318634
66,1648769608.553935,1054,0.061748178054889
67,1648769608.78049,1068,0.039980630390346
68,1648769608.9268618,1076,0.06644738838076587
69,1648769608.9794018,1079,0.04756323123971617
70,1648769609.4356265,1106,0.06960472092032431
71,1648769609.6063411,1116,0.0754816839471459
72,1648769609.9313383,1136,0.04719137524565057
73,1648769609.9462898,1137,0.047419200340906735
74,1648769609.9614792,1138,0.028664755324522603
75,1648769609.9763577,1139,0.07253139403959113
76,1648769610.0843232,1146,0.0435349456965923
77,1648769610.3447237,1163,0.057497544835011134
78,1648769610.4680138,1171,0.07917138809959089
79,1648769611.1030843,1210,0.05601696980496243
80,1648769611.2161815,1217,0.05347566834340489
81,1648769611.3707097,1226,0.043882576127846996
82,1648769611.4712615,1232,0.044840000569820404
83,1648769611.486678,1233,0.03235072394212083
84,1648769611.671134,1245,0.08430616060892733
85,1648769611.7801647,1252,0.024544441762069834
86,1648769611.810327,1254,0.07242952163020766
87,1648769612.1529531,1276,0.07449510569373761
88,1648769612.3553736,1289,0.023267196801801466
89,1648769612.7845523,1315,0.0514628607779741
90,1648769612.8007133,1316,0.05893686537941293
91,1648769613.4088905,1353,0.0607662573456764
92,1648769614.0402968,1391,0.08219907929499941
93,1648769614.1539123,1398,0.05961617206533743
94,1648769616.204984,1435,0.03314313789208726
95,1648769616.4089255,1448,0.012219740698734867
96,1648769616.455075,1451,0.03216341199974213
97,1648769616.6718066,1464,0.08869075899322824
98,1648769616.8754473,1476,0.04635439316431677
99,1648769617.1248562,1491,0.032937390419344036
100,1648769617.686469,1525,0.051261480897665
101,1648769617.701915,1526,0.04357351828366513
102,1648769617.98262,1543,0.009529714938253133
103,1648769618.941604,1603,0.04778825615843133
104,1648769619.0670292,1611,0.03284837522854404
105,1648769619.2270007,1621,0.027848600409924967
106,1648769619.273243,1624,0.035585300376017835
107,1648769619.3831022,1631,0.0653899597624937
108,1648769619.9790373,1669,0.020309376219908366
109,1648769620.6979485,1714,0.0527579467743635
110,1648769620.8537302,1723,0.04229020824035004
111,1648769621.279026,1748,0.05967205514510467
112,1648769621.3122616,1750,0.04232187258700527
113,1648769621.3898575,1755,0.022000321497519765
114,1648769621.5934908,1768,0.03683580954869583
115,1648769621.610567,1769,0.0511171681185563
116,1648769621.9826608,1791,0.03803131977717077
117,1648769621.998427,1792,0.04749091551639136
118,1648769622.0154,1793,0.017834032885730235
119,1648769622.5553217,1825,0.027225179597735367
120,1648769622.9459534,1849,0.030723535766204166
121,1648769623.0583282,1856,0.040263642246524435
122,1648769625.0612495,1891,0.02471020693580303
123,1648769625.144355,1896,0.024384221217284563
124,1648769625.4120862,1913,0.030775420367717698
125,1648769625.6445274,1928,0.027905623118082635
126,1648769625.7667208,1936,0.029628783464431697
127,1648769626.0651767,1954,0.019503501864771
128,1648769626.519923,1982,0.015844011058409966
129,1648769626.669725,1991,0.007350165979005334
130,1648769627.4650805,2041,0.045268585905432625
131,1648769627.497076,2043,0.017084350809454866
132,1648769627.8529506,2064,0.018593125976622032
133,1648769628.4980826,2105,0.0042085093446075665
134,1648769628.562426,2109,0.021233581705018798
135,1648769628.8477397,2127,0.05016319872811433
136,1648769628.9102218,2131,0.044204228868087066
137,1648769629.101874,2143,0.0491043104169269
138,1648769629.203232,2149,0.016306910896673767
139,1648769629.2851882,2154,0.011731891116748201
140,1648769629.7352886,2183,0.028591701760888034
141,1648769629.9491658,2197,0.05082759012778596
142,1648769629.993417,2200,0.05509490923335153
143,1648769630.9956849,2264,0.029974490093688133
144,1648769631.010893,2265,0.024027189239859567
145,1648769631.337897,2286,0.04147936869412653
146,1648769631.4314916,2292,0.029552743459741234
147,1648769631.4621687,2294,0.053666012361645636
148,1648769631.7573264,2313,0.022013457026332565
149,1648769631.943919,2325,0.039477396756410536
150,1648769632.0985265,2335,0.013755226818223767
151,1648769632.1303432,2337,0.013197785243391933
152,1648769632.2106674,2342,0.025510201230645135
153,1648769633.8045397,2348,0.020454561066192832
154,1648769634.2014408,2372,0.0399804847935835
155,1648769634.3099742,2379,0.023300658212974598
156,1648769634.6944633,2404,0.015510083797077301
157,1648769634.8644035,2415,0.05015714094042773
158,1648769635.2092495,2437,0.009895281633362132
159,1648769635.23899,2439,0.0422121016308665
160,1648769635.4080696,2450,0.007812407799065067
161,1648769635.5608492,2460,0.021133792897065403
162,1648769635.6683817,2467,0.026757043475906
163,1648769635.7756104,2474,0.0386670896162589
164,1648769636.2153475,2501,0.0416851217548052
165,1648769636.358342,2510,0.0147415014604727
166,1648769636.421168,2514,0.009628234586367966
167,1648769636.7351232,2534,0.015581146193047334
168,1648769636.750213,2535,0.01615485362708567
169,1648769636.8828845,2543,0.011129837133921633
170,1648769636.935638,2546,0.018812938593327968
171,1648769637.0550249,2553,0.016606111079454366
172,1648769637.2430828,2565,0.017595482757315
173,1648769637.3074062,2569,0.006325458331654433
174,1648769637.6495051,2591,0.02537481517841413
175,1648769637.7284083,2596,0.024780435642848365
176,1648769637.7740664,2599,0.03916460027297333
177,1648769638.1413026,2621,0.021175624337047297
178,1648769638.342384,2634,0.018369792960584132
179,1648769638.5132828,2645,0.020078160179158033
180,1648769638.574489,2649,0.03337450729062157
181,1648769638.8107216,2663,0.0439041424542665
182,1648769639.0560148,2677,0.015613691338027466
183,1648769639.1075373,2680,0.03313302372892694
184,1648769639.2809763,2690,0.016724264714866835
185,1648769639.35039,2694,0.047455783622960206
186,1648769639.561159,2706,0.021780626537899098
187,1648769639.5948565,2708,0.0300870882347226
188,1648769640.2412577,2745,0.01894829049706453
189,1648769640.390582,2754,0.013877044431865167
190,1648769640.405676,2755,0.03196832754959656
191,1648769640.9004023,2784,0.023354595061391568
192,1648769641.162205,2799,0.027217689435929032
193,1648769642.950054,2817,0.010033078957349
194,1648769643.1684625,2831,0.019407665512214067
195,1648769643.3558657,2843,0.011606494896113833
196,1648769643.6149793,2859,0.0178842418827116
197,1648769643.6653478,2862,0.026828131328026403
198,1648769643.9681852,2881,0.01999390521086747
199,1648769643.9831412,2882,0.017205432833482765
200,1648769644.5005553,2913,0.020964299639066
201,1648769644.6992033,2925,0.011564426124095866
202,1648769644.7660987,2929,0.017044901382178033
203,1648769645.1498797,2953,0.020617159393926398
204,1648769645.4295554,2971,0.0413196937491496
205,1648769645.4604409,2973,0.028233814363678267
206,1648769645.6682532,2986,0.024238269155224132
207,1648769646.9750996,3068,0.02291148590544853
208,1648769647.0520542,3073,0.03624695384254053
209,1648769647.1589706,3080,0.032929538438717466
210,1648769647.423571,3097,0.021560746400306568
211,1648769647.543176,3104,0.032467936786512504
212,1648769647.5932617,3107,0.011180387829275135
213,1648769647.6608562,3111,0.025681639012570135
214,1648769647.7971632,3119,0.024425870118041797
215,1648769648.2915263,3150,0.018682767714684165
216,1648769648.9048314,3186,0.0168515707676609
217,1648769649.1924362,3204,0.0308837344249089
218,1648769649.8223293,3243,0.0070342113419125
219,1648769652.4348483,3311,0.022743896270791635
220,1648769652.4498837,3312,0.0138475873197118
221,1648769652.5301468,3317,0.013197835845251834
222,1648769653.2486374,3360,0.022305243027706898
223,1648769653.5071096,3376,0.006214275490492534
224,1648769653.8036036,3395,0.003941740840673367
225,1648769654.1645167,3418,0.017848988374074268
226,1648769654.275561,3425,0.005272302854185266
227,1648769654.7381089,3453,0.005443018356648534
228,1648769655.2706356,3486,0.019311754653851133
229,1648769655.7364106,3516,0.012950202062105067
230,1648769655.9218814,3528,0.03204145065198336
231,1648769655.9526553,3530,0.011354586109518968
232,1648769656.255509,3549,0.020665994534889834
233,1648769656.447064,3561,0.013681499753147334
234,1648769656.695739,3576,0.005678960781854834
235,1648769657.170394,3605,0.017270347006463734
236,1648769657.2489429,3609,0.007274925747575799
237,1648769657.9808848,3652,0.023838789900764767
238,1648769658.0365567,3655,0.03419162969415383
239,1648769658.2695732,3668,0.018470609094947504
240,1648769658.30556,3670,0.009616943231473333
241,1648769658.4131515,3676,0.017466021158422
242,1648769658.482595,3680,0.013215732838337602
243,1648769658.5370347,3683,0.010579059482552033
244,1648769661.4088714,3764,0.005215255698809967
245,1648769661.6293418,3778,0.008448578882962434
246,1648769661.7733684,3787,0.0052931715423861665
247,1648769662.0245953,3803,0.008971629509081367
248,1648769662.0914636,3807,0.022175903199240534
249,1648769662.2782235,3819,0.0059374666307121
250,1648769662.2936866,3820,0.0069803170626982665
251,1648769662.6204498,3841,0.014295492942134466
252,1648769662.824429,3854,0.018470117046187267
253,1648769662.8398604,3855,0.011702606299271135
254,1648769663.2642968,3882,0.020850909408181868
255,1648769663.374644,3889,0.016503471881151168
256,1648769663.4686954,3895,0.012636421364732031
257,1648769663.4999473,3897,0.010820611069599735
258,1648769663.6408198,3906,0.003411889115037933
259,1648769663.9555376,3926,0.0029004908477265998
260,1648769664.2608886,3945,0.0081827994436025
261,1648769664.3118234,3948,0.0068726812799771
262,1648769664.434747,3955,0.014477381948381602
263,1648769664.5537992,3962,0.007268080798288133
264,1648769664.685596,3970,0.023786822023491038
265,1648769665.113063,3995,0.006921652549256832
266,1648769665.215933,4001,0.02506103529594833
267,1648769665.471444,4017,0.0092052021839966
268,1648769665.6252134,4027,0.004910971542509833
269,1648769665.739647,4034,0.006746379037698066
270,1648769666.0787218,4053,0.015464508828396534
271,1648769666.330339,4067,0.006101266170541401
272,1648769666.5485506,4081,0.006912540838432734
273,1648769666.8030365,4096,0.011625706683844265
274,1648769667.0808084,4113,0.00532893743366
275,1648769667.2630684,4124,0.007168582640588232
276,1648769667.2975588,4126,0.007549858962496066
277,1648769667.6634772,4147,0.012626905149469701
278,1648769667.9225297,4161,0.0060889167555918
279,1648769668.3100932,4184,0.0059732340741902
280,1648769668.380699,4188,0.0018272954039275334
281,1648769668.905876,4220,0.012631895796706233
282,1648769670.487897,4223,0.0060628971162562
283,1648769670.5849924,4229,0.02436816979510087
284,1648769670.6335337,4232,0.011908488382080834
285,1648769670.9372916,4251,0.006777024051795367
286,1648769670.9535394,4252,0.0192938960002114
287,1648769671.0649412,4259,0.0039036922341134667
288,1648769671.114343,4262,0.005378445571598833
289,1648769671.17521,4266,0.008203127343828434
290,1648769671.4476297,4283,0.027846485686798834
291,1648769671.9018643,4310,0.011958316511784932
292,1648769671.9688828,4314,0.0074734368051091
293,1648769672.0156012,4317,0.002038753998931433
294,1648769672.2743008,4333,0.0090937096004684
295,1648769672.325178,4336,0.00680452104037
296,1648769672.3439152,4337,0.0187909801801045
297,1648769672.544529,4349,0.005746580117071634
298,1648769673.5745666,4413,0.0025340733894457
299,1648769673.6665416,4419,0.015055658218140333
300,1648769674.1755726,4450,0.015309245480845335
301,1648769675.059933,4506,0.012368953786790335
302,1648769675.3467193,4524,0.006761951469040133
303,1648769675.4493594,4530,0.018310208184023635
304,1648769675.6988375,4545,0.04820276626075303
305,1648769675.823249,4553,0.018277816338619766
306,1648769677.00522,4627,0.004886616991522334
307,1648769677.0361688,4629,0.005441419004152133
308,1648769677.1291623,4635,0.009580607448394066
309,1648769677.5393474,4661,0.010199539906655666
310,1648769677.6326358,4667,0.018665147945284802
311,1648769677.6658914,4669,0.006463771841178301
312,1648769677.6812458,4670,0.015808918823798434
313,1648769677.743747,4674,0.012772354918221568
314,1648769679.603736,4699,0.0038338503800331995
315,1648769679.7916884,4710,0.009354946203529767
316,1648769680.1557655,4732,0.0034335368545725664
317,1648769680.4000676,4747,0.008288150633840467
318,1648769680.6184664,4761,0.007281517299512967
319,1648769680.7605057,4770,0.0009649714144567334
320,1648769681.3381972,4807,0.015064762129137864
321,1648769681.432815,4813,0.008969131624326067
322,1648769681.5421412,4820,0.008321181172504967
323,1648769681.7101934,4831,0.02292204384381567
324,1648769681.8313134,4838,0.014368219116780235
325,1648769681.984488,4847,0.0049997580936178
326,1648769682.2648292,4865,0.005108090350404334
327,1648769683.158937,4917,0.0081722101507087
328,1648769683.2812696,4924,0.004165061128636166
329,1648769683.3007193,4925,0.006047899524370767
330,1648769683.4027238,4931,0.002912990845895033
331,1648769683.8501332,4960,0.004117038197970567
332,1648769684.0363972,4972,0.0055334746042111005
333,1648769684.1306722,4978,0.018653908278793065
334,1648769684.4286592,4997,0.0068063859750206
335,1648769684.5866902,5007,0.016493285307660668
336,1648769684.6354847,5010,0.003909938270226066
337,1648769684.8084042,5021,0.0232793485435346
338,1648769684.9655504,5031,0.011297594270824133
339,1648769684.9956305,5033,0.039603252584735495
340,1648769685.4160922,5060,0.0112793491183159
341,1648769685.4624536,5063,0.007387908951689766
342,1648769685.5699103,5070,0.0054014590956891
343,1648769685.7112825,5079,0.006190855482903566
344,1648769685.7417564,5081,0.012834906267623068
345,1648769685.7724545,5083,0.009935600896521134
346,1648769686.06861,5102,0.0039454885797264
347,1648769686.6393008,5139,0.001175819178267
348,1648769686.731743,5145,0.004735313860389067
349,1648769686.8680851,5154,0.0017438409267924334
350,1648769688.5433402,5164,0.0028480858697244997
351,1648769688.6543846,5171,0.0059449804393807
352,1648769688.67295,5172,0.0147954045484463
353,1648769689.133683,5200,0.0102098326509197
354,1648769690.4605317,5283,0.022903213005823365
355,1648769690.6922731,5298,0.0035840258157501
356,1648769690.8446608,5308,0.0104084278379256
357,1648769690.9062064,5312,0.012194883388777533
358,1648769691.0765843,5323,0.0032759049984936333
359,1648769691.2146468,5332,0.005472543552362634
360,1648769691.2927814,5337,0.014253470619829933
361,1648769691.3401763,5340,0.003752797318156767
362,1648769691.3703978,5342,0.009596332907676667
363,1648769691.9890554,5382,0.0012528514392518336
364,1648769692.473438,5413,0.0043640924850478335
365,1648769692.6142356,5422,0.0033887116393694666
366,1648769692.6448934,5424,0.0038559533131774
367,1648769692.8325758,5436,0.0018858783102283332
368,1648769693.4283984,5474,0.0032682544939840667
369,1648769693.931234,5506,0.0029176444513722664
370,1648769694.2272346,5525,0.0014677396975457
371,1648769694.2904878,5529,0.0032481621019541996
372,1648769694.492608,5542,0.001647919513440333
373,1648769694.630848,5551,0.004045229424567234
374,1648769695.2707632,5592,0.0010800268889093999
375,1648769695.397723,5600,0.005027456015037966
376,1648769695.492998,5606,0.0228987610704886
377,1648769695.6193252,5614,0.0010188642966871
378,1648769697.3546698,5629,0.0014551345569391333
379,1648769697.5449605,5641,0.0013089890708215
380,1648769698.205459,5682,0.0024875825038179335
381,1648769698.5000756,5701,0.0018412273396582331
382,1648769698.577639,5706,0.0035751043663670005
383,1648769698.6254425,5709,0.0008012991650805666
384,1648769698.7114348,5714,0.0047988849303995
385,1648769698.9418433,5728,0.005372207728214533
386,1648769698.9724803,5730,0.0014442420409371333
387,1648769699.0697465,5736,0.0010952002776320668
388,1648769699.4280112,5758,0.0078214943641796
389,1648769699.443498,5759,0.0019069812260567667
390,1648769699.5843945,5768,0.0020885017390052003
391,1648769699.6831932,5774,0.008611146981517433
392,1648769699.8751912,5785,0.0015815713656289667
393,1648769700.6315532,5831,0.0005821905263776666
394,1648769700.7251658,5837,0.0012261284670481334
395,1648769700.8329916,5844,0.0018379984636945998
396,1648769701.2569969,5870,0.0021736052973816335
397,1648769701.5200217,5887,0.0017476558374861333
398,1648769701.6167746,5893,0.007959492194155834
399,1648769701.8384306,5906,0.0007435248019949333
400,1648769702.5924375,5953,0.00044776983365099995
401,1648769702.7016108,5960,0.0029461301164700996
402,1648769702.75019,5963,0.0016254463116637998
403,1648769702.886484,5971,0.003766733900799067
404,1648769703.016498,5979,0.0027218524677057668
405,1648769703.1546364,5988,0.00045698429069786667
406,1648769703.233062,5993,0.0035284220745476
407,1648769703.858789,6031,0.0011638260524098668
408,1648769704.0213263,6041,0.0034629141446202664
409,1648769704.1020856,6046,0.0027260958837965333
410,1648769704.150142,6049,0.0028359462060809667
411,1648769704.2039154,6052,0.0011808843507120667
412,1648769704.2583432,6055,0.013566444821966133
413,1648769704.6065545,6076,0.0037833361420780004
414,1648769704.6530352,6079,0.007664491102332201
415,1648769704.797353,6088,0.00024724455821943333
416,1648769706.4455576,6099,0.0015011656602533334
417,1648769706.8405583,6123,0.0009631146701091002
418,1648769706.9295306,6128,0.008714350270262567
419,1648769707.0534208,6135,0.0019465569833603668
420,1648769707.5770297,6165,0.0036296740872785
421,1648769707.9078932,6184,0.0009123256095335451
422,1648769707.9603832,6187,0.0015304770398263667
423,1648769707.9770348,6188,0.0007442076457664001
424,1648769708.070385,6194,0.0004129057245639
425,1648769708.161649,6200,0.0018890060212773
426,1648769708.2398186,6205,0.008392186098111133
427,1648769708.4162822,6216,0.0008565674070268335
428,1648769708.615183,6228,0.001467829351895467
429,1648769708.6611786,6231,0.004647190216928667
430,1648769708.6787715,6232,0.0026934357398809665
431,1648769708.740682,6236,0.0065187849880505655
432,1648769709.0219543,6254,0.0017466185866699332
433,1648769709.206776,6266,0.0011229067070719666
434,1648769709.2240324,6267,0.0009660555903489
435,1648769709.6084414,6292,0.008995842615452833
436,1648769709.8407133,6307,0.0008641337772132333
437,1648769710.4843063,6348,0.0009542421903460667
438,1648769710.5939858,6355,0.0011077677869858334
439,1648769710.8134878,6369,0.002525617155091167
440,1648769711.0493343,6384,0.0018385159783065
441,1648769711.5464177,6414,0.0007233930227811667
442,1648769711.5960472,6417,0.00024675033152253534
443,1648769711.7415037,6426,0.0006291192645827666
444,1648769711.8065145,6430,0.0026977268765524666
445,1648769711.8220696,6431,0.0003927194605542153
446,1648769712.3310256,6461,0.0007885469434161667
447,1648769712.515792,6473,0.0044772560941055
448,1648769713.834488,6554,0.0014126941290063001
449,1648769715.7571533,6578,0.0008040899410843333
450,1648769716.517556,6624,0.0028590197665228664
451,1648769716.6387978,6631,0.0013746694991519665
452,1648769717.5382867,6683,0.0011570198306192333
453,1648769717.6454003,6689,0.0009870840391764666
454,1648769717.8778691,6703,0.0003019789728568667
455,1648769717.963162,6708,0.0011076254110472335
456,1648769718.201918,6722,0.0014264971541705998
457,1648769718.3650436,6732,0.0025835268315858666
458,1648769718.677467,6751,0.0009549204478389242
459,1648769719.6683435,6811,0.00030631346453443333
460,1648769719.750209,6816,0.0005283351104783666
461,1648769719.7819748,6818,0.001269867682519
462,1648769719.7978988,6819,0.0091967070232688
463,1648769720.0162768,6832,0.0006917637462417
464,1648769720.066416,6835,0.0011466696741990001
465,1648769720.3489857,6852,0.0007182702150505667
466,1648769720.484127,6860,0.0054740239575039
467,1648769720.9898372,6890,0.012448077788576435
468,1648769721.182986,6902,0.0005401954937648
469,1648769721.215705,6904,0.004076458465836647
470,1648769721.261642,6907,0.0060217445134184665
471,1648769721.2774117,6908,0.0034237782820127666
472,1648769721.3416214,6912,0.00034693875932130004
473,1648769721.6022525,6928,0.0009059194902268
474,1648769721.80032,6940,0.0007766814281542667
475,1648769721.894022,6946,0.000306473118447
476,1648769722.0639212,6957,0.0019919656139487664
477,1648769722.7062657,6998,0.0008804040359487999
478,1648769722.880333,7009,0.00031597417546433334
479,1648769723.0741136,7021,0.0006582109926966667
480,1648769723.2593126,7031,0.0022837549913674
481,1648769723.306768,7034,0.00020606913797863334
482,1648769724.8803344,7037,0.0004993359519478666
483,1648769725.05288,7048,0.00038461371150330003
484,1648769725.1417294,7054,0.0015010007579499666
485,1648769726.15922,7119,0.0006147826982971999
486,1648769726.3317716,7130,0.0004201472329441
487,1648769726.4909234,7140,0.0004917979628468334
488,1648769726.8286417,7160,0.0003260934608988
489,1648769726.8801618,7163,0.00047810689041696673
490,1648769728.2222755,7244,0.00021275388280627336
491,1648769728.546931,7263,0.005811833543702901
492,1648769729.8474278,7341,0.0004728006557949
493,1648769729.9081247,7345,0.0031625226062411333
494,1648769730.050662,7354,0.007465711057496533
495,1648769730.1434293,7360,0.003516526039068867
496,1648769730.4181037,7377,0.0016339006833731668
497,1648769730.4338806,7378,0.000823011738854457
498,1648769731.272182,7431,0.00033576089966416673
499,1648769731.490239,7444,0.0021627315339476667
500,1648769731.543418,7447,0.0002177811426614529
501,1648769731.7886014,7462,0.00042968463579496664
502,1648769731.865585,7467,0.0003941381485977
503,1648769732.2524164,7492,0.0008272519577682064
504,1648769732.3468435,7498,0.0004103804434028333
505,1648769734.040354,7511,0.00543013122781603
506,1648769734.1821537,7520,0.0022482712423273
507,1648769734.30907,7528,0.0009948800143319667
508,1648769734.5774472,7545,0.0005807615622567
509,1648769734.7973957,7559,0.0011726641581238
510,1648769734.8717525,7564,0.007579657152139835
511,1648769735.089849,7578,0.0004507390840444334
512,1648769735.3053224,7592,0.0005133432083918
513,1648769735.427169,7600,0.00023601971042803334
514,1648769735.4746685,7603,0.0008118908978454667
515,1648769735.8101342,7623,0.004439566808287
516,1648769735.8266182,7624,0.0002943672297987667
517,1648769736.1123424,7642,0.0008372793139035667
518,1648769737.0156448,7698,0.003971734203029553
519,1648769737.0939374,7703,0.0006746355405387
520,1648769737.2345636,7712,0.0025714660150697
521,1648769737.3445446,7719,0.0004963108027974
522,1648769738.2684667,7773,0.0012972445789878999
523,1648769738.2850854,7774,0.0007814181250674667
524,1648769738.479763,7785,0.00014024727473339998
525,1648769738.6984203,7799,0.0006274770712479667
526,1648769738.7304757,7801,0.0005933521412467666
527,1648769739.04291,7821,0.0008349398267454667
528,1648769739.4057586,7844,0.00032192148015986995
529,1648769739.7727032,7866,8.465988624566524e-05
530,1648769740.0890954,7886,0.0003996976981094
531,1648769740.2974532,7899,0.0002548604679759333
532,1648769740.4705043,7910,0.0005721972993342001
533,1648769740.502709,7912,0.00042521121698270003
534,1648769740.5342824,7914,0.0003563141945050721
535,1648769740.9909265,7943,0.0004920434463807674
536,1648769741.021974,7945,0.002546443014580233
537,1648769741.3343585,7964,0.0004264926198326334
538,1648769744.1264007,8043,0.005509945515465566
539,1648769744.141995,8044,0.00032753610382006666
540,1648769744.3599098,8057,0.0007605403758740333
541,1648769744.375475,8058,0.0002902544608028333
542,1648769744.5683577,8070,0.0002009510256660333
543,1648769744.583402,8071,0.0001806397388766575
544,1648769744.6146617,8073,0.00027729333669406663
545,1648769744.8859394,8089,0.00032519069403250003
546,1648769744.9958942,8095,0.00024232666570843332
547,1648769745.0791173,8100,0.0010838545470808667
548,1648769745.285499,8112,0.00043753502541216664
549,1648769745.6860995,8135,0.0008780181136292001
550,1648769745.7027774,8136,0.000596256936357
551,1648769745.8055878,8142,0.0013968809944344335
552,1648769745.8411229,8144,0.00034525340985656666
553,1648769745.962278,8151,0.00017000272297687294
554,1648769746.136022,8161,0.0005322012293617333
555,1648769746.779425,8198,0.0003508013808944334
556,1648769747.1100483,8217,0.00020050272723886667
557,1648769747.16045,8220,0.0002160448384529337
558,1648769747.4030814,8234,0.00042267542691355335
559,1648769747.8499763,8262,0.0004352420340485595
560,1648769748.206272,8284,0.0012208817449087335
561,1648769748.4323647,8297,0.00048443512059746205
562,1648769748.8479006,8321,0.0004394070710986
563,1648769749.1234891,8339,0.0006436813418986006
564,1648769749.7282925,8378,0.0015968825415863
565,1648769749.7431202,8379,0.0006246027963545666
566,1648769749.7728655,8381,0.00024338473303938565
567,1648769749.942061,8392,0.00026319045961523173
568,1648769750.1567757,8406,0.00029313736680094683
569,1648769750.2204683,8410,0.00029507192084563336
570,1648769750.390604,8421,0.00029393592073266665
571,1648769750.4214234,8423,0.0002730665194879
572,1648769752.4081638,8453,0.00028268549309960685
573,1648769752.4714797,8457,0.00027062335478443333
574,1648769752.6618445,8469,0.00027998881705563333
575,1648769752.7225575,8473,0.0007098315933641333
576,1648769752.770798,8476,0.00021974137052891882
577,1648769753.0483196,8493,0.00023326056543733245
578,1648769753.081965,8495,0.0002324038068763333
579,1648769753.293043,8507,0.0002965652590015744
580,1648769753.4356153,8516,0.00024327580467796257
581,1648769753.5293467,8522,0.0008399561581123666
582,1648769753.5605636,8524,0.0003637822762053864
583,1648769753.762699,8536,0.00015010563705191877
584,1648769753.7799163,8537,0.00015784639496503331
585,1648769753.8134491,8539,0.0005745143813934334
586,1648769753.9290824,8546,7.103741760750883e-05
587,1648769754.1935682,8563,0.0002576329995159795
588,1648769754.3465776,8573,0.00047662122233300004
589,1648769754.5196872,8584,0.0005698883226917
590,1648769754.7533529,8599,0.0003280527841222
591,1648769754.997869,8615,0.0002800248087926667
592,1648769755.0757673,8620,0.0002838641473013667
593,1648769755.2786734,8633,0.00043740007822629996
594,1648769755.5128045,8648,0.0002456124348099667
595,1648769755.850401,8669,0.00040446922745703337
596,1648769755.9643562,8676,0.0002470598216556
597,1648769756.171765,8689,0.0012022919581795516
598,1648769756.2525764,8694,0.0003093066867828667
599,1648769756.640063,8719,0.00025693554683430003
600,1648769756.826151,8731,0.00025535579091709996
601,1648769757.0141191,8743,0.0002080427123776667
602,1648769757.1094134,8749,0.0003772587588172904
603,1648769757.265062,8759,0.00027586471696843337
604,1648769757.280493,8760,0.0002873844787245337
605,1648769757.3283148,8763,0.0002872002029713667
606,1648769757.3894775,8767,0.005989924640743933
607,1648769757.4198685,8769,0.0001143982929837027
608,1648769757.452,8771,0.0003259661122379667
609,1648769757.8226066,8795,0.00021512575040099998
610,1648769757.931064,8802,0.0002136986683277667
611,1648769758.056024,8810,0.0005495206666334139
612,1648769758.5026803,8839,0.0012035668478347
613,1648769758.7006843,8852,0.00045290619406533335
614,1648769759.0095968,8872,0.0002027649413017721
615,1648769759.412974,8898,8.851047095956994e-05
616,1648769761.1525917,8913,0.00011996001315610855
617,1648769761.5747645,8938,0.00013526988489804187
618,1648769761.7759943,8951,0.00026913071633313335
619,1648769761.9309187,8961,0.00016828205843918588
620,1648769762.6626365,9007,0.00012512731579285361
621,1648769762.8016703,9016,0.00017240161832886668
622,1648769762.92541,9024,0.0005970913625787333
623,1648769763.081046,9034,0.0002547902865141095
624,1648769763.373778,9053,0.00010875496809600491
625,1648769763.4374497,9057,0.0003201447883232333
626,1648769763.7640688,9078,0.0004409608372952333
627,1648769763.9957275,9093,0.00039233581143579996
628,1648769764.0261502,9095,0.00029602408176283336
629,1648769764.2736297,9111,0.00011559747569357078
630,1648769764.410997,9120,0.0003126701340078666
631,1648769764.8155854,9146,0.00016336945797466667
632,1648769765.2783203,9176,0.0004523683722557333
633,1648769765.3858557,9183,0.00250625776122127
634,1648769765.6600554,9201,0.00040307733676546664
635,1648769765.6773858,9202,0.0005938227889903333
636,1648769765.6924229,9203,0.00026614379021333334
637,1648769766.1072807,9230,0.000262941471495
638,1648769766.122082,9231,8.149248848590258e-05
639,1648769766.3523023,9246,0.00033668078443343337
640,1648769766.712584,9269,0.0002742299548117
641,1648769766.9636328,9285,0.0003070820239372
642,1648769767.1986084,9300,0.00015403358944843335
643,1648769767.3239353,9308,0.00048602122357496665
644,1648769767.7419145,9333,0.00010861589544216618
645,1648769767.8360538,9339,0.0002556249576930667
646,1648769767.900893,9343,0.00023313535227007418
647,1648769767.9161162,9344,0.00017943348939295235
648,1648769767.994782,9349,0.00044435081266169996
649,1648769768.302107,9369,0.0006206242978805001
650,1648769768.3346872,9371,0.000119602780614475
651,1648769768.395303,9375,0.00019939833146050002
652,1648769770.2756069,9398,0.00011614925460886023
653,1648769770.4278846,9406,0.00022535529812251075
654,1648769770.4947407,9410,0.0006326883400712334
655,1648769770.573503,9415,0.00020671534002753334
656,1648769770.8270454,9431,0.00017040421274333334
657,1648769770.8417804,9432,0.00016701528754003918
658,1648769770.923674,9437,0.0004480811282215667
659,1648769771.4728465,9470,0.00013075334572929133
660,1648769771.6133292,9479,0.00035205173480786666
661,1648769771.6487808,9481,0.0002638810183270359
662,1648769772.03924,9506,7.584176576831621e-05
663,1648769772.3032002,9523,0.0003039185297287
664,1648769773.2429242,9584,0.00015418938467819313
665,1648769773.3051686,9588,0.00035565494423883334
666,1648769773.3350573,9590,0.00019933323589303332
667,1648769773.537759,9603,0.0002991858515694155
668,1648769773.7536538,9617,0.0004920365803021
669,1648769774.1897671,9645,0.00015791722398713332
670,1648769774.3292572,9654,0.00046104290716653335
671,1648769774.4070425,9659,0.00013915667659599842
672,1648769774.4369323,9661,0.00020260770785773333
673,1648769774.77745,9683,0.0002570320599867
674,1648769774.7951765,9684,0.000168842620041663
675,1648769774.8861527,9690,0.00032698348028736666
676,1648769775.2053738,9711,0.0002621471891567333
677,1648769775.251159,9714,0.0001476611262963
678,1648769775.3434813,9720,0.0002443128857218
679,1648769776.0238364,9764,6.53917765400062e-05
680,1648769776.0384824,9765,0.0002119867058354056
681,1648769776.3153396,9783,0.00011726738011926686
682,1648769776.3930707,9788,0.00027239184661688676
683,1648769776.685527,9807,0.0004885298039880273
684,1648769776.8649094,9818,0.00024777924894193337
685,1648769777.18637,9839,0.00017862300349703332
686,1648769777.2783425,9845,0.00044723977528816667
687,1648769777.3081682,9847,0.0001511922528152021
688,1648769779.1265242,9866,0.00037691498437196665
689,1648769779.3015118,9876,0.00023085760282503336
690,1648769779.3521984,9879,0.00025274524523406664
691,1648769779.432212,9884,0.00025992786201334603
692,1648769779.6665828,9899,0.00024611333113470365
693,1648769779.7454095,9904,0.00021123998158141866
694,1648769780.5046244,9950,0.00022642505064136668
695,1648769780.6409965,9959,0.00019472506937742135
696,1648769780.6560624,9960,0.000365273963931581
697,1648769780.8867784,9975,0.00020742575725305346
698,1648769781.6017077,10021,0.00024721310668
699,1648769782.1494336,10054,0.00020272308514296668
700,1648769782.2108886,10058,0.00026790947595143336
701,1648769782.9151464,10103,0.00022477351255166663
702,1648769783.0046806,10109,0.00017248984174019998
703,1648769783.1003537,10115,0.0008248093411868999
704,1648769783.211684,10122,0.00019765720450466665
705,1648769783.305437,10128,0.00034808530957276666
706,1648769783.4928973,10140,0.0007068891839783683
707,1648769783.5714788,10145,0.00023491864946359312
708,1648769783.713218,10154,8.223868402028703e-05
709,1648769784.2539706,10188,0.0005181024413710334
710,1648769784.3512418,10194,0.00026844510284713334
711,1648769784.3980544,10197,0.00011362457250163869
712,1648769784.509096,10204,0.00013004783492453353
713,1648769784.5400538,10206,0.00044386494725280693
714,1648769784.6052845,10210,0.0003103272514029
715,1648769784.6213038,10211,0.0001749548246152
716,1648769784.6528351,10213,0.00046138522156974885
717,1648769784.668995,10214,0.00018746973849674718
718,1648769784.68654,10215,0.0002604118672024654
719,1648769784.9434943,10231,0.00017544844498232608
720,1648769785.02168,10236,0.00011859454995523859
721,1648769785.0821748,10240,0.00025672411478199847
722,1648769785.1123774,10242,0.00016237146822576667
723,1648769785.1629753,10245,0.00034355085032676666
724,1648769785.2868872,10253,0.00025418019989346664
725,1648769785.4129057,10261,0.00012875536776843334
726,1648769785.427991,10262,0.00021138547648050002
727,1648769785.585748,10272,0.0007880055818531907
728,1648769788.0264466,10332,0.00017138307157434706
729,1648769788.041855,10333,0.0002218342172757333
730,1648769788.5738013,10367,0.0001852481800596862
731,1648769788.9439468,10391,0.0001547554687325
732,1648769789.036266,10397,0.0002980121983758
733,1648769789.2382028,10410,0.00018331546016266665
734,1648769789.4273396,10422,0.00023135359030366666
735,1648769789.5813916,10432,0.00022114871050383332
736,1648769789.627837,10435,0.00023103387259953796
737,1648769790.023457,10460,0.00013285330593736534
738,1648769790.2694535,10476,0.0002905507960046
739,1648769790.332399,10480,9.46394672306834e-05
740,1648769790.4926677,10490,0.00016714304850506666
741,1648769791.2099612,10532,0.0003020712174475
742,1648769791.3648996,10542,0.0002061605870646
743,1648769791.5239975,10552,0.0002548684472761
744,1648769791.977975,10579,0.0003851880113263878
745,1648769792.1359022,10589,0.00013961390989908118
746,1648769792.3010318,10599,0.00017079577082763334
747,1648769792.6317809,10620,0.0003046833832437617
748,1648769792.66212,10622,0.00013539880940996668
749,1648769793.200462,10654,0.0002017686468510204
750,1648769793.454456,10670,0.00017446898952276667
751,1648769793.7517157,10689,0.00010871508857234488
752,1648769794.1331322,10713,0.0024482985882059104
753,1648769794.4052255,10730,0.00023640238941874552
754,1648769794.665555,10745,0.00021878657450235173
755,1648769795.2099926,10780,9.443016460862898e-05
756,1648769797.056431,10802,0.00019878788225466244
757,1648769797.373176,10822,0.000310566412129716
758,1648769797.438076,10826,0.0003033812778691248
759,1648769797.4530754,10827,0.0002711888858660219
760,1648769797.5350645,10832,0.00023028439560823333
761,1648769797.6385443,10838,0.001015295007770562
762,1648769798.6677656,10902,0.0001538638753117584
763,1648769798.8600044,10913,0.00017613287491253333
764,1648769798.9814498,10920,0.00016854919522297444
765,1648769799.15485,10931,0.00014529842640811694
766,1648769799.388765,10945,0.00027717883494911304
767,1648769799.505662,10952,0.0001254935899244702
768,1648769799.582489,10957,0.00019299193324208395
769,1648769799.599301,10958,0.0001197875753859722
770,1648769799.739902,10967,0.00013068875826618463
771,1648769799.8019156,10971,0.00013299502703980256
772,1648769801.4353764,11071,0.00021518552724346667
773,1648769801.577429,11080,0.00018104578096728085
774,1648769801.623761,11083,8.364505144222598e-05
775,1648769801.6431503,11084,9.538785100931906e-05
776,1648769801.784775,11093,0.00023942132005076405
777,1648769802.136072,11115,0.00021838264850275699
778,1648769802.2367573,11121,0.011646208702586534
779,1648769802.4873378,11137,0.00011965334306294723
780,1648769802.5494218,11141,0.00021383270965691145
781,1648769802.6578016,11148,0.0001799130623112
782,1648769802.6876595,11150,8.573674191816734e-05
783,1648769803.5670562,11205,0.00018957356223832107
784,1648769803.818006,11219,9.308170713967166e-05
785,1648769803.8521345,11221,0.0002273692468103126
786,1648769803.9939992,11229,0.00017153089963053332
787,1648769804.1849272,11240,0.00012167985065992008
788,1648769804.200576,11241,0.00011883930953141377
789,1648769804.218134,11242,0.0001158415446600927
790,1648769804.264433,11245,0.00026999175800783334
791,1648769806.0407205,11262,0.0001516283433981374
792,1648769806.3860457,11284,9.800020294881976e-05
793,1648769806.6768131,11301,0.00015192011293640572
794,1648769807.2168438,11332,0.00028349165950200187
795,1648769807.391619,11342,0.0002553848995981666
796,1648769807.4610586,11346,0.00016688987792196002
797,1648769808.2854471,11393,0.00022275668258463333
798,1648769808.3635223,11398,0.00011034241955103505
799,1648769808.4892716,11406,0.0002635462636438339
800,1648769808.8118515,11425,0.0001400565597577396
801,1648769808.8601797,11428,0.00025590901592896666
802,1648769809.1496809,11446,0.00025403265802496667
803,1648769809.1667323,11447,0.00017852707909087853
804,1648769809.4605937,11465,0.00024387447774636668
805,1648769809.726538,11481,0.009135252936781966
806,1648769809.8522155,11488,0.0001416882065920107
807,1648769810.200843,11509,0.00010825744539031887
808,1648769810.2160692,11510,0.0008453203154203514
809,1648769810.3717968,11520,7.665884428811386e-05
810,1648769810.562175,11532,0.00010207771750475355
811,1648769811.243889,11573,0.00012460944223372794
812,1648769811.8460984,11611,0.00014567790155215518
813,1648769811.9549394,11618,0.00014075913350094526
814,1648769812.1095798,11627,0.00011679870658552299
815,1648769812.3968616,11645,0.00016456079902127168
816,1648769812.6943672,11663,9.596404743204223e-05
817,1648769812.913617,11677,0.0001789778810537
818,1648769813.0703564,11687,0.00025446389433146665
819,1648769813.3940516,11707,0.00038382941662946663
820,1648769813.523166,11715,0.0001861046039266
821,1648769815.3909044,11736,0.00013324704438368747
822,1648769815.467245,11741,9.514955794049144e-05
823,1648769815.772424,11761,0.00013340404984768647
824,1648769815.909412,11770,0.00019890076267373331
825,1648769815.9416664,11772,0.0001231308682084027
826,1648769816.110239,11783,9.82153020837651e-05
827,1648769816.4517186,11805,0.00021567656464556667
828,1648769816.5929158,11814,6.603066746417123e-05
829,1648769816.8543231,11831,6.512273588062368e-05
830,1648769817.50752,11873,0.0002973923886505
831,1648769817.5381186,11875,0.00012410033862879515
832,1648769817.8826332,11895,0.00010172698966925819
833,1648769817.899089,11896,0.0014031601482807667
834,1648769817.9151351,11897,0.00010479378155040409
835,1648769818.055322,11906,0.0001564707757400125
836,1648769818.3588896,11924,0.00018155397265213024
837,1648769818.3751955,11925,0.00017081706998090004
838,1648769818.7062042,11946,0.0003644622726521
839,1648769819.22324,11978,0.00019491365431651875
840,1648769819.412903,11990,9.03670164310195e-05
841,1648769819.53652,11998,0.0001804379492871698
842,1648769819.8501194,12018,0.0002373959359829
843,1648769819.8806665,12020,0.00019113749052236665
844,1648769820.0236363,12029,0.00015500594357333334
845,1648769820.477313,12056,0.00018223155833156667
846,1648769820.7105188,12070,0.0001679605096190211
847,1648769820.8617551,12079,0.00011561151647277769
848,1648769820.923271,12083,0.00014157396071820397
849,1648769821.0019193,12088,9.577932845178181e-05
850,1648769821.1641371,12098,0.00013719084866650828
851,1648769821.834421,12136,0.00015007395025649377
852,1648769821.9330175,12142,0.0001499398907374434
853,1648769821.9847045,12145,0.00012254352774711047
854,1648769822.1632526,12155,9.926639662199007e-05
855,1648769822.198891,12157,0.007685866842317975
856,1648769822.689764,12186,0.00015838729450476667
857,1648769824.3439057,12197,0.00022309231280810002
858,1648769824.5896275,12211,8.589195931560325e-05
859,1648769824.7655363,12221,0.00011935974301496106
860,1648769825.131857,12242,0.00011395390417114888
861,1648769825.270947,12250,0.00016270092964985978
862,1648769825.8864596,12286,0.00021900010566844278
863,1648769826.0796297,12298,0.000242962431608832
864,1648769826.95018,12352,0.00022481214061063331
865,1648769827.6309645,12396,0.00021867271546696776
866,1648769827.7074275,12401,0.00018581958162633536
867,1648769827.9406428,12416,0.0002019622722097
868,1648769828.264819,12437,0.00015385428559965694
869,1648769828.4684093,12450,0.00014970032013175713
870,1648769828.607636,12459,0.00012771227253928778
871,1648769829.10192,12491,0.00013212728542078865
872,1648769829.1954222,12497,8.648944397764385e-05
873,1648769829.257156,12501,8.142853160582145e-05
874,1648769829.4259126,12512,0.0002529301806740658
875,1648769829.8997865,12541,0.0004364532602872667
876,1648769829.964305,12545,0.0004919833202923333
877,1648769830.0444014,12550,0.0001449049814254873
878,1648769830.3950748,12572,5.723108370147997e-05
879,1648769830.491308,12578,0.00016229860193557304
880,1648769830.5870008,12584,0.00011589523880198593
881,1648769830.8103075,12597,0.00015041816125930984
882,1648769830.8588908,12600,5.9887831715334385e-05
883,1648769830.922091,12604,0.00011129349998853451
884,1648769831.1734245,12620,0.00010032359568866102
885,1648769831.3594797,12632,0.00023378069454336667
886,1648769831.4370327,12637,6.7840966342664e-05
887,1648769831.640496,12650,0.0001300949976818
888,1648769831.701032,12654,0.0001237885505057641
889,1648769831.7643073,12658,0.0001550541637698
890,1648769833.7434928,12690,0.0002836140896154559
891,1648769833.8524723,12697,0.00015813499339849998
892,1648769834.30657,12726,0.00014001335512143335
893,1648769834.8067229,12758,0.00015265820305403343
894,1648769834.8699007,12762,0.00012539047505315343
895,1648769834.9162357,12765,0.00010038800852876614
896,1648769835.087942,12776,5.523637507089184e-05
897,1648769835.1183183,12778,9.521054016654164e-05
898,1648769835.1500173,12780,9.586619610972699e-05
899,1648769835.167206,12781,0.000148548145565
900,1648769835.1818535,12782,0.00012036952830376667
901,1648769835.3172102,12790,0.00014775257538222734
902,1648769835.386392,12794,0.00011779356767266232
903,1648769835.4721951,12799,6.08933636006744e-05
904,1648769835.5372975,12803,0.00010728441763297899
905,1648769835.8021026,12820,0.00011384343209403109
906,1648769836.0564167,12835,0.00022888220822397715
907,1648769836.1730187,12842,3.3401335410114065e-05
908,1648769836.2590134,12847,5.9413324682585276e-05
909,1648769836.5890987,12867,8.744900211846434e-05
910,1648769836.6344478,12870,0.00020965856553322237
911,1648769837.0249486,12893,6.735619535902515e-05
912,1648769837.3179011,12911,0.00010777987578571299
913,1648769837.732559,12936,0.00012613401243768963
914,1648769837.7493403,12937,0.00015158027478415323
915,1648769837.892114,12946,0.0001344475507115185
916,1648769838.1611838,12963,0.0001958945261624767
917,1648769838.4346046,12979,0.0002416482748230333
918,1648769838.8170316,13003,0.00011839765526620725
919,1648769839.365413,13035,8.343223453263738e-05
920,1648769839.639969,13052,0.00015782422027160238
921,1648769839.8530407,13066,0.00028864800818454995
922,1648769840.2091384,13089,0.00014172548253550002
923,1648769840.2389646,13091,0.00020931599040823336
924,1648769840.5162983,13109,0.0001345949131063834
925,1648769842.6951983,13150,0.00012385127047308234
926,1648769842.7100637,13151,0.0004134556753948333
927,1648769842.7703023,13155,0.0001372657522248409
928,1648769842.9887357,13169,0.0001531118856898
929,1648769843.4167168,13195,0.00011356080358379581
930,1648769843.5148618,13201,0.0001290973353509585
931,1648769843.7679398,13216,0.00014345239590809867
932,1648769843.8576925,13222,0.00013426584822198956
933,1648769844.1099486,13238,0.00012168893711831725
934,1648769844.3623185,13253,7.698536258730866e-05
935,1648769844.5328555,13264,0.0001074226171718752
936,1648769844.5814383,13267,9.619943981912158e-05
937,1648769844.673901,13273,0.0001227940144114138
938,1648769845.1500278,13303,8.380471020546127e-05
939,1648769845.3702617,13316,0.00015547166791898042
940,1648769846.137681,13363,0.00019772528321477864
941,1648769846.203132,13367,0.00021569970219085556
942,1648769846.7371397,13400,0.00016035571752576669
943,1648769847.0263703,13419,5.2650616756485156e-05
944,1648769847.0907254,13423,0.0002199690206907
945,1648769847.2310238,13432,9.543686731676878e-05
946,1648769847.2950068,13436,0.00010669677370360622
947,1648769847.7340963,13464,0.00021659881410108592
948,1648769847.8295207,13470,0.00021438003265448918
949,1648769847.8597643,13472,0.00013246781115106666
950,1648769848.030645,13483,9.339107054983803e-05
951,1648769848.1725054,13492,6.375701923388988e-05
952,1648769848.2329996,13496,0.0001007713508442689
953,1648769848.5244887,13515,0.00013961310469306622
954,1648769848.7638297,13530,0.0002648460140335
955,1648769849.1139271,13552,0.00010231525569299911
956,1648769849.1445658,13554,0.00013438920602003605
957,1648769849.206318,13558,7.943265033342566e-05
958,1648769849.7778645,13591,0.0022271833683285957
959,1648769851.4711826,13603,0.00011130242880119132
960,1648769851.6846042,13616,0.0001317467370730022
961,1648769851.701873,13617,0.0002903407730627
962,1648769851.982653,13633,8.78062455740104e-05
963,1648769852.0618196,13638,0.00016283604297008105
964,1648769852.1949103,13646,9.616787914030328e-05
965,1648769852.2110758,13647,0.00013455545073760353
966,1648769852.7888312,13681,0.000271911749829666
967,1648769852.963396,13692,0.0001711556930482997
968,1648769853.1197832,13702,0.00018011966070233333
969,1648769853.2767174,13712,0.00015689267092965724
970,1648769853.3875167,13719,0.00015486343666753894
971,1648769853.4373348,13722,5.092333412903827e-05
972,1648769853.4996452,13726,0.0002293774450663
973,1648769853.53372,13728,0.00019780473667193333
974,1648769853.564639,13730,0.00010727621217179594
975,1648769853.6448884,13735,0.00020486305341662074
976,1648769853.9446025,13753,0.0002096626097530063
977,1648769854.07099,13761,0.00020110785165645774
978,1648769854.1808772,13768,0.0001350076781818333
979,1648769854.243709,13772,0.00010471818677613928
980,1648769854.322129,13777,7.648435833592278e-05
981,1648769854.3524125,13779,0.00019377743592483034
982,1648769854.5823236,13794,0.00022981031603796665
983,1648769854.9395423,13817,0.00014064792048880335
984,1648769855.3814054,13845,9.329920915958024e-05
985,1648769855.4137368,13847,0.0001256826653843723
986,1648769855.7264829,13867,8.558260014976025e-05
987,1648769855.880151,13877,8.928677319393803e-05
988,1648769856.0993693,13891,9.495314831531794e-05
989,1648769856.193082,13897,0.00010680623139096481
990,1648769856.3348484,13906,0.00019425244924296665
991,1648769856.694175,13929,0.00032840967226846664
992,1648769856.9621935,13945,0.00014950256202906666
993,1648769857.4899333,13979,8.382067365645444e-05
994,1648769857.9323971,14008,0.00013797679033206666
995,1648769858.3126943,14032,7.007472959230415e-05
996,1648769858.426088,14039,0.00011302152779535189
997,1648769858.4908352,14043,0.00015822928495856666
998,1648769858.7001245,14056,0.00013916183282461575
999,1648769858.900548,14069,0.00013619825040217659
