Wall time,Step,Value
1648795632.9738164,4,0.03412969410419464
1648795633.6935217,48,0.3344709873199463
1648795633.8629243,59,0.4095562994480133
1648795633.9102342,62,0.4300341308116913
1648795634.175216,79,0.5460751056671143
1648795634.2409682,83,0.57337886095047
1648795634.8083305,119,0.8191125988960266
1648795634.932437,127,0.873720109462738
1648795635.1679523,142,0.9761092066764832
1648795635.5787864,168,1.1535836458206177
1648795635.751226,179,1.2286689281463623
1648795635.7859228,181,1.2423207759857178
1648795636.0706828,199,1.3651877641677856
1648795636.9792547,257,1.761092185974121
1648795636.9976718,258,1.7679181098937988
1648795637.560882,294,2.0
1648795637.8453379,312,2.0
1648795637.9758239,320,2.0
1648795638.2182667,335,2.0
1648795638.249374,337,2.0
1648795638.5550144,356,2.0
1648795639.3033175,404,2.0
1648795639.3508906,407,2.0
1648795639.6765594,428,2.0
1648795639.7218444,431,2.0
1648795639.8150513,437,2.0
1648795639.862901,440,2.0
1648795641.82577,469,2.0
1648795642.6925213,524,2.0
1648795643.3886724,568,2.0
1648795643.4508953,572,2.0
1648795643.7517762,591,2.0
1648795644.1025083,613,2.0
1648795644.260798,623,2.0
1648795644.471571,636,2.0
1648795644.643673,647,2.0
1648795644.6940439,650,2.0
1648795644.707697,651,2.0
1648795644.8331497,659,2.0
1648795644.913362,664,2.0
1648795645.13054,678,2.0
1648795645.2731135,687,2.0
1648795645.509021,702,2.0
1648795645.6488426,711,2.0
1648795645.7577186,718,2.0
1648795645.882985,726,2.0
1648795645.9011698,727,2.0
1648795645.9309647,729,2.0
1648795646.0279908,735,2.0
1648795646.8175907,782,2.0
1648795647.5815244,829,2.0
1648795647.7072895,837,2.0
1648795647.9378762,850,2.0
1648795648.3140614,870,2.0
1648795648.7543094,896,2.0
1648795649.1084375,917,2.0
1648795649.2656593,927,2.0
1648795651.3159447,963,2.0
1648795651.3803563,967,2.0
1648795651.5747023,979,2.0
1648795651.893501,999,2.0
1648795651.9594588,1003,2.0
1648795652.2176425,1019,2.0
1648795652.3292365,1026,2.0
1648795652.4898705,1036,2.0
1648795652.6528566,1046,2.0
1648795652.6685808,1047,2.0
1648795652.8786855,1059,2.0
1648795653.061924,1070,2.0
1648795653.5956407,1103,2.0
1648795653.6292973,1105,2.0
1648795653.7290967,1111,2.0
1648795653.838018,1118,2.0
1648795654.136495,1137,2.0
1648795654.1696148,1139,2.0
1648795654.2468255,1144,2.0
1648795654.3929584,1153,2.0
1648795655.1310282,1198,2.0
1648795655.2570493,1206,2.0
1648795655.2877812,1208,2.0
1648795655.3669982,1213,2.0
1648795656.2864301,1269,2.0
1648795656.4910817,1282,2.0
1648795656.8273416,1301,2.0
1648795656.922043,1307,2.0
1648795657.5647066,1348,2.0
1648795657.9652815,1374,2.0
1648795658.3476262,1398,2.0
1648795660.0074835,1412,2.0
1648795660.5758646,1447,2.0
1648795661.2713864,1491,2.0
1648795661.3075545,1493,2.0
1648795661.325953,1494,2.0
1648795661.414941,1499,2.0
1648795661.5337367,1505,2.0
1648795661.6908526,1514,2.0
1648795661.939714,1530,2.0
1648795661.9696155,1532,2.0
1648795662.017732,1535,2.0
1648795662.258482,1550,2.0
1648795662.4432344,1562,2.0
1648795662.5055003,1566,2.0
1648795662.5831854,1571,2.0
1648795662.6911747,1578,2.0
1648795662.799165,1585,2.0
1648795662.8742092,1590,2.0
1648795663.4210324,1625,2.0
1648795663.5618598,1634,2.0
1648795663.6083615,1637,2.0
1648795663.7468934,1646,2.0
1648795664.0737798,1667,2.0
1648795664.1051745,1669,2.0
1648795664.1203306,1670,2.0
1648795664.2745078,1680,2.0
1648795664.637472,1703,2.0
1648795665.251256,1742,2.0
1648795665.2667916,1743,2.0
1648795665.772321,1775,2.0
1648795665.945806,1786,2.0
1648795666.0400107,1792,2.0
1648795666.212656,1803,2.0
1648795666.227871,1804,2.0
1648795666.2433255,1805,2.0
1648795666.292523,1808,2.0
1648795666.4182265,1816,2.0
1648795666.5753121,1826,2.0
1648795667.0440056,1855,2.0
1648795667.3672225,1875,2.0
1648795668.890032,1879,2.0
1648795668.9933798,1885,2.0
1648795669.032316,1887,2.0
1648795669.4112577,1911,2.0
1648795669.6512868,1926,2.0
1648795670.2185469,1962,2.0
1648795670.345776,1970,2.0
1648795670.7229362,1994,2.0
1648795671.4875317,2041,2.0
1648795671.5817842,2047,2.0
1648795671.7722435,2059,2.0
1648795671.8517172,2064,2.0
1648795672.0612533,2077,2.0
1648795672.1327097,2080,2.0
1648795672.154025,2081,2.0
1648795672.2991867,2089,2.0
1648795672.4422598,2097,2.0
1648795672.6792035,2112,2.0
1648795673.093377,2137,2.0
1648795673.1245427,2139,2.0
1648795673.3094115,2151,2.0
1648795673.3387156,2153,2.0
1648795673.818016,2184,2.0
1648795674.4348228,2224,2.0
1648795674.5757544,2233,2.0
1648795674.7500005,2244,2.0
1648795674.876061,2252,2.0
1648795674.9226568,2255,2.0
1648795675.0852747,2265,2.0
1648795675.1824355,2271,2.0
1648795675.5437973,2294,2.0
1648795675.5620754,2295,2.0
1648795675.6523242,2301,2.0
1648795675.6998563,2304,2.0
1648795675.7638884,2308,2.0
1648795675.9221153,2318,2.0
1648795676.061749,2327,2.0
1648795676.2799406,2341,2.0
1648795677.7831051,2345,2.0
1648795677.986946,2358,2.0
1648795678.295439,2378,2.0
1648795678.374893,2383,2.0
1648795678.696222,2403,2.0
1648795678.8505414,2412,2.0
1648795678.9551735,2418,2.0
1648795679.0691187,2425,2.0
1648795679.1226778,2428,2.0
1648795679.2439477,2435,2.0
1648795679.7469735,2467,2.0
1648795679.8554049,2474,2.0
1648795679.905652,2477,2.0
1648795680.3180761,2501,2.0
1648795680.7590482,2528,2.0
1648795681.0167153,2544,2.0
1648795681.0802975,2548,2.0
1648795681.2225814,2557,2.0
1648795681.4935193,2573,2.0
1648795681.6471605,2582,2.0
1648795681.8234375,2593,2.0
1648795681.8409388,2594,2.0
1648795682.052039,2607,2.0
1648795682.1326737,2612,2.0
1648795682.3302152,2624,2.0
1648795682.4915552,2634,2.0
1648795682.7384782,2649,2.0
1648795683.4000719,2689,2.0
1648795683.5257194,2697,2.0
1648795684.2949936,2746,2.0
1648795684.467208,2757,2.0
1648795684.5278735,2761,2.0
1648795684.715705,2773,2.0
1648795685.1076686,2798,2.0
1648795685.1529286,2801,2.0
1648795687.2756395,2842,2.0
1648795687.487887,2854,2.0
1648795687.8886347,2879,2.0
1648795688.175088,2897,2.0
1648795688.52194,2918,2.0
1648795689.1276488,2951,2.0
1648795689.5841703,2980,2.0
1648795689.8938124,2997,2.0
1648795689.9267313,2999,2.0
1648795690.1341233,3012,2.0
1648795690.2080202,3016,2.0
1648795691.0297797,3063,2.0
1648795691.0601435,3065,2.0
1648795691.2669885,3078,2.0
1648795691.5364156,3095,2.0
1648795691.6213326,3100,2.0
1648795691.664238,3102,2.0
1648795691.7595184,3107,2.0
1648795691.7755258,3108,2.0
1648795691.8836899,3114,2.0
1648795692.0474706,3124,2.0
1648795692.0941193,3127,2.0
1648795692.2813857,3139,2.0
1648795692.7374241,3168,2.0
1648795693.0722647,3189,2.0
1648795693.6559215,3221,2.0
1648795694.0404775,3241,2.0
1648795694.2010562,3250,2.0
1648795694.402022,3261,2.0
1648795696.3346777,3289,2.0
1648795696.380874,3292,2.0
1648795696.6035428,3306,2.0
1648795696.618816,3307,2.0
1648795696.6841204,3311,2.0
1648795696.8256478,3320,2.0
1648795696.8409214,3321,2.0
1648795697.3780692,3355,2.0
1648795697.3938537,3356,2.0
1648795697.4111855,3357,2.0
1648795697.4487627,3359,2.0
1648795697.4660006,3360,2.0
1648795697.6484182,3371,2.0
1648795697.6819882,3373,2.0
1648795698.2151866,3404,2.0
1648795698.4027147,3415,2.0
1648795698.5972657,3426,2.0
1648795698.8208797,3440,2.0
1648795699.144934,3459,2.0
1648795699.574608,3485,2.0
1648795699.8578014,3503,2.0
1648795700.139081,3521,2.0
1648795700.7175217,3557,2.0
1648795700.989886,3574,2.0
1648795702.1602075,3648,2.0
1648795702.5101364,3670,2.0
1648795702.6994376,3682,2.0
1648795702.9659917,3699,2.0
1648795703.4270377,3729,2.0
1648795703.5800755,3739,2.0
1648795705.3802726,3758,2.0
1648795705.5419128,3768,2.0
1648795705.6078277,3772,2.0
1648795706.044962,3800,2.0
1648795706.0749476,3802,2.0
1648795706.168506,3808,2.0
1648795706.5080981,3830,2.0
1648795706.670791,3840,2.0
1648795706.7251275,3843,2.0
1648795707.0142906,3860,2.0
1648795707.247166,3874,2.0
1648795707.7498136,3902,2.0
1648795707.8920894,3911,2.0
1648795707.9242349,3913,2.0
1648795708.939847,3974,2.0
1648795709.142242,3987,2.0
1648795709.2830832,3996,2.0
1648795709.8029885,4029,2.0
1648795709.9141638,4036,2.0
1648795710.1820025,4053,2.0
1648795710.580222,4077,2.0
1648795710.907147,4097,2.0
1648795710.9226785,4098,2.0
1648795711.0842426,4108,2.0
1648795711.0993285,4109,2.0
1648795711.1619544,4113,2.0
1648795711.223906,4117,2.0
1648795711.3683977,4126,2.0
1648795711.3831465,4127,2.0
1648795711.8693807,4158,2.0
1648795712.199382,4179,2.0
1648795712.2775626,4184,2.0
1648795712.6606574,4209,2.0
1648795714.6001623,4240,2.0
1648795714.6142206,4241,2.0
1648795714.78462,4252,2.0
1648795714.8481605,4256,2.0
1648795714.9117036,4260,2.0
1648795715.0042207,4266,2.0
1648795715.2726426,4282,2.0
1648795715.7141128,4306,2.0
1648795715.7479534,4308,2.0
1648795715.7780554,4310,2.0
1648795716.2437632,4338,2.0
1648795716.3235776,4343,2.0
1648795716.605332,4360,2.0
1648795717.3986847,4409,2.0
1648795717.5084634,4416,2.0
1648795717.6842296,4427,2.0
1648795718.527304,4480,2.0
1648795718.9359734,4506,2.0
1648795719.0599608,4514,2.0
1648795720.0324173,4576,2.0
1648795720.3541386,4595,2.0
1648795720.547661,4605,2.0
1648795720.6800804,4612,2.0
1648795720.6991262,4613,2.0
1648795720.7765033,4617,2.0
1648795720.7952483,4618,2.0
1648795720.8328996,4620,2.0
1648795721.0984774,4634,2.0
1648795721.3455148,4649,2.0
1648795721.59983,4665,2.0
1648795721.691881,4671,2.0
1648795723.532189,4694,2.0
1648795723.651414,4701,2.0
1648795723.8789177,4714,2.0
1648795724.3539038,4744,2.0
1648795725.119615,4791,2.0
1648795725.2138028,4796,2.0
1648795725.4275124,4809,2.0
1648795725.4428322,4810,2.0
1648795725.5253415,4815,2.0
1648795726.330018,4866,2.0
1648795726.6643982,4887,2.0
1648795726.8247411,4897,2.0
1648795727.3141513,4928,2.0
1648795727.3644216,4931,2.0
1648795727.7399771,4955,2.0
1648795727.9412885,4968,2.0
1648795728.1344395,4980,2.0
1648795728.3280783,4992,2.0
1648795728.5006933,5003,2.0
1648795728.8133,5023,2.0
1648795728.9861007,5034,2.0
1648795729.1264946,5043,2.0
1648795729.2535126,5051,2.0
1648795729.2843611,5053,2.0
1648795729.6783793,5078,2.0
1648795730.4181077,5125,2.0
1648795730.4338455,5126,2.0
1648795730.4966938,5130,2.0
1648795730.7453454,5146,2.0
1648795730.7786286,5148,2.0
1648795732.6191797,5169,2.0
1648795732.6836116,5173,2.0
1648795732.840385,5183,2.0
1648795733.4346788,5219,2.0
1648795733.9070797,5249,2.0
1648795733.922559,5250,2.0
1648795734.180953,5266,2.0
1648795734.6476195,5290,2.0
1648795734.8193855,5300,2.0
1648795734.9162464,5306,2.0
1648795735.253881,5327,2.0
1648795735.3006098,5330,2.0
1648795735.3315606,5332,2.0
1648795735.492907,5342,2.0
1648795735.776559,5360,2.0
1648795736.029146,5376,2.0
1648795736.0448592,5377,2.0
1648795736.0758655,5379,2.0
1648795736.1600919,5384,2.0
1648795736.4152863,5400,2.0
1648795736.4667656,5403,2.0
1648795736.5773335,5410,2.0
1648795736.59222,5411,2.0
1648795736.8405063,5426,2.0
1648795736.8964086,5429,2.0
1648795737.2238238,5446,2.0
1648795737.6033483,5466,2.0
1648795737.7334983,5474,2.0
1648795738.0919142,5497,2.0
1648795738.1230006,5499,2.0
1648795738.1379592,5500,2.0
1648795738.1702063,5502,2.0
1648795738.313293,5511,2.0
1648795738.5349183,5525,2.0
1648795738.5500019,5526,2.0
1648795738.7877686,5541,2.0
1648795739.0086498,5555,2.0
1648795739.5151439,5587,2.0
1648795739.5946205,5592,2.0
1648795739.6605022,5596,2.0
1648795739.6918035,5598,2.0
1648795739.7074208,5599,2.0
1648795739.8196213,5606,2.0
1648795741.8595932,5642,2.0
1648795742.3238602,5671,2.0
1648795742.3588493,5673,2.0
1648795742.516503,5682,2.0
1648795742.7201474,5695,2.0
1648795742.7836406,5699,2.0
1648795743.2207355,5727,2.0
1648795743.2859907,5731,2.0
1648795743.6203668,5752,2.0
1648795743.701168,5757,2.0
1648795743.7976947,5763,2.0
1648795744.3227043,5792,2.0
1648795744.6637828,5812,2.0
1648795744.679255,5813,2.0
1648795745.0430565,5836,2.0
1648795745.138553,5842,2.0
1648795745.6772716,5876,2.0
1648795745.8191247,5885,2.0
1648795746.1218317,5904,2.0
1648795746.1405256,5905,2.0
1648795746.761798,5944,2.0
1648795746.8251216,5948,2.0
1648795747.0104923,5960,2.0
1648795747.119837,5967,2.0
1648795747.3139434,5979,2.0
1648795747.344598,5981,2.0
1648795747.409691,5985,2.0
1648795747.8677251,6014,2.0
1648795747.8989098,6016,2.0
1648795747.9475467,6019,2.0
1648795748.027319,6024,2.0
1648795748.0412605,6025,2.0
1648795748.260631,6039,2.0
1648795748.4172864,6049,2.0
1648795748.4328172,6050,2.0
1648795748.636371,6063,2.0
1648795748.8270972,6075,2.0
1648795748.9677312,6084,2.0
1648795749.0785084,6091,2.0
1648795750.66919,6099,2.0
1648795750.7459333,6103,2.0
1648795750.9431412,6113,2.0
1648795751.1940246,6127,2.0
1648795751.2302668,6129,2.0
1648795751.6364586,6151,2.0
1648795751.7923791,6161,2.0
1648795752.0131323,6175,2.0
1648795752.0596178,6178,2.0
1648795752.8079119,6224,2.0
1648795752.8230727,6225,2.0
1648795753.215596,6250,2.0
1648795753.5164557,6269,2.0
1648795753.575481,6273,2.0
1648795753.698931,6281,2.0
1648795753.7620578,6285,2.0
1648795754.5456874,6335,2.0
1648795754.5921564,6338,2.0
1648795755.065286,6368,2.0
1648795755.192169,6376,2.0
1648795755.4496548,6392,2.0
1648795755.5003033,6395,2.0
1648795755.5636568,6399,2.0
1648795756.0119874,6427,2.0
1648795756.0431976,6429,2.0
1648795756.3274937,6447,2.0
1648795756.560866,6461,2.0
1648795756.6755621,6468,2.0
1648795757.9333913,6545,2.0
1648795757.9814837,6548,2.0
1648795758.1577926,6559,2.0
1648795760.252263,6601,2.0
1648795760.8643358,6640,2.0
1648795761.0012023,6648,2.0
1648795761.4890726,6679,2.0
1648795761.599147,6686,2.0
1648795762.069707,6716,2.0
1648795762.759008,6760,2.0
1648795762.839229,6765,2.0
1648795763.0807648,6780,2.0
1648795763.301897,6794,2.0
1648795763.5844831,6812,2.0
1648795763.742147,6822,2.0
1648795763.7581868,6823,2.0
1648795763.8071005,6826,2.0
1648795763.837976,6828,2.0
1648795763.949622,6835,2.0
1648795764.153234,6848,2.0
1648795764.5545099,6873,2.0
1648795764.8441687,6891,2.0
1648795765.0725772,6905,2.0
1648795765.2671852,6917,2.0
1648795765.3800113,6924,2.0
1648795765.4419706,6928,2.0
1648795765.5860522,6937,2.0
1648795765.8534229,6954,2.0
1648795766.0118847,6964,2.0
1648795766.1360524,6972,2.0
1648795766.5928102,7001,2.0
1648795766.8277247,7016,2.0
1648795768.670745,7041,2.0
1648795769.2630742,7072,2.0
1648795769.4971383,7084,2.0
1648795769.5157483,7085,2.0
1648795769.6312072,7092,2.0
1648795769.791865,7102,2.0
1648795769.8237433,7104,2.0
1648795770.3482363,7136,2.0
1648795770.3640504,7137,2.0
1648795770.6141117,7153,2.0
1648795770.709145,7159,2.0
1648795770.8985114,7171,2.0
1648795771.1607795,7188,2.0
1648795771.2243557,7192,2.0
1648795771.5099342,7210,2.0
1648795771.8351033,7231,2.0
1648795772.1885855,7254,2.0
1648795772.4370575,7270,2.0
1648795772.5289633,7276,2.0
1648795772.5437489,7277,2.0
1648795772.5736115,7279,2.0
1648795772.7253594,7289,2.0
1648795772.8019848,7294,2.0
1648795772.958808,7304,2.0
1648795773.3408017,7328,2.0
1648795773.4356167,7334,2.0
1648795773.4660342,7336,2.0
1648795773.6223094,7346,2.0
1648795773.7764804,7356,2.0
1648795774.1362257,7379,2.0
1648795774.1846159,7382,2.0
1648795774.2317438,7385,2.0
1648795774.5957868,7408,2.0
1648795774.8475432,7424,2.0
1648795774.9095893,7428,2.0
1648795775.1245947,7442,2.0
1648795775.247914,7450,2.0
1648795775.5115561,7467,2.0
1648795775.7744343,7484,2.0
1648795775.963708,7496,2.0
1648795776.028546,7500,2.0
1648795777.917428,7530,2.0
1648795778.1834726,7547,2.0
1648795778.791139,7586,2.0
1648795778.839283,7589,2.0
1648795778.8544877,7590,2.0
1648795779.1646025,7610,2.0
1648795779.8792892,7656,2.0
1648795779.973126,7662,2.0
1648795779.9883554,7663,2.0
1648795780.0213168,7665,2.0
1648795780.1454237,7673,2.0
1648795780.736372,7711,2.0
1648795781.063852,7732,2.0
1648795781.125906,7736,2.0
1648795781.1560197,7738,2.0
1648795781.296684,7747,2.0
1648795781.3897896,7753,2.0
1648795781.4365408,7756,2.0
1648795781.6978226,7773,2.0
1648795782.2912261,7811,2.0
1648795782.398069,7818,2.0
1648795782.552747,7828,2.0
1648795782.952233,7854,2.0
1648795782.9672418,7855,2.0
1648795783.7048817,7902,2.0
1648795783.8762338,7913,2.0
1648795784.323239,7941,2.0
1648795784.4353182,7948,2.0
1648795786.3027592,7975,2.0
1648795786.477826,7986,2.0
1648795786.522824,7989,2.0
1648795786.7851138,8006,2.0
1648795787.1218822,8024,2.0
1648795787.2441273,8031,2.0
1648795787.5531702,8050,2.0
1648795788.0898561,8083,2.0
1648795788.201857,8090,2.0
1648795788.4407332,8105,2.0
1648795788.6597247,8119,2.0
1648795789.3728545,8163,2.0
1648795789.5160122,8172,2.0
1648795789.548737,8174,2.0
1648795789.8655674,8194,2.0
1648795789.9423294,8199,2.0
1648795790.100153,8209,2.0
1648795790.1153471,8210,2.0
1648795790.898665,8260,2.0
1648795791.3589134,8287,2.0
1648795791.8752294,8318,2.0
1648795791.8897524,8319,2.0
1648795792.306579,8344,2.0
1648795792.4555948,8353,2.0
1648795792.7505074,8371,2.0
1648795792.947516,8383,2.0
1648795793.0420558,8389,2.0
1648795793.1674542,8397,2.0
1648795793.2140715,8400,2.0
1648795793.6177568,8426,2.0
1648795793.8230064,8439,2.0
1648795793.8451393,8441,2.0
1648795795.5690563,8459,2.0
1648795796.0321157,8489,2.0
1648795796.2720249,8504,2.0
1648795796.8517084,8540,2.0
1648795796.8824453,8542,2.0
1648795797.0095897,8550,2.0
1648795797.058929,8553,2.0
1648795797.3352902,8570,2.0
1648795798.316882,8631,2.0
1648795798.348378,8633,2.0
1648795798.5773904,8647,2.0
1648795798.792734,8659,2.0
1648795798.943362,8667,2.0
1648795799.9837606,8726,2.0
1648795800.00383,8727,2.0
1648795800.324246,8743,2.0
1648795800.8298695,8774,2.0
1648795800.8476257,8775,2.0
1648795801.0327153,8786,2.0
1648795801.127441,8792,2.0
1648795802.0158384,8848,2.0
1648795802.1542287,8857,2.0
1648795802.2333791,8861,2.0
1648795802.4566529,8873,2.0
1648795802.812251,8895,2.0
1648795802.8607213,8898,2.0
1648795803.0393503,8909,2.0
1648795804.5263393,8914,2.0
1648795804.9090233,8938,2.0
1648795804.9252744,8939,2.0
1648795805.0687912,8948,2.0
1648795805.401353,8969,2.0
1648795805.4173582,8970,2.0
1648795805.4669054,8973,2.0
1648795805.6400802,8983,2.0
1648795805.8242626,8993,2.0
1648795805.840071,8994,2.0
1648795806.4214349,9031,2.0
1648795806.4681702,9034,2.0
1648795806.502369,9036,2.0
1648795806.5788438,9041,2.0
1648795806.6573694,9046,2.0
1648795806.7212584,9050,2.0
1648795806.864133,9059,2.0
1648795807.2860782,9086,2.0
1648795807.8309338,9119,2.0
1648795807.925473,9124,2.0
1648795807.9654953,9126,2.0
1648795808.1553535,9137,2.0
1648795808.8281198,9175,2.0
1648795809.0522377,9189,2.0
1648795809.4208696,9212,2.0
1648795809.4829123,9216,2.0
1648795809.8050978,9236,2.0
1648795809.8700352,9240,2.0
1648795810.1246617,9256,2.0
1648795810.281327,9266,2.0
1648795810.4914112,9279,2.0
1648795810.60349,9286,2.0
1648795810.6972187,9292,2.0
1648795810.7285233,9294,2.0
1648795810.9014497,9305,2.0
1648795811.0417588,9314,2.0
1648795811.0909145,9317,2.0
1648795811.1210077,9319,2.0
1648795813.604594,9384,2.0
1648795813.6682732,9388,2.0
1648795813.6835341,9389,2.0
1648795813.6990767,9390,2.0
1648795813.8863544,9402,2.0
1648795813.9331512,9405,2.0
1648795814.1900096,9421,2.0
1648795814.2503004,9425,2.0
1648795814.5035722,9441,2.0
1648795814.5369377,9443,2.0
1648795814.723667,9455,2.0
1648795814.9923396,9472,2.0
1648795815.0234647,9474,2.0
1648795815.0876894,9478,2.0
1648795815.2130888,9486,2.0
1648795815.310868,9492,2.0
1648795815.3701777,9496,2.0
1648795815.6999123,9517,2.0
1648795815.960056,9532,2.0
1648795815.9810166,9533,2.0
1648795816.2632546,9548,2.0
1648795816.378033,9554,2.0
1648795816.989373,9586,2.0
1648795817.0652351,9590,2.0
1648795817.1018145,9592,2.0
1648795817.3311954,9604,2.0
1648795817.7446744,9630,2.0
1648795818.8141108,9698,2.0
1648795818.9244184,9705,2.0
1648795818.955681,9707,2.0
1648795819.4241538,9736,2.0
1648795819.4405026,9737,2.0
1648795819.8405476,9761,2.0
1648795820.5643713,9805,2.0
1648795820.722154,9815,2.0
1648795820.7555888,9817,2.0
1648795820.8992853,9826,2.0
1648795820.9976435,9832,2.0
1648795821.0126915,9833,2.0
1648795821.0590613,9836,2.0
1648795823.6647222,9906,2.0
1648795823.8993354,9921,2.0
1648795824.3449814,9947,2.0
1648795824.5507112,9960,2.0
1648795824.5691826,9961,2.0
1648795824.622028,9964,2.0
1648795825.230839,10000,2.0
1648795825.787474,10035,2.0
1648795825.9126446,10043,2.0
1648795825.97523,10047,2.0
1648795825.9917095,10048,2.0
1648795826.1337454,10057,2.0
1648795826.5459485,10083,2.0
1648795827.2694464,10129,2.0
1648795827.5878136,10149,2.0
1648795827.8891726,10168,2.0
1648795827.904833,10169,2.0
1648795828.0155144,10176,2.0
1648795828.1577775,10185,2.0
1648795828.5914283,10212,2.0
1648795829.2725341,10254,2.0
1648795829.3040333,10256,2.0
1648795829.3362658,10258,2.0
1648795829.559672,10272,2.0
1648795829.5749373,10273,2.0
1648795829.7947357,10286,2.0
1648795829.8103445,10287,2.0
1648795829.873367,10291,2.0
1648795829.8890154,10292,2.0
1648795830.0282278,10301,2.0
1648795830.0756764,10304,2.0
1648795830.2425914,10314,2.0
1648795832.060965,10335,2.0
1648795832.1156838,10338,2.0
1648795832.2886794,10348,2.0
1648795833.0065494,10389,2.0
1648795833.2851446,10406,2.0
1648795833.4872942,10419,2.0
1648795833.538944,10422,2.0
1648795833.6184676,10427,2.0
1648795833.8002884,10436,2.0
1648795833.9755416,10446,2.0
1648795834.0873947,10453,2.0
1648795834.636592,10488,2.0
1648795835.0720963,10516,2.0
1648795835.4559524,10539,2.0
1648795835.7377896,10557,2.0
1648795835.8345711,10563,2.0
1648795835.8504732,10564,2.0
1648795836.2635531,10590,2.0
1648795836.8802583,10629,2.0
1648795837.0085726,10637,2.0
1648795837.181493,10648,2.0
1648795837.2157636,10650,2.0
1648795837.2940958,10655,2.0
1648795837.4831047,10667,2.0
1648795837.7244496,10682,2.0
1648795838.1535685,10709,2.0
1648795838.1695094,10710,2.0
1648795838.2819216,10717,2.0
1648795838.4113922,10725,2.0
1648795838.6853468,10742,2.0
1648795838.7977061,10749,2.0
1648795838.8816135,10754,2.0
1648795838.9959488,10761,2.0
1648795839.121263,10769,2.0
1648795839.266551,10778,2.0
1648795840.9288802,10791,2.0
1648795841.379237,10819,2.0
1648795841.409002,10821,2.0
1648795841.657593,10837,2.0
1648795841.68792,10839,2.0
1648795841.7357275,10842,2.0
1648795842.0170512,10860,2.0
1648795842.086888,10864,2.0
1648795842.2938006,10876,2.0
1648795842.3553376,10880,2.0
1648795842.4205973,10884,2.0
1648795843.0373828,10923,2.0
1648795843.132795,10929,2.0
1648795843.3751314,10944,2.0
1648795844.6128232,11019,2.0
1648795844.7233768,11026,2.0
1648795844.8992238,11037,2.0
1648795845.1830065,11055,2.0
1648795846.084726,11112,2.0
1648795846.1043992,11113,2.0
1648795846.2185311,11119,2.0
1648795846.4870818,11133,2.0
1648795846.6708043,11143,2.0
1648795846.735695,11147,2.0
1648795846.973067,11162,2.0
1648795847.162302,11174,2.0
1648795847.1801884,11175,2.0
1648795847.2600558,11180,2.0
1648795847.4310892,11191,2.0
1648795847.4465454,11192,2.0
1648795847.6363554,11204,2.0
1648795848.0171063,11228,2.0
1648795848.0480711,11230,2.0
1648795848.1891994,11239,2.0
1648795848.2505744,11243,2.0
1648795850.0288568,11260,2.0
1648795850.5075896,11287,2.0
1648795850.543156,11289,2.0
1648795850.6866915,11298,2.0
1648795850.7984405,11305,2.0
1648795850.8294725,11307,2.0
1648795851.0342917,11320,2.0
1648795851.0827246,11323,2.0
1648795851.1438224,11327,2.0
1648795851.3493934,11340,2.0
1648795851.3974106,11343,2.0
1648795851.52193,11351,2.0
1648795851.8669605,11371,2.0
1648795852.1803799,11391,2.0
1648795852.2911384,11398,2.0
1648795852.3556383,11402,2.0
1648795852.5813506,11416,2.0
1648795852.9606485,11440,2.0
1648795853.1202648,11450,2.0
1648795853.22912,11457,2.0
1648795853.5432668,11477,2.0
1648795853.5737913,11479,2.0
1648795853.605628,11481,2.0
1648795853.6214294,11482,2.0
1648795853.6544394,11484,2.0
1648795853.8738973,11498,2.0
1648795853.9044163,11500,2.0
1648795854.2320933,11521,2.0
1648795854.3403857,11528,2.0
1648795854.4520674,11535,2.0
1648795854.6598551,11548,2.0
1648795855.6622884,11611,2.0
1648795855.7241976,11615,2.0
1648795855.7723017,11618,2.0
1648795855.880925,11625,2.0
1648795855.9733906,11631,2.0
1648795856.3455856,11655,2.0
1648795856.69264,11677,2.0
1648795859.060625,11734,2.0
1648795859.5607603,11765,2.0
1648795859.6725879,11772,2.0
1648795860.3555958,11811,2.0
1648795860.5585177,11824,2.0
1648795860.826883,11841,2.0
1648795861.2656586,11867,2.0
1648795861.3426168,11872,2.0
1648795861.3730166,11874,2.0
1648795861.953967,11911,2.0
1648795862.0949285,11920,2.0
1648795862.1888404,11926,2.0
1648795862.6920276,11958,2.0
1648795862.709738,11959,2.0
1648795863.3598495,12000,2.0
1648795863.8532002,12031,2.0
1648795863.8837476,12033,2.0
1648795864.1406314,12049,2.0
1648795864.2838647,12058,2.0
1648795864.673831,12083,2.0
1648795865.053482,12107,2.0
1648795865.161444,12114,2.0
1648795865.3442204,12126,2.0
1648795866.1477711,12177,2.0
1648795866.2250588,12182,2.0
1648795866.2575796,12184,2.0
1648795866.3522613,12190,2.0
1648795868.3194337,12222,2.0
1648795868.4289668,12229,2.0
1648795868.4442852,12230,2.0
1648795868.5504766,12236,2.0
1648795868.5661616,12237,2.0
1648795868.758612,12248,2.0
1648795868.914728,12258,2.0
1648795869.8825905,12315,2.0
1648795869.9463577,12319,2.0
1648795870.692955,12364,2.0
1648795871.4366994,12408,2.0
1648795871.814344,12431,2.0
1648795871.880154,12435,2.0
1648795871.9893436,12442,2.0
1648795872.0686824,12447,2.0
1648795872.0883915,12448,2.0
1648795872.1646295,12453,2.0
1648795872.5719185,12479,2.0
1648795872.6378713,12483,2.0
1648795872.763776,12491,2.0
1648795872.9854689,12505,2.0
1648795873.173395,12517,2.0
1648795873.5072446,12538,2.0
1648795873.5867505,12543,2.0
1648795873.8988125,12562,2.0
1648795873.99751,12568,2.0
1648795874.187891,12580,2.0
1648795874.4897113,12598,2.0
1648795875.0555358,12634,2.0
1648795877.1709528,12674,2.0
1648795877.3455105,12685,2.0
1648795877.392392,12688,2.0
1648795877.547869,12697,2.0
1648795877.7880306,12711,2.0
1648795877.8178926,12713,2.0
1648795878.022767,12726,2.0
1648795878.1185517,12732,2.0
1648795878.2287717,12739,2.0
1648795878.3085475,12744,2.0
1648795879.4538517,12816,2.0
1648795879.8636818,12842,2.0
1648795879.990694,12850,2.0
1648795880.0708685,12855,2.0
1648795880.1496875,12860,2.0
1648795880.3414652,12872,2.0
1648795880.428509,12877,2.0
1648795880.516621,12882,2.0
1648795880.7288878,12894,2.0
1648795880.8292582,12900,2.0
1648795881.1770678,12920,2.0
1648795881.6980655,12952,2.0
1648795881.9262986,12966,2.0
1648795882.3206522,12990,2.0
1648795882.5139866,13002,2.0
1648795882.8855686,13025,2.0
1648795883.2220197,13046,2.0
1648795883.3473625,13054,2.0
1648795884.028168,13097,2.0
1648795884.1766386,13106,2.0
1648795886.0803404,13137,2.0
1648795886.1905189,13144,2.0
1648795886.6996124,13176,2.0
1648795886.9633338,13191,2.0
1648795887.5411348,13226,2.0
1648795887.596141,13229,2.0
1648795887.6294231,13231,2.0
1648795887.7444787,13237,2.0
1648795888.179362,13264,2.0
1648795888.241006,13268,2.0
1648795888.2908583,13271,2.0
1648795888.3857167,13277,2.0
1648795888.734278,13299,2.0
1648795888.8296547,13305,2.0
1648795888.9250317,13311,2.0
1648795889.4211884,13343,2.0
1648795889.4515355,13345,2.0
1648795889.8840115,13371,2.0
1648795890.436817,13403,2.0
1648795890.617718,13414,2.0
1648795890.6504476,13416,2.0
1648795890.977341,13436,2.0
1648795891.1731205,13448,2.0
1648795891.384783,13461,2.0
1648795891.5836205,13473,2.0
1648795891.6505904,13477,2.0
1648795891.7136114,13481,2.0
1648795891.7293072,13482,2.0
1648795891.8289106,13488,2.0
1648795892.15578,13508,2.0
1648795892.270844,13515,2.0
1648795892.7597098,13545,2.0
1648795892.7937555,13547,2.0
1648795893.0024548,13560,2.0
1648795893.1582355,13569,2.0
1648795893.20472,13572,2.0
1648795893.6620066,13599,2.0
1648795895.245092,13608,2.0
1648795895.5636759,13628,2.0
1648795895.639914,13633,2.0
1648795896.0121956,13655,2.0
1648795896.4689293,13684,2.0
1648795896.715766,13700,2.0
1648795896.918541,13712,2.0
1648795897.0046144,13717,2.0
1648795897.1152742,13724,2.0
1648795897.4333992,13744,2.0
1648795897.7343519,13763,2.0
1648795897.7795002,13766,2.0
1648795897.9404845,13776,2.0
1648795898.4080985,13806,2.0
1648795898.5969512,13818,2.0
1648795898.8187675,13832,2.0
1648795898.913015,13838,2.0
1648795899.3996408,13869,2.0
1648795899.6378095,13884,2.0
1648795899.859309,13898,2.0
1648795899.8747451,13899,2.0
1648795900.0344632,13909,2.0
1648795900.1456625,13916,2.0
1648795900.2406032,13922,2.0
1648795900.3974702,13932,2.0
1648795900.560051,13942,2.0
1648795900.701036,13951,2.0
1648795900.9269197,13965,2.0
1648795901.0207274,13971,2.0
1648795901.5253644,14002,2.0
1648795901.5630019,14004,2.0
1648795901.641766,14008,2.0
1648795901.7557616,14014,2.0
1648795901.9327245,14025,2.0
1648795902.1060157,14036,2.0
