Wall time,Step,Value
1648795632.973709,4,2.3183090686798096
1648795633.6934547,48,2.2486276626586914
1648795633.8628612,59,2.191920757293701
1648795633.9101677,62,2.1817281246185303
1648795634.1751351,79,1.964127540588379
1648795634.2408726,83,1.8990004062652588
1648795634.8082492,119,1.1188874244689941
1648795634.932356,127,0.9210835099220276
1648795635.1678748,142,0.852378249168396
1648795635.5786932,168,0.5257365703582764
1648795635.751165,179,0.5429829359054565
1648795635.7858279,181,0.530017077922821
1648795636.0705912,199,0.5114222168922424
1648795636.9791613,257,0.24123387038707733
1648795636.9975824,258,0.20732784271240234
1648795637.5608208,294,0.3544172942638397
1648795637.8452277,312,0.3040941655635834
1648795637.9757469,320,0.24154894053936005
1648795638.2181876,335,0.16819168627262115
1648795638.2492838,337,0.2431303858757019
1648795638.554829,356,0.2293282300233841
1648795639.3032243,404,0.26414114236831665
1648795639.350828,407,0.1802484542131424
1648795639.6764975,428,0.17653566598892212
1648795639.721784,431,0.1818411946296692
1648795639.8149898,437,0.10011693090200424
1648795639.8627825,440,0.1558350771665573
1648795641.8256447,469,0.1265261024236679
1648795642.6924386,524,0.07991404086351395
1648795643.3885806,568,0.14475420117378235
1648795643.4508307,572,0.08714224398136139
1648795643.7517142,591,0.07449302077293396
1648795644.102414,613,0.12484241276979446
1648795644.2607117,623,0.08355249464511871
1648795644.471488,636,0.056914009153842926
1648795644.64357,647,0.11769862473011017
1648795644.693963,650,0.1443246454000473
1648795644.7076037,651,0.112428218126297
1648795644.8330715,659,0.10231589525938034
1648795644.91329,664,0.13343313336372375
1648795645.1304572,678,0.1276141256093979
1648795645.273034,687,0.017712673172354698
1648795645.5089252,702,0.06741143763065338
1648795645.6487644,711,0.17774361371994019
1648795645.7576244,718,0.11872491985559464
1648795645.8829067,726,0.08433663845062256
1648795645.9010756,727,0.21783703565597534
1648795645.9308875,729,0.16642536222934723
1648795646.0279047,735,0.17483024299144745
1648795646.817524,782,0.08577625453472137
1648795647.5814338,829,0.09435272961854935
1648795647.707198,837,0.10609535872936249
1648795647.9377787,850,0.07131024450063705
1648795648.313954,870,0.11894538253545761
1648795648.75423,896,0.10359947383403778
1648795649.1083546,917,0.08359271287918091
1648795649.2655647,927,0.051985181868076324
1648795651.315853,963,0.024647973477840424
1648795651.3802793,967,0.05805826932191849
1648795651.5746217,979,0.017625007778406143
1648795651.89342,999,0.08361580967903137
1648795651.959382,1003,0.048423100262880325
1648795652.2175643,1019,0.03820779174566269
1648795652.3291447,1026,0.15961408615112305
1648795652.489809,1036,0.05055641382932663
1648795652.652782,1046,0.14341826736927032
1648795652.6684766,1047,0.031663212925195694
1648795652.8786166,1059,0.10928310453891754
1648795653.061862,1070,0.2102019488811493
1648795653.595571,1103,0.09421437978744507
1648795653.6291845,1105,0.07627379149198532
1648795653.7290165,1111,0.24571923911571503
1648795653.8379374,1118,0.04419630020856857
1648795654.1364071,1137,0.08346899598836899
1648795654.1695337,1139,0.08313047140836716
1648795654.246738,1144,0.16490691900253296
1648795654.3928583,1153,0.08385653793811798
1648795655.1309402,1198,0.048354338854551315
1648795655.2569807,1206,0.05796503275632858
1648795655.2877178,1208,0.06966564059257507
1648795655.3669379,1213,0.08031055331230164
1648795656.2863362,1269,0.07721196860074997
1648795656.4910042,1282,0.16656261682510376
1648795656.8272464,1301,0.052636951208114624
1648795656.921953,1307,0.052462514489889145
1648795657.5646405,1348,0.07488715648651123
1648795657.965178,1374,0.06760524958372116
1648795658.347549,1398,0.062294524163007736
1648795660.0074027,1412,0.043421171605587006
1648795660.5757692,1447,0.014427974820137024
1648795661.2713091,1491,0.008936443366110325
1648795661.3074412,1493,0.03082972764968872
1648795661.3258474,1494,0.02715548686683178
1648795661.4148285,1499,0.04512891545891762
1648795661.5336587,1505,0.016624728217720985
1648795661.6907718,1514,0.01815112680196762
1648795661.939621,1530,0.07491671293973923
1648795661.969538,1532,0.030843859538435936
1648795662.0176501,1535,0.05765847861766815
1648795662.2583878,1550,0.07309282571077347
1648795662.4431396,1562,0.027743259444832802
1648795662.5053926,1566,0.01707027293741703
1648795662.5831234,1571,0.05467069894075394
1648795662.6910958,1578,0.05940668657422066
1648795662.799104,1585,0.05963905155658722
1648795662.874148,1590,0.04563915356993675
1648795663.4209547,1625,0.11455583572387695
1648795663.5617976,1634,0.14895954728126526
1648795663.6082685,1637,0.05583243444561958
1648795663.746799,1646,0.07158832252025604
1648795664.0736864,1667,0.07030676305294037
1648795664.105082,1669,0.04654993489384651
1648795664.1202366,1670,0.019809288904070854
1648795664.2744312,1680,0.02533622644841671
1648795664.6373901,1703,0.0071891010738909245
1648795665.251164,1742,0.043407462537288666
1648795665.266713,1743,0.02769380621612072
1648795665.772216,1775,0.07375265657901764
1648795665.9457314,1786,0.06107191741466522
1648795666.0399342,1792,0.05928633362054825
1648795666.212594,1803,0.07752015441656113
1648795666.2278113,1804,0.03706517815589905
1648795666.243265,1805,0.04005202278494835
1648795666.29243,1808,0.041675083339214325
1648795666.4180844,1816,0.059317465871572495
1648795666.5752196,1826,0.10786359012126923
1648795667.0439441,1855,0.0663725808262825
1648795667.367165,1875,0.04710153117775917
1648795668.8899596,1879,0.05852816626429558
1648795668.9933133,1885,0.03194282203912735
1648795669.0322313,1887,0.025839606299996376
1648795669.4111927,1911,0.04895026981830597
1648795669.651209,1926,0.08359121531248093
1648795670.2184682,1962,0.015566070564091206
1648795670.3457098,1970,0.07103143632411957
1648795670.7228456,1994,0.05607203394174576
1648795671.4874394,2041,0.062436774373054504
1648795671.581703,2047,0.27708789706230164
1648795671.7721846,2059,0.0944070965051651
1648795671.851628,2064,0.006214807741343975
1648795672.0611334,2077,0.020866869017481804
1648795672.1326413,2080,0.037473175674676895
1648795672.1538882,2081,0.07458808273077011
1648795672.2990937,2089,0.11095092445611954
1648795672.44217,2097,0.05650404468178749
1648795672.679113,2112,0.06947917491197586
1648795673.0933092,2137,0.024733740836381912
1648795673.1244802,2139,0.04670685529708862
1648795673.3093517,2151,0.05314485728740692
1648795673.3386495,2153,0.08793418854475021
1648795673.8179464,2184,0.025559408590197563
1648795674.4347453,2224,0.007291979622095823
1648795674.575692,2233,0.09001832455396652
1648795674.7498937,2244,0.1204528734087944
1648795674.8759825,2252,0.05268620699644089
1648795674.922579,2255,0.077778160572052
1648795675.0851705,2265,0.045861609280109406
1648795675.1823416,2271,0.020536167547106743
1648795675.5437343,2294,0.024486547335982323
1648795675.56201,2295,0.015257222577929497
1648795675.6522565,2301,0.043180033564567566
1648795675.6997921,2304,0.004988007713109255
1648795675.763821,2308,0.06293107569217682
1648795675.9220247,2318,0.02974965237081051
1648795676.061659,2327,0.028956374153494835
1648795676.2798507,2341,0.03732164576649666
1648795677.7829652,2345,0.0066009690053761005
1648795677.9868743,2358,0.008567347191274166
1648795678.2953563,2378,0.05417940393090248
1648795678.3748326,2383,0.05515176057815552
1648795678.6961398,2403,0.02153799682855606
1648795678.8504467,2412,0.017206568270921707
1648795678.955107,2418,0.028141073882579803
1648795679.0690508,2425,0.08566343039274216
1648795679.122592,2428,0.08669556677341461
1648795679.243874,2435,0.03232099115848541
1648795679.7469144,2467,0.048440027981996536
1648795679.8553286,2474,0.10436809062957764
1648795679.9055517,2477,0.013012981042265892
1648795680.3179984,2501,0.09302058815956116
1648795680.7589722,2528,0.10213665664196014
1648795681.0166354,2544,0.08393093198537827
1648795681.0802069,2548,0.027585262432694435
1648795681.2225204,2557,0.01594974659383297
1648795681.4934504,2573,0.037341874092817307
1648795681.6470964,2582,0.01407097838819027
1648795681.8233747,2593,0.025306805968284607
1648795681.8408551,2594,0.0722004845738411
1648795682.0519617,2607,0.033515870571136475
1648795682.1326149,2612,0.033108893781900406
1648795682.330143,2624,0.05367690697312355
1648795682.4914613,2634,0.037081848829984665
1648795682.7383811,2649,0.02582969143986702
1648795683.4000137,2689,0.03518202528357506
1648795683.5256608,2697,0.042779725044965744
1648795684.2948976,2746,0.04685309901833534
1648795684.4671268,2757,0.021848144009709358
1648795684.527794,2761,0.01342099905014038
1648795684.7156253,2773,0.7746511101722717
1648795685.1075904,2798,0.13928942382335663
1648795685.1528492,2801,0.03849571570754051
1648795687.2755806,2842,0.11862064898014069
1648795687.4878225,2854,0.047221388667821884
1648795687.8885581,2879,0.026307184249162674
1648795688.175008,2897,0.037504106760025024
1648795688.52184,2918,0.0360359251499176
1648795689.127585,2951,0.06198906898498535
1648795689.5840752,2980,0.048445843160152435
1648795689.8936923,2997,0.08390555530786514
1648795689.926652,2999,0.06132473051548004
1648795690.1340618,3012,1.3246002197265625
1648795690.2079213,3016,0.38075610995292664
1648795691.0297124,3063,0.03680623322725296
1648795691.0600734,3065,0.031227223575115204
1648795691.2669086,3078,0.07561596482992172
1648795691.5363379,3095,0.05636468902230263
1648795691.6211984,3100,0.03620126470923424
1648795691.6641095,3102,0.060528866946697235
1648795691.7594013,3107,0.05557055398821831
1648795691.7754066,3108,0.02655605599284172
1648795691.883605,3114,0.008354204706847668
1648795692.0473857,3124,0.005958542227745056
1648795692.0940275,3127,0.12345297634601593
1648795692.2813241,3139,0.013909737579524517
1648795692.7373464,3168,0.04624757170677185
1648795693.072187,3189,0.10215173661708832
1648795693.6558368,3221,0.020006336271762848
1648795694.0404015,3241,0.022848183289170265
1648795694.200958,3250,0.08841930329799652
1648795694.4019425,3261,0.007316673174500465
1648795696.3346157,3289,0.12876227498054504
1648795696.3807652,3292,0.301979124546051
1648795696.6034648,3306,0.12749089300632477
1648795696.6187234,3307,0.16433069109916687
1648795696.6839921,3311,0.20107980072498322
1648795696.8255572,3320,0.029977945610880852
1648795696.8408308,3321,0.05401354655623436
1648795697.3779695,3355,0.024058198556303978
1648795697.393754,3356,0.039509620517492294
1648795697.4110832,3357,0.005437071435153484
1648795697.448696,3359,0.024138163775205612
1648795697.4658995,3360,0.041865553706884384
1648795697.6483598,3371,0.020240791141986847
1648795697.6819072,3373,0.05614432692527771
1648795698.215086,3404,0.02483408898115158
1648795698.4026206,3415,0.007434019818902016
1648795698.5971372,3426,0.06264690309762955
1648795698.8208158,3440,0.04353875294327736
1648795699.1448722,3459,0.07739268243312836
1648795699.5745459,3485,0.011079307645559311
1648795699.8577058,3503,0.08027449995279312
1648795700.1390054,3521,0.037933800369501114
1648795700.71746,3557,0.05069864168763161
1648795700.9898062,3574,0.00556481396779418
1648795702.160135,3648,0.08883806318044662
1648795702.5100534,3670,0.011083940975368023
1648795702.6993456,3682,0.019513512030243874
1648795702.9659095,3699,0.048160213977098465
1648795703.4269722,3729,0.058594636619091034
1648795703.5800107,3739,0.04178974777460098
1648795705.3801768,3758,0.02344234101474285
1648795705.54185,3768,0.03367713838815689
1648795705.6077597,3772,0.09242278337478638
1648795706.0448658,3800,0.0530497208237648
1648795706.0748513,3802,0.025594530627131462
1648795706.1684468,3808,0.010374900884926319
1648795706.5080075,3830,0.00787055492401123
1648795706.6707046,3840,0.01688186079263687
1648795706.7250555,3843,0.010333523154258728
1648795707.014227,3860,0.09291783720254898
1648795707.2470522,3874,0.01888304203748703
1648795707.74974,3902,0.03067714162170887
1648795707.8920286,3911,0.13054552674293518
1648795707.9241629,3913,0.022611647844314575
1648795708.9397686,3974,0.026009730994701385
1648795709.1421638,3987,0.05103577300906181
1648795709.2830071,3996,0.08885921537876129
1648795709.8028986,4029,0.045173805207014084
1648795709.914059,4036,0.04261638969182968
1648795710.1819272,4053,0.0618191622197628
1648795710.5801253,4077,0.020871108397841454
1648795710.9070628,4097,0.022867275401949883
1648795710.9225967,4098,0.013236818835139275
1648795711.0841787,4108,0.009452029131352901
1648795711.0992665,4109,0.018928926438093185
1648795711.161875,4113,0.023866917937994003
1648795711.2238145,4117,0.07069111615419388
1648795711.368317,4126,0.011323114857077599
1648795711.3830864,4127,0.02259257063269615
1648795711.869317,4158,0.01799435168504715
1648795712.199306,4179,0.033549487590789795
1648795712.277492,4184,0.03313569724559784
1648795712.6605847,4209,0.024450551718473434
1648795714.6000924,4240,0.043813735246658325
1648795714.6141577,4241,0.021723737940192223
1648795714.7845554,4252,0.0899239107966423
1648795714.848098,4256,0.037068404257297516
1648795714.9116366,4260,0.01188218966126442
1648795715.0041578,4266,0.03158096969127655
1648795715.2725587,4282,0.016099903732538223
1648795715.714034,4306,0.01611223816871643
1648795715.7478786,4308,0.03985399007797241
1648795715.777996,4310,0.005274640396237373
1648795716.2436857,4338,0.6683685779571533
1648795716.3234823,4343,0.15019693970680237
1648795716.605186,4360,0.0456981435418129
1648795717.3986096,4409,0.06827439367771149
1648795717.5084014,4416,0.050706759095191956
1648795717.6841524,4427,0.03202909976243973
1648795718.5272098,4480,0.059118304401636124
1648795718.9359078,4506,0.016433579847216606
1648795719.059894,4514,0.009562228806316853
1648795720.0323553,4576,0.0023148856125772
1648795720.3540602,4595,0.028771160170435905
1648795720.5475755,4605,0.035057488828897476
1648795720.6800022,4612,0.040731996297836304
1648795720.6990142,4613,0.010801353491842747
1648795720.7764046,4617,0.018971102312207222
1648795720.7951367,4618,0.0033026658929884434
1648795720.8327928,4620,0.020837582647800446
1648795721.0983655,4634,0.011158399283885956
1648795721.3454502,4649,0.07487238198518753
1648795721.5997694,4665,0.039067693054676056
1648795721.6918194,4671,0.022990591824054718
1648795723.5321052,4694,0.019676141440868378
1648795723.6513097,4701,0.01912512071430683
1648795723.8788571,4714,0.02585875429213047
1648795724.353824,4744,0.007410175632685423
1648795725.1195154,4791,0.007686600089073181
1648795725.2137208,4796,0.012792066670954227
1648795725.427451,4809,0.012029333971440792
1648795725.4427722,4810,0.0328986793756485
1648795725.5252068,4815,0.02855759672820568
1648795726.3299396,4866,0.9835958480834961
1648795726.6643205,4887,0.2199169397354126
1648795726.824666,4897,0.2247704565525055
1648795727.3140721,4928,0.13912786543369293
1648795727.3643262,4931,0.054469034075737
1648795727.7399178,4955,0.014850262552499771
1648795727.9411862,4968,0.08574552088975906
1648795728.1343193,4980,0.03385808318853378
1648795728.3279986,4992,0.033093780279159546
1648795728.500615,5003,0.018125120550394058
1648795728.8131788,5023,0.03358166664838791
1648795728.9860241,5034,0.01038291398435831
1648795729.126413,5043,0.06847112625837326
1648795729.253407,5051,0.02391260489821434
1648795729.284271,5053,0.06522511690855026
1648795729.6783056,5078,0.05041498690843582
1648795730.418013,5125,0.04133668541908264
1648795730.433755,5126,0.05614827573299408
1648795730.496634,5130,0.014910898171365261
1648795730.7452402,5146,0.0967443659901619
1648795730.7785301,5148,0.14865893125534058
1648795732.619096,5169,0.15810276567935944
1648795732.683531,5173,0.05513371154665947
1648795732.8403065,5183,0.10045161098241806
1648795733.4346132,5219,0.06836586445569992
1648795733.9069853,5249,0.03436991199851036
1648795733.9224672,5250,0.004865935537964106
1648795734.1808357,5266,0.04674365743994713
1648795734.6475432,5290,0.04985361546278
1648795734.8193057,5300,0.026798347011208534
1648795734.9161687,5306,0.044195059686899185
1648795735.253789,5327,0.019318560138344765
1648795735.300548,5330,0.01476949080824852
1648795735.3314831,5332,0.006477465853095055
1648795735.4928422,5342,0.015843387693166733
1648795735.7764652,5360,0.014360958710312843
1648795736.0290635,5376,0.04772767052054405
1648795736.0447645,5377,0.020315948873758316
1648795736.0757916,5379,0.009371721185743809
1648795736.160031,5384,0.09791809320449829
1648795736.4152246,5400,0.02632577158510685
1648795736.4667027,5403,0.02919730544090271
1648795736.577195,5410,0.0394257977604866
1648795736.592125,5411,0.014407067559659481
1648795736.8404279,5426,0.020231688395142555
1648795736.8963313,5429,0.008085928857326508
1648795737.2237453,5446,0.008705276995897293
1648795737.603271,5466,0.015663815662264824
1648795737.733403,5474,0.021856136620044708
1648795738.0918512,5497,0.00977625884115696
1648795738.1229348,5499,0.016919713467359543
1648795738.1378958,5500,0.062076590955257416
1648795738.1701357,5502,0.033714890480041504
1648795738.3131726,5511,0.03937757387757301
1648795738.5348074,5525,0.08066266775131226
1648795738.5499244,5526,0.08244451135396957
1648795738.7877085,5541,0.03991527855396271
1648795739.0085871,5555,0.010020330548286438
1648795739.515084,5587,0.05812833085656166
1648795739.5945563,5592,0.014034207910299301
1648795739.6604114,5596,0.0683172196149826
1648795739.691712,5598,0.02957475744187832
1648795739.707344,5599,0.009915363974869251
1648795739.8195279,5606,0.07678087055683136
1648795741.8594975,5642,0.0021254292223602533
1648795742.3237581,5671,0.03438370302319527
1648795742.3587286,5673,0.03708463907241821
1648795742.5164382,5682,0.012914443388581276
1648795742.720068,5695,0.023823030292987823
1648795742.783547,5699,0.0427570715546608
1648795743.2206569,5727,0.013561519794166088
1648795743.2859247,5731,0.04388295114040375
1648795743.6203077,5752,0.0026722149923443794
1648795743.7010956,5757,0.011417211964726448
1648795743.7976358,5763,0.014503012411296368
1648795744.3226297,5792,0.021178757771849632
1648795744.6637254,5812,0.021550653502345085
1648795744.6791961,5813,0.0025059839244931936
1648795745.0429752,5836,0.021106859669089317
1648795745.1384573,5842,0.07349247485399246
1648795745.6771712,5876,0.022071223706007004
1648795745.819048,5885,0.01572958566248417
1648795746.1217356,5904,0.0013605772983282804
1648795746.1404605,5905,0.013087023980915546
1648795746.7617388,5944,0.09900391846895218
1648795746.8250408,5948,0.0644829124212265
1648795747.0104134,5960,0.0173756442964077
1648795747.1197593,5967,0.04572851583361626
1648795747.3138642,5979,0.5133163332939148
1648795747.3445063,5981,0.19511167705059052
1648795747.409633,5985,0.23426160216331482
1648795747.8676662,6014,0.04809892550110817
1648795747.8988478,6016,0.0040204692631959915
1648795747.9474854,6019,0.05130805820226669
1648795748.027255,6024,0.1121959313750267
1648795748.0411718,6025,0.031104806810617447
1648795748.260569,6039,0.04374218359589577
1648795748.417179,6049,0.02147393487393856
1648795748.4327557,6050,0.06423840671777725
1648795748.636312,6063,0.014427890069782734
1648795748.8270383,6075,0.02495914325118065
1648795748.9676704,6084,0.0022507011890411377
1648795749.0784483,6091,0.03336092829704285
1648795750.6691105,6099,0.02696561999619007
1648795750.745853,6103,0.012167273089289665
1648795750.9430187,6113,0.03963237255811691
1648795751.193945,6127,0.006254719104617834
1648795751.2301881,6129,0.009032647125422955
1648795751.6363637,6151,0.0050070579163730145
1648795751.7923207,6161,0.023321053013205528
1648795752.0130572,6175,0.07779581844806671
1648795752.059555,6178,0.07283908873796463
1648795752.8078377,6224,0.025033358484506607
1648795752.8230112,6225,0.0036026856396347284
1648795753.2155132,6250,0.2680310904979706
1648795753.5163589,6269,0.04613607004284859
1648795753.5754173,6273,0.002763393335044384
1648795753.698868,6281,0.0025589242577552795
1648795753.761993,6285,0.005524924024939537
1648795754.545597,6335,0.1001560389995575
1648795754.5920784,6338,0.12723711133003235
1648795755.0651686,6368,0.04546064883470535
1648795755.1920738,6376,0.011558675207197666
1648795755.4495783,6392,0.06919382512569427
1648795755.500234,6395,0.007404093164950609
1648795755.5635834,6399,0.11782627552747726
1648795756.0119271,6427,0.04396247863769531
1648795756.04312,6429,0.06396897882223129
1648795756.327397,6447,0.05614282563328743
1648795756.5607693,6461,0.047535065561532974
1648795756.6755009,6468,0.032294925302267075
1648795757.9333308,6545,0.052514467388391495
1648795757.981389,6548,0.0036389396991580725
1648795758.157696,6559,0.013922516256570816
1648795760.2521677,6601,0.024504566565155983
1648795760.8642745,6640,0.05467953160405159
1648795761.00111,6648,0.008813531138002872
1648795761.489013,6679,0.04810665175318718
1648795761.5990682,6686,0.0012715825578197837
1648795762.0696375,6716,0.0459672175347805
1648795762.75891,6760,0.0665215253829956
1648795762.8391337,6765,0.0069504533894360065
1648795763.0806704,6780,0.04737420380115509
1648795763.3018177,6794,0.002634237054735422
1648795763.5844219,6812,0.018496671691536903
1648795763.7420707,6822,0.0010971142910420895
1648795763.7580934,6823,0.02630530297756195
1648795763.8070056,6826,0.012420396320521832
1648795763.8378987,6828,0.002921539591625333
1648795763.9495287,6835,0.005537454504519701
1648795764.1531384,6848,0.0017319448525086045
1648795764.5544496,6873,0.06981509178876877
1648795764.8441086,6891,0.05614349991083145
1648795765.0725188,6905,0.06052485108375549
1648795765.2671256,6917,0.01297950278967619
1648795765.3799336,6924,0.08782725781202316
1648795765.441911,6928,0.010674528777599335
1648795765.585992,6937,0.021908603608608246
1648795765.8533642,6954,0.009990456514060497
1648795766.0118024,6964,0.021524911746382713
1648795766.1359925,6972,0.0052048456855118275
1648795766.5927134,7001,0.004504909738898277
1648795766.8276637,7016,0.0014379299245774746
1648795768.6706653,7041,0.04753480106592178
1648795769.2629669,7072,0.0065509905107319355
1648795769.4970572,7084,0.1010124459862709
1648795769.515669,7085,0.05822451040148735
1648795769.6311421,7092,0.003780064405873418
1648795769.7917714,7102,0.07922402769327164
1648795769.8236678,7104,0.0280853733420372
1648795770.3481534,7136,0.00884956307709217
1648795770.3639705,7137,0.012219156138598919
1648795770.6140342,7153,0.07503238320350647
1648795770.7090669,7159,0.01290831994265318
1648795770.8984172,7171,0.03077063336968422
1648795771.160686,7188,0.033237259835004807
1648795771.224274,7192,0.04849999025464058
1648795771.5098562,7210,0.003437596373260021
1648795771.8350384,7231,0.014786710031330585
1648795772.188507,7254,0.04874574393033981
1648795772.4369974,7270,0.04692859575152397
1648795772.5288675,7276,0.0371595062315464
1648795772.5436704,7277,0.004893327597528696
1648795772.5735524,7279,0.15567262470722198
1648795772.7252808,7289,0.04256958141922951
1648795772.8019247,7294,0.003990167751908302
1648795772.9587295,7304,0.1049516573548317
1648795773.34071,7328,0.02812817692756653
1648795773.4355252,7334,0.026360472664237022
1648795773.4659557,7336,0.01875959150493145
1648795773.6222165,7346,0.0040499246679246426
1648795773.7764041,7356,0.019037941470742226
1648795774.1361482,7379,0.012548759579658508
1648795774.1845357,7382,0.007331725209951401
1648795774.2316647,7385,0.002741774544119835
1648795774.595709,7408,0.01992715150117874
1648795774.8474648,7424,0.010827611200511456
1648795774.909514,7428,0.021247195079922676
1648795775.1245174,7442,0.0038426618557423353
1648795775.2478359,7450,0.013342592865228653
1648795775.5114644,7467,0.056240033358335495
1648795775.7743583,7484,0.05268401652574539
1648795775.9636178,7496,0.0147931519895792
1648795776.02845,7500,0.02568628452718258
1648795777.9173486,7530,0.017704378813505173
1648795778.183412,7547,0.020012371242046356
1648795778.7910597,7586,0.1296844631433487
1648795778.8392057,7589,0.023256054148077965
1648795778.8544095,7590,0.006625164300203323
1648795779.1645122,7610,0.008836042135953903
1648795779.8792107,7656,0.001854100963100791
1648795779.9730496,7662,0.005110799800604582
1648795779.9882786,7663,0.014698307029902935
1648795780.0212421,7665,0.051670629531145096
1648795780.1453292,7673,0.006448122672736645
1648795780.736296,7711,0.01068730466067791
1648795781.0637915,7732,0.0008594183018431067
1648795781.1258283,7736,0.006743708625435829
1648795781.1559298,7738,0.021619228646159172
1648795781.2965848,7747,0.017755117267370224
1648795781.3897114,7753,0.008062995038926601
1648795781.436479,7756,0.0503404401242733
1648795781.6977324,7773,0.08150693774223328
1648795782.2911441,7811,0.0017134796362370253
1648795782.39799,7818,0.024030350148677826
1648795782.552668,7828,0.011370597407221794
1648795782.9521406,7854,0.0064417170360684395
1648795782.96715,7855,0.021269580349326134
1648795783.7048013,7902,0.06408943980932236
1648795783.8761554,7913,0.007634435314685106
1648795784.323177,7941,0.028799258172512054
1648795784.4352565,7948,0.06545216590166092
1648795786.3026655,7975,0.010481872595846653
1648795786.4777439,7986,0.00660933181643486
1648795786.5227332,7989,0.030983028933405876
1648795786.7850344,8006,0.0055264998227357864
1648795787.1217725,8024,0.05169772356748581
1648795787.244067,8031,0.015493437647819519
1648795787.5531085,8050,0.0072370776906609535
1648795788.0897639,8083,0.016407202929258347
1648795788.2017841,8090,0.07033054530620575
1648795788.4406407,8105,0.0032034069299697876
1648795788.6596563,8119,0.026395317167043686
1648795789.3727944,8163,0.016193298622965813
1648795789.5159163,8172,0.017094658687710762
1648795789.548656,8174,0.006463048979640007
1648795789.865503,8194,0.018655424937605858
1648795789.942239,8199,0.0390205904841423
1648795790.1000621,8209,0.004114487208425999
1648795790.1152687,8210,0.11222529411315918
1648795790.898584,8260,0.00658301031216979
1648795791.3588367,8287,0.01280320156365633
1648795791.8751333,8318,0.007904424332082272
1648795791.889673,8319,0.03171093761920929
1648795792.306445,8344,0.011242811568081379
1648795792.4555256,8353,0.028818359598517418
1648795792.7504277,8371,0.011546109803020954
1648795792.9474533,8383,0.030870994552969933
1648795793.0419772,8389,0.05516788363456726
1648795793.1673608,8397,0.023127857595682144
1648795793.2139783,8400,0.012680523097515106
1648795793.617663,8426,0.045043643563985825
1648795793.8229373,8439,0.0011291785631328821
1648795793.84506,8441,0.021726028993725777
1648795795.5689797,8459,0.012386463582515717
1648795796.032038,8489,0.019446512684226036
1648795796.2719524,8504,0.02762073092162609
1648795796.8516457,8540,0.04271942377090454
1648795796.882343,8542,0.027289872989058495
1648795797.009531,8550,0.0006831713835708797
1648795797.0588355,8553,0.11927471309900284
1648795797.3351963,8570,0.0904955044388771
1648795798.3167858,8631,0.01504721213132143
1648795798.3482869,8633,0.022725896909832954
1648795798.5772986,8647,0.0315055176615715
1648795798.792621,8659,0.042981717735528946
1648795798.9432828,8667,0.0011783953523263335
1648795799.9836495,8726,0.014760333113372326
1648795800.0037394,8727,0.014079835265874863
1648795800.3241642,8743,0.0037205247208476067
1648795800.8297913,8774,0.012264852412045002
1648795800.8475564,8775,0.05869847163558006
1648795801.0326486,8786,0.002376862335950136
1648795801.1273248,8792,0.053929489105939865
1648795802.015774,8848,0.0015306924469769
1648795802.1541538,8857,0.03577791899442673
1648795802.2332108,8861,0.0011512422934174538
1648795802.4565895,8873,0.003757209051400423
1648795802.812191,8895,0.054618481546640396
1648795802.8606627,8898,0.03086615353822708
1648795803.039271,8909,0.002375150565057993
1648795804.5262523,8914,0.01506122574210167
1648795804.908961,8938,0.015895599499344826
1648795804.925171,8939,0.0038839303888380527
1648795805.0687332,8948,0.00224088947288692
1648795805.401292,8969,0.025383180007338524
1648795805.417299,8970,0.02244580164551735
1648795805.46684,8973,0.008472598157823086
1648795805.6399574,8983,0.03609231859445572
1648795805.824167,8993,0.0361604243516922
1648795805.8399937,8994,0.006025351583957672
1648795806.4213514,9031,0.005527560133486986
1648795806.4681096,9034,0.0018393619684502482
1648795806.5022817,9036,0.0539095476269722
1648795806.5787506,9041,0.009405301883816719
1648795806.6572976,9046,0.012328553013503551
1648795806.7211602,9050,0.0021381890401244164
1648795806.864072,9059,0.017230942845344543
1648795807.286015,9086,0.04680895060300827
1648795807.830854,9119,0.006372466217726469
1648795807.925396,9124,0.025815993547439575
1648795807.9654124,9126,0.0034707062877714634
1648795808.1552763,9137,0.021443774923682213
1648795808.8280425,9175,0.014067698270082474
1648795809.0521472,9189,0.017633428797125816
1648795809.4208066,9212,0.0018524352926760912
1648795809.482853,9216,0.014379162341356277
1648795809.80504,9236,0.004300316795706749
1648795809.8699718,9240,0.019515417516231537
1648795810.1245837,9256,0.004369142930954695
1648795810.281237,9266,0.02684122323989868
1648795810.4913142,9279,0.022487713024020195
1648795810.6033974,9286,0.0039039957337081432
1648795810.6971455,9292,0.0009498748695477843
1648795810.7284446,9294,0.0072221215814352036
1648795810.9013596,9305,0.004062116611748934
1648795811.0416827,9314,0.0015537940198555589
1648795811.0908327,9317,0.0015552660916000605
1648795811.1209466,9319,0.0026792907156050205
1648795813.6045153,9384,0.05919668823480606
1648795813.6682043,9388,0.009431583806872368
1648795813.68347,9389,0.006464473437517881
1648795813.699014,9390,0.014171543531119823
1648795813.8862848,9402,0.003953016363084316
1648795813.933083,9405,0.002475356450304389
1648795814.1899447,9421,0.0046376115642488
1648795814.250239,9425,0.021262669935822487
1648795814.5035017,9441,0.011953048408031464
1648795814.5368657,9443,0.009392484091222286
1648795814.7236023,9455,0.007148507051169872
1648795814.992276,9472,0.003920978866517544
1648795815.0233994,9474,0.0010263656731694937
1648795815.0876248,9478,0.008835802786052227
1648795815.2130256,9486,0.0036601186729967594
1648795815.310797,9492,0.007995106279850006
1648795815.3701148,9496,0.002685870509594679
1648795815.699821,9517,0.03541997820138931
1648795815.9599497,9532,0.022587021812796593
1648795815.9809294,9533,0.0250663161277771
1648795816.2631452,9548,0.12839721143245697
1648795816.3779547,9554,0.04405661299824715
1648795816.9892962,9586,0.004246521275490522
1648795817.065112,9590,0.0030622794292867184
1648795817.1017308,9592,0.03390730917453766
1648795817.3311148,9604,0.002686181338503957
1648795817.7446077,9630,0.0017736507579684258
1648795818.8140485,9698,0.006178854499012232
1648795818.924358,9705,0.0014242683537304401
1648795818.9556217,9707,0.02466955967247486
1648795819.4240892,9736,0.0025722188875079155
1648795819.4403708,9737,0.006928662769496441
1648795819.8404667,9761,0.0061667244881391525
1648795820.5643046,9805,0.003975921310484409
1648795820.7220929,9815,0.00267379661090672
1648795820.7555256,9817,0.0027671654243022203
1648795820.8992271,9826,0.0003426548792049289
1648795820.9975698,9832,0.002331323456019163
1648795821.0126126,9833,0.010683818720281124
1648795821.059002,9836,0.04326504468917847
1648795823.6646626,9906,0.007065942510962486
1648795823.8992772,9921,0.005819575861096382
1648795824.3448982,9947,0.005400399677455425
1648795824.550637,9960,0.0015229873824864626
1648795824.569098,9961,0.0006948967929929495
1648795824.6219664,9964,0.0020724544301629066
1648795825.2307765,10000,0.002972796093672514
1648795825.7874057,10035,0.003545829327777028
1648795825.9125834,10043,0.0042129638604819775
1648795825.9751594,10047,0.014409618452191353
1648795825.9916394,10048,0.0010719927959144115
1648795826.1336823,10057,0.009389074519276619
1648795826.5458565,10083,0.002130010863766074
1648795827.2693691,10129,0.030207237228751183
1648795827.5877202,10149,0.001506837666966021
1648795827.8891132,10168,0.031159594655036926
1648795827.9047446,10169,0.03331485763192177
1648795828.0154243,10176,0.010227388702332973
1648795828.1576865,10185,0.00523335300385952
1648795828.5913339,10212,0.02613723650574684
1648795829.2724464,10254,0.03250500187277794
1648795829.3039467,10256,0.05866720527410507
1648795829.3361862,10258,0.0007801435422152281
1648795829.5595915,10272,0.028805695474147797
1648795829.5748756,10273,0.014524346217513084
1648795829.7946537,10286,0.03211028501391411
1648795829.8102489,10287,0.004702915903180838
1648795829.8732393,10291,0.006072134245187044
1648795829.888886,10292,0.0026364014483988285
1648795830.0281484,10301,0.008225231431424618
1648795830.075582,10304,0.004920131992548704
1648795830.2425082,10314,0.0056450143456459045
1648795832.060896,10335,0.0003882648015860468
1648795832.1156127,10338,0.0016225967556238174
1648795832.2885873,10348,0.004657707177102566
1648795833.0064719,10389,0.0021245041862130165
1648795833.2850688,10406,0.0013652091147378087
1648795833.4871998,10419,0.0004297369159758091
1648795833.538838,10422,0.004046345129609108
1648795833.618385,10427,0.0005408601136878133
1648795833.8002062,10436,0.00033691030694171786
1648795833.9754684,10446,0.007777724415063858
1648795834.08733,10453,0.0016122099477797747
1648795834.636498,10488,0.001612951629795134
1648795835.0719993,10516,0.004715318325906992
1648795835.4558609,10539,0.0011743706418201327
1648795835.7377307,10557,0.006019845139235258
1648795835.8345106,10563,0.003197388257831335
1648795835.8504143,10564,0.002443737583234906
1648795836.2634916,10590,0.005469046998769045
1648795836.8801801,10629,0.011628731153905392
1648795837.0085113,10637,0.026943163946270943
1648795837.1814144,10648,0.004667777568101883
1648795837.215683,10650,0.01623457483947277
1648795837.294017,10655,0.0021054446697235107
1648795837.4830253,10667,0.002718572970479727
1648795837.7243571,10682,0.00024500771542079747
1648795838.1534889,10709,0.0007916871691122651
1648795838.16943,10710,0.0011687515070661902
1648795838.2818449,10717,0.003953387960791588
1648795838.411332,10725,0.0008210623054765165
1648795838.6852539,10742,0.01046685315668583
1648795838.7976077,10749,0.0037905320059508085
1648795838.8815095,10754,0.0028793588280677795
1648795838.9958627,10761,0.0004922206862829626
1648795839.121188,10769,0.014926720410585403
1648795839.2664874,10778,0.0004191369516775012
1648795840.928811,10791,0.0003806980967056006
1648795841.3791428,10819,0.02162242867052555
1648795841.4089427,10821,0.0008081174455583096
1648795841.6575143,10837,0.025896765291690826
1648795841.6878428,10839,0.004089963156729937
1648795841.7356513,10842,0.021902134642004967
1648795842.016946,10860,0.027446184307336807
1648795842.0868003,10864,0.0020308259408921003
1648795842.293718,10876,0.010077251121401787
1648795842.35525,10880,0.006395832169800997
1648795842.4205196,10884,0.003614866640418768
1648795843.037272,10923,0.002149423584342003
1648795843.1327364,10929,0.001119474065490067
1648795843.3750713,10944,0.015511867590248585
1648795844.6127472,11019,0.0018969415687024593
1648795844.7232847,11026,0.001968716736882925
1648795844.8991277,11037,0.0016569484723731875
1648795845.1829123,11055,0.00012992278789170086
1648795846.0846395,11112,0.009580842219293118
1648795846.1043181,11113,0.0011015641503036022
1648795846.2183766,11119,0.0010155391646549106
1648795846.487002,11133,0.003637115005403757
1648795846.670727,11143,0.0014119751285761595
1648795846.735618,11147,0.001637347275391221
1648795846.9729784,11162,0.00022688176250085235
1648795847.162225,11174,0.0015114233829081059
1648795847.1800973,11175,0.005167956463992596
1648795847.2599592,11180,0.009001587517559528
1648795847.431011,11191,0.007425129413604736
1648795847.446468,11192,0.008015763014554977
1648795847.6362789,11204,0.01714046485722065
1648795848.0170207,11228,0.006854857783764601
1648795848.0479944,11230,0.0009546292712911963
1648795848.1891377,11239,0.005169010255485773
1648795848.25051,11243,0.0012997409794479609
1648795850.028796,11260,0.0036959254648536444
1648795850.5074914,11287,0.0005761050269939005
1648795850.5430934,11289,0.0015458379639312625
1648795850.6866326,11298,0.0019122551893815398
1648795850.7983837,11305,0.0011355755850672722
1648795850.8294132,11307,0.0012149846879765391
1648795851.034231,11320,0.000391495821531862
1648795851.0826647,11323,0.0003417662519495934
1648795851.1437654,11327,0.0001531119633000344
1648795851.3493352,11340,0.002438177354633808
1648795851.3973494,11343,0.0004084062820766121
1648795851.5218337,11351,0.0006767437444068491
1648795851.8668363,11371,0.0029158240649849176
1648795852.1802857,11391,0.0002051362389465794
1648795852.291047,11398,0.006983076222240925
1648795852.3555655,11402,0.006466098595410585
1648795852.5812914,11416,0.001494418946094811
1648795852.9605675,11440,0.0002256959560327232
1648795853.1201859,11450,0.0006408985354937613
1648795853.2290413,11457,0.0007110879523679614
1648795853.5431356,11477,0.004327165894210339
1648795853.573733,11479,0.007872538641095161
1648795853.6055224,11481,0.004257349297404289
1648795853.6213706,11482,0.0007956800400279462
1648795853.6543627,11484,0.0008112998330034316
1648795853.8738036,11498,0.001494243391789496
1648795853.90434,11500,0.02302299253642559
1648795854.2320154,11521,0.0006574626313522458
1648795854.340308,11528,0.014127652160823345
1648795854.4520063,11535,0.00014364885282702744
1648795854.659796,11548,0.0005137218977324665
1648795855.6622057,11611,0.002261870075017214
1648795855.7241213,11615,0.008578475564718246
1648795855.7722347,11618,0.0006373622454702854
1648795855.8808625,11625,0.01959371380507946
1648795855.9732895,11631,0.0006763292476534843
1648795856.3454947,11655,2.796712396957446e-05
1648795856.6925623,11677,0.0016007026424631476
1648795859.0605655,11734,0.0025987690314650536
1648795859.5606658,11765,0.00023676884302403778
1648795859.6725063,11772,0.0033581354655325413
1648795860.3555367,11811,0.0005189262446947396
1648795860.5584404,11824,0.00114646484144032
1648795860.8267992,11841,0.00017407495761290193
1648795861.2655609,11867,0.002942111110314727
1648795861.3425386,11872,0.0013847649097442627
1648795861.3729584,11874,0.008457501418888569
1648795861.9538736,11911,0.10044975578784943
1648795862.0948377,11920,0.005183355417102575
1648795862.1887813,11926,0.0009840374113991857
1648795862.691964,11958,0.00019296887330710888
1648795862.7096682,11959,0.0024124118499457836
1648795863.3597589,12000,0.001390339806675911
1648795863.853122,12031,0.004850191529840231
1648795863.88367,12033,0.0004976118798367679
1648795864.1405663,12049,0.0011235784040763974
1648795864.2838004,12058,0.0005541115533560514
1648795864.6737685,12083,0.0002991817018482834
1648795865.053419,12107,0.00019856028666254133
1648795865.1613538,12114,0.0012398140970617533
1648795865.3441422,12126,0.0032582867424935102
1648795866.147691,12177,0.00038810604019090533
1648795866.2249815,12182,0.0007048242259770632
1648795866.2574873,12184,0.001171910553239286
1648795866.3521636,12190,0.00043701595859602094
1648795868.3193748,12222,0.0011975968955084682
1648795868.4288719,12229,0.0033964405301958323
1648795868.4441915,12230,0.0005167659837752581
1648795868.550376,12236,8.755952876526862e-05
1648795868.5660632,12237,6.725945422658697e-05
1648795868.7584972,12248,0.0010505696991458535
1648795868.9146376,12258,0.0007682080031372607
1648795869.8825126,12315,0.0005197378341108561
1648795869.946247,12319,0.0004605877329595387
1648795870.6928353,12364,0.0011833022581413388
1648795871.4366393,12408,0.0003450291114859283
1648795871.8142672,12431,0.0034885380882769823
1648795871.880094,12435,0.0002630066010169685
1648795871.9892683,12442,0.04384809359908104
1648795872.0686235,12447,0.002528304001316428
1648795872.088312,12448,0.0005258279270492494
1648795872.1645522,12453,0.0002758823102340102
1648795872.571856,12479,0.00035072225728072226
1648795872.637773,12483,0.0012714016484096646
1648795872.763669,12491,0.0006567052914761007
1648795872.9853718,12505,0.002989827888086438
1648795873.1732874,12517,0.0012718563666567206
1648795873.507183,12538,0.00016360112931579351
1648795873.5866902,12543,0.0006476858397945762
1648795873.8987517,12562,0.0013129384024068713
1648795873.997449,12568,0.0005298818578012288
1648795874.1878297,12580,0.00016339706780854613
1648795874.4896328,12598,0.0006496472633443773
1648795875.0554755,12634,0.0015385785372927785
1648795877.170877,12674,0.005257222335785627
1648795877.3454506,12685,0.0001931501174112782
1648795877.3923104,12688,0.0005822927923873067
1648795877.5478032,12697,0.0006667652633041143
1648795877.7879615,12711,0.0006193528533913195
1648795877.8178313,12713,9.894450340652838e-05
1648795878.022674,12726,0.0011412142775952816
1648795878.1184573,12732,0.0006518095615319908
1648795878.2286906,12739,0.0004590597527567297
1648795878.308457,12744,0.0012988272355869412
1648795879.4537551,12816,0.0005685097421519458
1648795879.863603,12842,6.775944348191842e-05
1648795879.9906178,12850,0.00018492862000130117
1648795880.07081,12855,0.0001768257498042658
1648795880.1495938,12860,0.0002418399672023952
1648795880.3413668,12872,0.0005139575223438442
1648795880.4284234,12877,0.0011400097282603383
1648795880.516519,12882,0.0006105653010308743
1648795880.728804,12894,0.00034268596209585667
1648795880.8291652,12900,0.001136058010160923
1648795881.1769922,12920,0.0003060917661059648
1648795881.6979692,12952,0.0013882704079151154
1648795881.926201,12966,0.0006924503250047565
1648795882.320562,12990,0.0007614126079715788
1648795882.513913,13002,0.00015721024828962982
1648795882.8854783,13025,0.00015418315888382494
1648795883.2219603,13046,0.00014206237392500043
1648795883.347286,13054,0.0009663230157457292
1648795884.02811,13097,0.00039218098390847445
1648795884.176558,13106,0.0008366344845853746
1648795886.0802603,13137,0.0006174913141876459
1648795886.1904414,13144,0.0006132858106866479
1648795886.6995218,13176,0.0003578489413484931
1648795886.9632661,13191,0.00030387466540560126
1648795887.541072,13226,0.0001632995408726856
1648795887.5960772,13229,0.0001056422115652822
1648795887.629346,13231,8.823173266137019e-05
1648795887.744396,13237,0.0002064793516183272
1648795888.179296,13264,0.0004661361454054713
1648795888.2409368,13268,0.0002986289910040796
1648795888.290795,13271,0.00023269685334526002
1648795888.3856475,13277,0.0003412665973883122
1648795888.734182,13299,0.00035070418380200863
1648795888.829554,13305,0.000665815663523972
1648795888.9249506,13311,9.154497092822567e-05
1648795889.4211094,13343,0.00022343058662954718
1648795889.4514685,13345,0.00042426461004652083
1648795889.8839383,13371,0.0003007258346769959
1648795890.4367578,13403,0.00013278034748509526
1648795890.6176581,13414,0.0001328787620877847
1648795890.650387,13416,0.0006211310974322259
1648795890.977281,13436,0.00016811190289445221
1648795891.1730611,13448,0.0002233079867437482
1648795891.3847246,13461,0.00020073352789040655
1648795891.5835602,13473,0.00019170044106431305
1648795891.6505284,13477,0.0003350019105710089
1648795891.7135527,13481,0.00010092181037180126
1648795891.7291918,13482,4.1151317418552935e-05
1648795891.8288481,13488,5.50423028471414e-05
1648795892.1557207,13508,0.0003488025686237961
1648795892.270784,13515,0.00019689014879986644
1648795892.759652,13545,0.00015081636956892908
1648795892.7936943,13547,0.0004863058857154101
1648795893.0023947,13560,0.00019412560504861176
1648795893.1581435,13569,0.0017761924536898732
1648795893.2046258,13572,0.0003777113452088088
1648795893.6619432,13599,0.0003270758897997439
1648795895.2449622,13608,0.0006222901283763349
1648795895.5636144,13628,4.850035111303441e-05
1648795895.6398535,13633,5.0476210162742063e-05
1648795896.0120778,13655,0.000657182012218982
1648795896.468849,13684,9.271039016311988e-05
1648795896.7156873,13700,0.0002299920015502721
1648795896.9184208,13712,0.00012938122381456196
1648795897.0045104,13717,0.0005046766600571573
1648795897.1151962,13724,0.00011666426144074649
1648795897.43331,13744,0.00023615939426235855
1648795897.7342734,13763,8.955841622082517e-05
1648795897.77941,13766,0.0008202900644391775
1648795897.9404058,13776,6.225228571565822e-05
1648795898.4080207,13806,0.00012298644287511706
1648795898.5968714,13818,0.0003570979170035571
1648795898.818703,13832,0.0002073545620078221
1648795898.9129503,13838,0.00019793146930169314
1648795899.3995466,13869,0.00038863587542437017
1648795899.637716,13884,0.0009018566343002021
1648795899.8592317,13898,6.899776781210676e-05
1648795899.8746672,13899,0.00022925372468307614
1648795900.0343819,13909,0.00038297343417070806
1648795900.1455843,13916,0.00023882770619820803
1648795900.240524,13922,0.00020737115119118243
1648795900.3973913,13932,0.0002116934338118881
1648795900.559968,13942,0.0010072417790070176
1648795900.7009726,13951,0.0004985504201613367
1648795900.9268413,13965,0.0002501686103641987
1648795901.020635,13971,0.0002943913859780878
1648795901.525285,14002,0.00015211690333671868
1648795901.5628881,14004,0.00013961084187030792
1648795901.6416852,14008,0.00043111646664328873
1648795901.7556489,14014,0.00015597950550727546
1648795901.9326525,14025,5.871615212527104e-05
1648795902.1223834,14037,0.00027492258232086897
